   5529.2169088113069        6.15160763E-02  -8.69968517E-06
   5531.6741159494686        6.20164610E-02   8.69060568E-06
   5534.1313230876303        5.95283955E-02   8.43366252E-06
   5536.5885302257930        4.63138185E-02   6.65496100E-06
   5539.0457373639547        5.16031608E-02   7.22386130E-06
   5541.5029445021164        4.80135083E-02   6.98443955E-06
   5543.9601516402781        6.35104701E-02   8.85856753E-06
   5546.4173587784398        7.25658163E-02   1.01383794E-05
   5548.8745659166016        5.39265946E-02   7.87507815E-06
   5551.3317730547642        5.61264418E-02   8.24665403E-06
   5553.7889801929259        9.55538228E-02   1.30408980E-05
   5556.2461873310876        8.11055005E-02   1.17147574E-05
   5558.7033944692494        5.90949096E-02   8.67404924E-06
   5561.1606016074111        8.80787820E-02   1.24190283E-05
   5563.6178087455728       0.112249762       1.56883398E-05
   5566.0750158837354       0.114212982       1.62134675E-05
   5568.5322230218972       0.104631886       1.49250100E-05
   5570.9894301600589       0.123223349       1.70094172E-05
   5573.4466372982206        7.81657547E-02   1.16227975E-05
   5575.9038444363823        7.14776441E-02   1.06370226E-05
   5578.3610515745440       0.132699609       1.83377215E-05
   5580.8182587127058       0.143743098       2.03697709E-05
   5583.2754658508684       0.133217797       1.89853636E-05
   5585.7326729890301       0.148378417       2.08522506E-05
   5588.1898801271918       0.151143610       2.14639840E-05
   5590.6470872653535       0.156998634       2.20620404E-05
   5593.1042944035153       0.154328808       2.19031954E-05
   5595.5615015416770       0.146600872       2.07776247E-05
   5598.0187086798396       0.156286165       2.20071070E-05
   5600.4759158180013       0.148337200       2.09892842E-05
   5602.9331229561631       0.143457100       2.02509509E-05
   5605.3903300943248       0.126207605       1.81974738E-05
   5607.8475372324865       0.151020139       2.11586121E-05
   5610.3047443706482       0.166914105       2.35643165E-05
   5612.7619515088109       0.161778390       2.29275811E-05
   5615.2191586469726       0.165007427       2.31696904E-05
   5617.6763657851343       0.149121657       2.12693212E-05
   5620.1335729232960       0.141656205       2.00599115E-05
   5622.5907800614577       0.153794289       2.15268283E-05
   5625.0479871996195       0.129839316       1.86226953E-05
   5627.5051943377821       0.126667187       1.79116832E-05
   5629.9624014759438       0.139212295       1.96168148E-05
   5632.4196086141055       0.138028666       1.95130979E-05
   5634.8768157522672       0.134497821       1.91204435E-05
   5637.3340228904290       0.140637740       1.98504513E-05
   5639.7912300285907       0.150442138       2.12027462E-05
   5642.2484371667524       0.143533036       2.03902728E-05
   5644.7056443049150       0.148224369       2.09191367E-05
   5647.1628514430768       0.149666578       2.12684008E-05
   5649.6200585812385       0.162028253       2.28106001E-05
   5652.0772657194002       0.166851744       2.35977604E-05
   5654.5344728575619       0.164255694       2.34376130E-05
   5656.9916799957236       0.186206818       2.60952602E-05
   5659.4488871338863       0.193280056       2.72683865E-05
   5661.9060942720480       0.168040514       2.38412140E-05
   5664.3633014102097       0.157486945       2.24312716E-05
   5666.8205085483714       0.159930140       2.25781587E-05
   5669.2777156865332       0.177602962       2.48831493E-05
   5671.7349228246949       0.142225832       2.05218130E-05
   5674.1921299628575       0.154372513       2.18836212E-05
   5676.6493371010192       0.183583528       2.54523620E-05
   5679.1065442391809       0.158034846       2.31272643E-05
   5681.5637513773427       0.177292019       2.44110161E-05
   5684.0209585155044       0.195325345       3.02698354E-05
   5686.4781656536661       0.176414862       5.22814626E-05
   5688.9353727918278       0.178088278       9.05179841E-05
   5691.3925799299905       0.250257105       3.96904543E-05
   5693.8497870681522       0.177983001       2.44659186E-05
   5696.3069942063139       0.226044402       3.22037085E-05
   5698.7642013444756       0.212368637       2.98929481E-05
   5701.2214084826373       0.220371708       3.14038480E-05
   5703.6786156207991       0.232355848       3.25827641E-05
   5706.1358227589617       0.239301845       3.38567588E-05
   5708.5930298971234       0.209731296       3.00111569E-05
   5711.0502370352851       0.239730209       3.34188626E-05
   5713.5074441734469       0.213454857       3.04194054E-05
   5715.9646513116086       0.191851765       2.71797053E-05
   5718.4218584497703       0.186447099       2.65001217E-05
   5720.8790655879329       0.201318204       2.82947622E-05
   5723.3362727260946       0.197292879       2.80592740E-05
   5725.7934798642564       0.204562038       2.88322681E-05
   5728.2506870024181       0.209071562       2.97346287E-05
   5730.7078941405798       0.224855900       3.15572506E-05
   5733.1651012787415       0.226737916       3.20768886E-05
   5735.6223084169033       0.204051197       2.89574764E-05
   5738.0795155550659       0.206655174       2.91178039E-05
   5740.5367226932276       0.188503757       2.70698310E-05
   5742.9939298313893       0.218599632       3.07136870E-05
   5745.4511369695510       0.241219699       3.39696453E-05
   5747.9083441077128       0.231830716       3.29386712E-05
   5750.3655512458745       0.233216345       3.28867900E-05
   5752.8227583840371       0.237262666       3.37663660E-05
   5755.2799655221988       0.250348628       3.51248200E-05
   5757.7371726603606       0.258164465       3.63961626E-05
   5760.1943797985223       0.204365551       2.93616740E-05
   5762.6515869366840       0.219551221       3.06027396E-05
   5765.1087940748457       0.187905386       2.70157689E-05
   5767.5660012130083       0.188341409       2.65737144E-05
   5770.0232083511701       0.206064597       2.91236447E-05
   5772.4804154893318       0.213087007       3.01606397E-05
   5774.9376226274935       0.223023251       3.12662814E-05
   5777.3948297656552       0.203475967       2.92129425E-05
   5779.8520369038170       0.210726380       2.96618182E-05
   5782.3092440419787       0.241426960       3.41519117E-05
   5784.7664511801413       0.233488873       3.30946605E-05
   5787.2236583183030       0.263733327       3.70533380E-05
   5789.6808654564647       0.230470166       3.31774063E-05
   5792.1380725946265       0.276990473       3.85837957E-05
   5794.5952797327882       0.259600163       3.70949456E-05
   5797.0524868709508       0.267375350       3.77190881E-05
   5799.5096940091125       0.278724551       3.93533592E-05
   5801.9669011472743       0.283827186       4.01369034E-05
   5804.4241082854360       0.272257864       3.86267384E-05
   5806.8813154235977       0.291255265       4.08022024E-05
   5809.3385225617594       0.250082105       3.57212448E-05
   5811.7957296999211       0.239331439       3.36067824E-05
   5814.2529368380838       0.213985726       3.06147667E-05
   5816.7101439762455       0.214139163       3.03212419E-05
   5819.1673511144072       0.241665453       3.39658691E-05
   5821.6245582525689       0.237476394       3.36493758E-05
   5824.0817653907307       0.231403083       3.27531452E-05
   5826.5389725288924       0.233986378       3.31706469E-05
   5828.9961796670550       0.245458961       3.44665787E-05
   5831.4533868052167       0.234660566       3.34336692E-05
   5833.9105939433784       0.230909258       3.26352929E-05
   5836.3678010815402       0.251973063       3.54074837E-05
   5838.8250082197019       0.223953888       3.18953862E-05
   5841.2822153578636       0.223671883       3.15591096E-05
   5843.7394224960262       0.217756838       3.06453294E-05
   5846.1966296341880       0.198375374       2.81225930E-05
   5848.6538367723497       0.157463655       2.27299352E-05
   5851.1110439105114       0.186061695       2.58537420E-05
   5853.5682510486731       0.171554551       2.45942701E-05
   5856.0254581868348       0.172380075       2.41412490E-05
   5858.4826653249966       0.169993505       2.41664457E-05
   5860.9398724631592       0.157422543       2.23022471E-05
   5863.3970796013209       0.168209702       2.38107987E-05
   5865.8542867394826       0.170085073       2.41437374E-05
   5868.3114938776444       0.194558978       2.70919045E-05
   5870.7687010158061       0.155305833       2.25278436E-05
   5873.2259081539678       0.162254855       2.27757901E-05
   5875.6831152921304       0.184846446       2.58446034E-05
   5878.1403224302921       0.140754089       2.02685278E-05
   5880.5975295684539       0.125493720       1.78342270E-05
   5883.0547367066156       0.141361803       1.96836190E-05
   5885.5119438447773       0.118237346       1.69504856E-05
   5887.9691509829390        9.78561938E-02   1.38579890E-05
   5890.4263581211017       0.101202011       1.42345671E-05
   5892.8835652592634        8.11967924E-02   1.16337242E-05
   5895.3407723974251        8.29869658E-02   1.19309316E-05
   5897.7979795355868       0.104712985       1.49655580E-05
   5900.2551866737485       0.149703205       2.07670382E-05
   5902.7123938119103       0.134915441       1.92759126E-05
   5905.1696009500720       0.128829241       1.81719624E-05
   5907.6268080882346       0.125690430       1.79953386E-05
   5910.0840152263963       0.145143330       2.03842810E-05
   5912.5412223645581       0.158599854       2.23128063E-05
   5914.9984295027198       0.145530194       2.07335797E-05
   5917.4556366408815       0.145994142       2.05805682E-05
   5919.9128437790432       0.149779022       2.12314353E-05
   5922.3700509172058       0.149210081       2.12396335E-05
   5924.8272580553676       0.172466978       2.41271227E-05
   5927.2844651935293       0.165573373       2.35460266E-05
   5929.7416723316910       0.159487948       2.25490385E-05
   5932.1988794698527       0.163890168       2.31611393E-05
   5934.6560866080144       0.161436602       2.28303452E-05
   5937.1132937461771       0.161386013       2.29344005E-05
   5939.5705008843388       0.170320570       2.41920134E-05
   5942.0277080225005       0.199521437       2.78735170E-05
   5944.4849151606622       0.186985195       2.66202933E-05
   5946.9421222988240       0.174289063       2.47609678E-05
   5949.3993294369857       0.190323949       2.67125688E-05
   5951.8565365751474       0.182154596       2.58834643E-05
   5954.3137437133100       0.177103713       2.50824814E-05
   5956.7709508514718       0.186848611       2.62697358E-05
   5959.2281579896335       0.175525337       2.50136654E-05
   5961.6853651277952       0.178381860       2.51334004E-05
   5964.1425722659569       0.185205892       2.61813129E-05
   5966.5997794041186       0.176337317       2.51296315E-05
   5969.0569865422813       0.196767762       2.74824379E-05
   5971.5141936804430       0.180876598       2.58346990E-05
   5973.9714008186047       0.172389686       2.45068713E-05
   5976.4286079567664       0.199098080       2.78381540E-05
   5978.8858150949281       0.184674978       2.63228612E-05
   5981.3430222330899       0.177290961       2.51195761E-05
   5983.8002293712525       0.191608459       2.69674238E-05
   5986.2574365094142       0.186050117       2.64520368E-05
   5988.7146436475759       0.192589805       2.71145200E-05
   5991.1718507857377       0.193859458       2.74206141E-05
   5993.6290579238994       0.184079036       2.61398291E-05
   5996.0862650620611       0.192023784       2.70097335E-05
   5998.5434722002228       0.185503989       2.64131322E-05
   6001.0006793383855       0.190712273       2.68951208E-05
   6003.4578864765472       0.201524302       2.85154547E-05
   6005.9150936147089       0.201423272       2.84702328E-05
   6008.3723007528706       0.209277257       2.95301506E-05
   6010.8295078910323       0.198550031       2.81540706E-05
   6013.2867150291941       0.202059984       2.85236765E-05
   6015.7439221673567       0.194802284       2.76862356E-05
   6018.2011293055184       0.208393633       2.92198092E-05
   6020.6583364436801       0.191717491       2.75027414E-05
   6023.1155435818418       0.208407342       2.93143876E-05
   6025.5727507200036       0.230733648       3.24517714E-05
   6028.0299578581653       0.210427687       2.98936247E-05
   6030.4871649963279       0.204006359       2.87214698E-05
   6032.9443721344896       0.185787410       2.66208099E-05
   6035.4015792726514       0.198830187       2.81208922E-05
   6037.8587864108131       0.233301491       3.28340575E-05
   6040.3159935489748       0.235630348       3.34531978E-05
   6042.7732006871365       0.251671076       3.54814838E-05
   6045.2304078252982       0.257716507       3.65129017E-05
   6047.6876149634609       0.267088652       3.75638592E-05
   6050.1448221016226       0.255241126       3.62967003E-05
   6052.6020292397843       0.251938075       3.56634264E-05
   6055.0592363779460       0.270746976       3.80129786E-05
   6057.5164435161078       0.248443380       3.54524382E-05
   6059.9736506542704       0.250545859       3.54371623E-05
   6062.4308577924321       0.273839295       3.86311731E-05
   6064.8880649305938       0.277711034       3.91485519E-05
   6067.3452720687555       0.266993880       3.78643199E-05
   6069.8024792069173       0.254325867       3.63049512E-05
   6072.2596863450790       0.292847931       4.09832719E-05
   6074.7168934832407       0.291750252       4.13872731E-05
   6077.1741006214033       0.276271909       3.92859911E-05
   6079.6313077595651       0.301523685       4.23080673E-05
   6082.0885148977268       0.292677194       4.15988652E-05
   6084.5457220358885       0.286547303       4.05286810E-05
   6087.0029291740502       0.301732749       4.25232283E-05
   6089.4601363122119       0.287671208       4.08071282E-05
   6091.9173434503737       0.288486063       4.05807732E-05
   6094.3745505885363       0.264907956       3.78000623E-05
   6096.8317577266980       0.268340200       3.77932374E-05
   6099.2889648648597       0.278147757       3.93821319E-05
   6101.7461720030215       0.272273958       3.84373416E-05
   6104.2033791411832       0.274845719       3.88755325E-05
   6106.6605862793458       0.257483274       3.67482971E-05
   6109.1177934175075       0.292973399       4.09338463E-05
   6111.5750005556692       0.274235308       3.89532688E-05
   6114.0322076938310       0.248509914       3.52840543E-05
   6116.4894148319927       0.250204414       3.53632458E-05
   6118.9466219701544       0.258183867       3.63560393E-05
   6121.4038291083161       0.239930481       3.41308914E-05
   6123.8610362464788       0.240051210       3.39990947E-05
   6126.3182433846405       0.256412029       3.60358099E-05
   6128.7754505228022       0.248485476       3.52211355E-05
   6131.2326576609639       0.231158376       3.26955123E-05
   6133.6898647991256       0.228535667       3.23466702E-05
   6136.1470719372874       0.217527077       3.07798364E-05
   6138.6042790754491       0.221622750       3.13365890E-05
   6141.0614862136117       0.212354571       3.00248448E-05
   6143.5186933517734       0.216096550       3.06184083E-05
   6145.9759004899352       0.208901808       2.96781564E-05
   6148.4331076280969       0.237495825       3.32152740E-05
   6150.8903147662586       0.204515934       2.93469529E-05
   6153.3475219044212       0.215238363       3.00951342E-05
   6155.8047290425829       0.201329291       2.88186038E-05
   6158.2619361807447       0.208990201       2.91869510E-05
   6160.7191433189064       0.198714256       2.83285081E-05
   6163.1763504570681       0.179236934       2.52759128E-05
   6165.6335575952298       0.181999579       2.57427873E-05
   6168.0907647333916       0.155670911       2.23468251E-05
   6170.5479718715542       0.185221612       2.58802756E-05
   6173.0051790097159       0.175762564       2.50956164E-05
   6175.4623861478776       0.188710734       2.64079044E-05
   6177.9195932860393       0.172730908       2.48073666E-05
   6180.3768004242011       0.189604282       2.63726106E-05
   6182.8340075623637       0.177071199       2.53492290E-05
   6185.2912147005254       0.163701013       2.31968479E-05
   6187.7484218386871       0.187551826       2.62908961E-05
   6190.2056289768489       0.163058311       2.34080217E-05
   6192.6628361150106       0.179469734       2.50977955E-05
   6195.1200432531723       0.174190417       2.49103250E-05
   6197.5772503913340       0.186100841       2.60648812E-05
   6200.0344575294966       0.187628493       2.66425104E-05
   6202.4916646676584       0.177912593       2.52142363E-05
   6204.9488718058201       0.191446796       2.68249569E-05
   6207.4060789439818       0.165296420       2.36986907E-05
   6209.8632860821435       0.167584002       2.35596472E-05
   6212.3204932203053       0.172583133       2.46858726E-05
   6214.7777003584670       0.194386303       2.69571647E-05
   6217.2349074966296       0.180823013       2.58334640E-05
   6219.6921146347913       0.170481116       1.93993365E-05
   6222.1493217729530       0.175976545       2.45320389E-05
   6224.6065289111148       0.171762273       2.47133703E-05
   6227.0637360492765       0.210231140       2.90475200E-05
   6229.5209431874382       0.176122874       2.55761097E-05
   6231.9781503256008       0.180395290       2.52198115E-05
   6234.4353574637626       0.200837806       2.83979425E-05
   6236.8925646019243       0.174047679       2.48565411E-05
   6239.3497717400860       0.197638854       2.76126211E-05
   6241.8069788782477       0.171607122       2.45612646E-05
   6244.2641860164094       0.173138767       2.45071133E-05
   6246.7213931545721       0.185197666       2.61827809E-05
   6249.1786002927338       0.204085216       2.85999668E-05
   6251.6358074308955       0.175384879       2.52842674E-05
   6254.0930145690572       0.197182417       2.76311966E-05
   6256.5502217072190       0.212009594       2.99114890E-05
   6259.0074288453807       0.197880730       2.81689081E-05
   6261.4646359835424       0.204796463       2.89783002E-05
   6263.9218431217050       0.224601969       3.15885009E-05
   6266.3790502598667       0.218923211       3.10749929E-05
   6268.8362573980285       0.218679696       3.10517098E-05
   6271.2934645361902       0.240153179       3.37241181E-05
   6273.7506716743519       0.239491567       3.38798200E-05
   6276.2078788125136       0.220237449       3.14157260E-05
   6278.6650859506763       0.239772171       3.36222656E-05
   6281.1222930888380       0.236525267       3.37907295E-05
   6283.5795002269997       0.252088457       3.53982032E-05
   6286.0367073651614       0.268932283       3.79872472E-05
   6288.4939145033231       0.242587715       3.46059533E-05
   6290.9511216414849       0.268239200       3.77834658E-05
   6293.4083287796475       0.274485230       3.88521330E-05
   6295.8655359178092       0.288809448       4.08097621E-05
   6298.3227430559709       0.285751998       4.07983971E-05
   6300.7799501941327       0.337052822       4.70068517E-05
   6303.2371573322944       0.315455914       4.51009146E-05
   6305.6943644704561       0.316239297       4.44462421E-05
   6308.1515716086178       0.322600633       4.58156537E-05
   6310.6087787467804       0.317342132       4.48824903E-05
   6313.0659858849422       0.343507111       4.83885779E-05
   6315.5231930231039       0.321091712       4.58066606E-05
   6317.9804001612656       0.354037344       4.95729328E-05
   6320.4376072994273       0.334287256       4.77512986E-05
   6322.8948144375890       0.347674698       4.89848680E-05
   6325.3520215757508       0.369430602       5.20805334E-05
   6327.8092287139134       0.350245893       5.01076429E-05
   6330.2664358520751       0.391511708       5.48929020E-05
   6332.7236429902368       0.415329367       5.86353417E-05
   6335.1808501283986       0.371550173       5.30393409E-05
   6337.6380572665603       0.404621869       5.68991127E-05
   6340.0952644047229       0.408120006       5.78740473E-05
   6342.5524715428846       0.420221716       5.94298181E-05
   6345.0096786810464       0.434973955       6.13358425E-05
   6347.4668858192081       0.437313944       6.18305494E-05
   6349.9240929573698       0.412024617       5.85288981E-05
   6352.3813000955315       0.434198141       6.10370407E-05
   6354.8385072336932       0.410481513       5.82792782E-05
   6357.2957143718559       0.401944935       5.67930474E-05
   6359.7529215100176       0.395813704       5.60613371E-05
   6362.2101286481793       0.400848091       5.65299233E-05
   6364.6673357863410       0.385993153       5.50110890E-05
   6367.1245429245027       0.414106429       5.81541099E-05
   6369.5817500626654       0.420824528       5.96777063E-05
   6372.0389572008271       0.409039497       5.77994069E-05
   6374.4961643389888       0.421776593       5.94610756E-05
   6376.9533714771505       0.383545160       5.48099706E-05
   6379.4105786153123       0.419278562       5.87309150E-05
   6381.8677857534740       0.409213513       5.80470441E-05
   6384.3249928916357       0.384804189       5.45797702E-05
   6386.7822000297983       0.395472527       5.59634791E-05
   6389.2394071679601       0.414806843       5.86918904E-05
   6391.6966143061218       0.437410951       6.16894904E-05
   6394.1538214442835       0.442608446       6.27758272E-05
   6396.6110285824452       0.454844236       6.40713697E-05
   6399.0682357206069       0.458112001       6.48690984E-05
   6401.5254428587687       0.438557893       6.22720836E-05
   6403.9826499969313       0.473004520       6.63456012E-05
   6406.4398571350930       0.434855342       6.21612780E-05
   6408.8970642732547       0.451520890       6.35149991E-05
   6411.3542714114164       0.471076518       6.65105836E-05
   6413.8114785495782       0.440031379       6.24293534E-05
   6416.2686856877408       0.441313118       6.23630622E-05
   6418.7258928259025       0.439171731       6.20785140E-05
   6421.1830999640642       0.436807573       6.18403355E-05
   6423.6403071022260       0.432513386       6.12824078E-05
   6426.0975142403877       0.455258459       6.42037558E-05
   6428.5547213785494       0.451729357       6.38949859E-05
   6431.0119285167111       0.448431402       6.34570824E-05
   6433.4691356548738       0.441483349       6.25533430E-05
   6435.9263427930355       0.461487085       6.50087604E-05
   6438.3835499311972       0.445035666       6.32542724E-05
   6440.8407570693589       0.459379584       6.48274945E-05
   6443.2979642075206       0.472437859       6.67344575E-05
   6445.7551713456824       0.467327505       6.61041413E-05
   6448.2123784838450       0.458592474       6.49588619E-05
   6450.6695856220067       0.466408610       6.59087309E-05
   6453.1267927601684       0.470894188       6.64775798E-05
   6455.5839998983301       0.460465968       6.52561430E-05
   6458.0412070364919       0.455561101       6.44233078E-05
   6460.4984141746536       0.465691388       6.59100624E-05
   6462.9556213128162       0.470620453       6.66436754E-05
   6465.4128284509779       0.499224424       7.03464902E-05
   6467.8700355891397       0.489999086       6.95640265E-05
   6470.3272427273014       0.506175816       7.11998291E-05
   6472.7844498654631       0.490222991       6.95909839E-05
   6475.2416570036248       0.477759093       6.74927069E-05
   6477.6988641417865       0.483555585       6.85331979E-05
   6480.1560712799492       0.486555487       6.88489235E-05
   6482.6132784181109       0.518673837       7.31781402E-05
   6485.0704855562726       0.511667192       7.24987549E-05
   6487.5276926944343       0.529068649       7.47035810E-05
   6489.9848998325961       0.523962140       7.42328848E-05
   6492.4421069707587       0.543181300       7.67942984E-05
   6494.8993141089204       0.549503744       7.81868075E-05
   6497.3565212470821       0.621859491       8.71433513E-05
   6499.8137283852438       0.610000253       8.67974813E-05
   6502.2709355234056       0.613950968       8.69076757E-05
   6504.7281426615673       0.669660985       9.43904306E-05
   6507.1853497997290       0.672681332       9.54357165E-05
   6509.6425569378916       0.702579081       9.92271453E-05
   6512.0997640760534       0.732149422       1.03478946E-04
   6514.5569712142151       0.741912007       1.05267376E-04
   6517.0141783523768       0.789280295       1.11235706E-04
   6519.4713854905385       0.814265788       1.15383446E-04
   6521.9285926287002       0.826937795       1.16903851E-04
   6524.3857997668620       0.871699750       1.23220932E-04
   6526.8430069050246       0.874427199       1.24323939E-04
   6529.3002140431863       0.975337684       1.37242474E-04
   6531.7574211813480        1.00393605       1.41974262E-04
   6534.2146283195098        1.00202394       1.42107587E-04
   6536.6718354576715        1.04023945       1.46748585E-04
   6539.1290425958341        1.07616603       1.52176843E-04
   6541.5862497339958        1.05131209       1.49591680E-04
   6544.0434568721575       0.956367433       1.63152945E-04
   6546.5006640103193        1.06378841       1.51131011E-04
   6548.9578711484810       0.894752502       1.27716397E-04
   6551.4150782866427       0.926974893       1.30757588E-04
   6553.8722854248044       0.967171311       1.37063922E-04
   6556.3294925629671        1.00526714       1.43299156E-04
   6558.7866997011288        1.18761301       1.66406797E-04
   6561.2439068392905        1.23823202       1.74209592E-04
   6563.7011139774522        1.04454398       1.48504943E-04
   6566.1583211156139       0.908789873       1.28514614E-04
   6568.6155282537766       0.789679945       1.12336471E-04
   6571.0727353919374       0.737269938       1.04663894E-04
   6573.5299425301000       0.769833803       1.08207896E-04
   6575.9871496682617       0.742956996       1.05356470E-04
   6578.4443568064235       0.692891538       9.82687416E-05
   6580.9015639445852       0.719360352       1.01631646E-04
   6583.3587710827469       0.718304813       1.02020924E-04
   6585.8159782209095       0.783803403       1.10309942E-04
   6588.2731853590703       0.788061857       1.11434259E-04
   6590.7303924972330       0.773285985       1.09303110E-04
   6593.1875996353947       0.740426838       1.04810293E-04
   6595.6448067735564       0.730089545       1.03403116E-04
   6598.1020139117181       0.725964129       1.02493512E-04
   6600.5592210498799       0.732358575       1.03473707E-04
   6603.0164281880425       0.683225811       9.73961141E-05
   6605.4736353262042       0.748106122       1.05111183E-04
   6607.9308424643659       0.749668598       1.06244719E-04
   6610.3880496025276       0.747580767       1.05652689E-04
   6612.8452567406894       0.747658372       1.05843195E-04
   6615.3024638788520       0.760862589       1.07376101E-04
   6617.7596710170128       0.747749209       1.05687519E-04
   6620.2168781551754       0.719076455       1.01734331E-04
   6622.6740852933372       0.686188340       9.70961191E-05
   6625.1312924314989       0.669293404       9.48183151E-05
   6627.5884995696606       0.663848221       9.42261540E-05
   6630.0457067078223       0.717430890       1.00745412E-04
   6632.5029138459849       0.694885731       9.85188744E-05
   6634.9601209841458       0.655967295       9.28941226E-05
   6637.4173281223084       0.659222305       9.33378906E-05
   6639.8745352604701       0.668703139       9.46195796E-05
   6642.3317423986318       0.700186849       9.87123058E-05
   6644.7889495367936       0.686045170       9.69277971E-05
   6647.2461566749553       0.651756346       9.21293176E-05
   6649.7033638131179       0.595924437       8.48127092E-05
   6652.1605709512796       0.608346820       8.54656319E-05
   6654.6177780894413       0.582377374       8.27734184E-05
   6657.0749852276031       0.557769060       7.90322665E-05
   6659.5321923657648       0.595278919       8.41966248E-05
   6661.9893995039274       0.614886343       8.69240903E-05
   6664.4466066420882       0.653003693       9.20555176E-05
   6666.9038137802509       0.626152158       8.90933225E-05
   6669.3610209184126       0.669914484       9.43396590E-05
   6671.8182280565743       0.678277552       9.62062040E-05
   6674.2754351947360       0.706493258       9.91978814E-05
   6676.7326423328977       0.661435008       9.39860620E-05
   6679.1898494710604       0.619662762       8.77467246E-05
   6681.6470566092212       0.633180439       8.91439049E-05
   6684.1042637473838       0.585106313       8.33592494E-05
   6686.5614708855455       0.592387319       8.34363818E-05
   6689.0186780237073       0.601939201       8.50969445E-05
   6691.4758851618690       0.567038298       8.06976823E-05
   6693.9330923000307       0.607341707       8.57675113E-05
   6696.3902994381933       0.646874309       9.13326949E-05
   6698.8475065763550       0.664687216       9.38943631E-05
   6701.3047137145168       0.654349029       9.27315632E-05
   6703.7619208526785       0.669905126       9.48793604E-05
   6706.2191279908402       0.704380989       9.90223416E-05
   6708.6763351290019       0.687044978       9.73842107E-05
   6711.1335422671636       0.635876715       9.01285093E-05
   6713.5907494053263       0.655348003       9.23116677E-05
   6716.0479565434880       0.602817953       8.56530314E-05
   6718.5051636816497       0.606222749       8.55099424E-05
   6720.9623708198114       0.580457628       8.25086026E-05
   6723.4195779579732       0.611171901       8.60155706E-05
   6725.8767850961358       0.597388625       8.48016280E-05
   6728.3339922342975       0.609570503       8.60102446E-05
   6730.7911993724592       0.608875930       8.62922316E-05
   6733.2484065106210       0.624074817       8.81801607E-05
   6735.7056136487827       0.634907305       9.00401428E-05
   6738.1628207869444       0.673434079       9.49078021E-05
   6740.6200279251061       0.684581995       9.67860979E-05
   6743.0772350632687       0.669823110       9.46972068E-05
   6745.5344422014305       0.656570792       9.30163733E-05
   6747.9916493395922       0.655176699       9.25065833E-05
   6750.4488564777539       0.654262841       9.25191998E-05
   6752.9060636159156       0.629267395       8.91960372E-05
   6755.3632707540773       0.643500566       9.10031813E-05
   6757.8204778922391       0.653498352       9.26413413E-05
   6760.2776850304017       0.699839652       9.89254622E-05
   6762.7348921685634       0.738304377       1.03762613E-04
   6765.1920993067251       0.709956229       1.01148406E-04
   6767.6493064448869       0.704980731       9.98567266E-05
   6770.1065135830486       0.799664915       1.12370122E-04
   6772.5637207212112       0.749949992       1.06858693E-04
   6775.0209278593729       0.802449703       1.12692731E-04
   6777.4781349975347       0.771090090       1.09268738E-04
   6779.9353421356964       0.743722558       1.04837549E-04
   6782.3925492738581       0.664737523       9.46077053E-05
   6784.8497564120198       0.653284669       9.22338804E-05
   6787.3069635501815       0.642648816       9.12977484E-05
   6789.7641706883442       0.679401934       9.57212833E-05
   6792.2213778265059       0.689166009       9.74005306E-05
   6794.6785849646676       0.671404362       9.54390707E-05
   6797.1357921028293       0.705130279       9.92081186E-05
   6799.5929992409910       0.719161391       1.01893282E-04
   6802.0502063791528       0.693068326       9.87369567E-05
   6804.5074135173145       0.793059468       1.11113339E-04
   6806.9646206554771       0.772125781       1.09866378E-04
   6809.4218277936388       0.784191251       1.10330009E-04
   6811.8790349318006       0.774994910       1.09717985E-04
   6814.3362420699623       0.726604342       1.03339888E-04
   6816.7934492081240       0.770727813       1.08487642E-04
   6819.2506563462866       0.777813077       1.10174566E-04
   6821.7078634844484       0.768395662       1.08714034E-04
   6824.1650706226101       0.789536178       1.11624504E-04
   6826.6222777607718       0.794224083       1.12062822E-04
   6829.0794848989335       0.780668676       1.10847061E-04
   6831.5366920370961       0.785036743       1.10986257E-04
   6833.9938991752570       0.838694513       1.18177166E-04
   6836.4511063134196       0.796224475       1.13182447E-04
   6838.9083134515813       0.831654429       1.17457341E-04
   6841.3655205897430       0.854504347       1.20765748E-04
   6843.8227277279047       0.880957246       1.24162936E-04
   6846.2799348660665       0.822351098       1.16850533E-04
   6848.7371420042291       0.832861841       1.17356045E-04
   6851.1943491423908       0.803851843       1.14003808E-04
   6853.6515562805525       0.800408959       1.12942282E-04
   6856.1087634187143       0.776758671       1.10418885E-04
   6858.5659705568760       0.808773518       1.14017232E-04
   6861.0231776950377       0.832615554       1.17515490E-04
   6863.4803848331994       0.796355247       1.12558198E-04
   6865.9375919713621       0.747186184       1.06380852E-04
   6868.3947991095238       0.768527448       1.08722626E-04
   6870.8520062476855       0.847017407       1.19270022E-04
   6873.3092133858472       0.832180440       1.18392010E-04
   6875.7664205240089       0.891131282       1.25442675E-04
   6878.2236276621707       0.913423419       1.29117238E-04
   6880.6808348003324       0.888174176       1.25833933E-04
   6883.1380419384950       0.894709051       1.26449057E-04
   6885.5952490766567       0.905334711       1.27633175E-04
   6888.0524562148184       0.856639743       1.21811281E-04
   6890.5096633529802       0.861951232       1.21994119E-04
   6892.9668704911419       0.927533805       1.30448141E-04
   6895.4240776293036       0.888557315       1.26245344E-04
   6897.8812847674662       0.885776401       1.25020713E-04
   6900.3384919056280       0.896727502       1.26824831E-04
   6902.7956990437897       0.874666870       1.24299258E-04
   6905.2529061819514       0.938531995       1.32330897E-04
   6907.7101133201131       0.977875948       1.38274641E-04
   6910.1673204582748       0.987702310       1.39342985E-04
   6912.6245275964375       0.965625048       1.36727525E-04
   6915.0817347345992       0.932300210       1.32184636E-04
   6917.5389418727609       0.963110566       1.35969647E-04
   6919.9961490109226       0.971066833       1.37697280E-04
   6922.4533561490844        1.01241195       1.42941004E-04
   6924.9105632872470        1.04644156       1.48236053E-04
   6927.3677704254078        1.08609235       1.53338027E-04
   6929.8249775635704        1.12237084       1.58410810E-04
   6932.2821847017321        1.08590305       1.54207926E-04
   6934.7393918398939        1.12253606       1.58802330E-04
   6937.1965989780556        1.19242144       1.68796119E-04
   6939.6538061162173        1.27425802       1.80763993E-04
   6942.1110132543799        1.41706371       1.99625487E-04
   6944.5682203925408        1.49956799       2.11634775E-04
   6947.0254275307034        1.45641875       2.06347497E-04
   6949.4826346688651        1.46905398       2.06998637E-04
   6951.9398418070268        1.39029849       1.97528876E-04
   6954.3970489451885        1.38196814       1.95158922E-04
   6956.8542560833503        1.40328300       1.98464593E-04
   6959.3114632215129        1.38445091       1.96369278E-04
   6961.7686703596746        1.45439970       2.04804717E-04
   6964.2258774978363        1.44110644       2.04451673E-04
   6966.6830846359981        1.44471347       2.04210810E-04
   6969.1402917741598        1.49942601       2.11890889E-04
   6971.5974989123215        1.49255037       2.11352482E-04
   6974.0547060504832        1.54075646       2.17363340E-04
   6976.5119131886458        1.51370704       2.14750049E-04
   6978.9691203268076        1.55455685       2.19048452E-04
   6981.4263274649693        1.53466058       2.17798384E-04
   6983.8835346031310        1.54738009       2.18350702E-04
   6986.3407417412927        1.57578170       2.23064577E-04
   6988.7979488794554        1.55718684       2.20358750E-04
   6991.2551560176171        1.61645520       2.28493634E-04
   6993.7123631557788        1.61584079       2.28394420E-04
   6996.1695702939405        1.65060055       2.33047089E-04
   6998.6267774321022        1.56760311       2.22562710E-04
   7001.0839845702640        1.62751138       2.30037083E-04
   7003.5411917084257        1.66082227       2.35216736E-04
   7005.9983988465883        1.77678812       2.50119541E-04
   7008.4556059847500        1.70766866       2.43193630E-04
   7010.9128131229118        1.82040858       2.56029831E-04
   7013.3700202610735        1.83699000       2.60573026E-04
   7015.8272273992352        1.85716987       2.62170070E-04
   7018.2844345373978        1.89223778       2.67795403E-04
   7020.7416416755586        1.88796639       2.67720083E-04
   7023.1988488137213        2.00726247       2.84258917E-04
   7025.6560559518830        2.17372513       3.06340720E-04
   7028.1132630900447        2.25300980       3.18987557E-04
   7030.5704702282064        2.26138997       3.20426479E-04
   7033.0276773663682        2.43018913       3.42608924E-04
   7035.4848845045308        2.42571139       3.44168424E-04
   7037.9420916426916        2.54729748       3.59466678E-04
   7040.3992987808542        2.59914517       3.67850153E-04
   7042.8565059190159        2.66478229       3.75846634E-04
   7045.3137130571777        2.60358191       3.68206616E-04
   7047.7709201953394        2.50771761       3.53070238E-04
   7050.2281273335011        2.19619036       3.11417592E-04
   7052.6853344716637        1.83906865       2.60363478E-04
   7055.1425416098255        1.54062426       2.18389250E-04
   7057.5997487479872        1.22599411       1.74470901E-04
   7060.0569558861489        1.04995131       1.49033964E-04
   7062.5141630243106       0.964734316       1.37211056E-04
   7064.9713701624732        1.00682783       1.41925251E-04
   7067.4285773006350        1.02350187       1.45160448E-04
   7069.8857844387967        1.05828893       1.49497922E-04
   7072.3429915769584        1.10608292       1.56205177E-04
   7074.8001987151201        1.10178208       1.56268783E-04
   7077.2574058532819        1.14888084       1.62173834E-04
   7079.7146129914436        1.18334234       1.67042686E-04
   7082.1718201296062        1.15733075       1.63378325E-04
   7084.6290272677679        1.08536327       1.53381130E-04
   7087.0862344059296       0.970274448       1.37832481E-04
   7089.5434415440914       0.920285881       1.30093729E-04
   7092.0006486822531       0.902728379       1.27663749E-04
   7094.4578558204148       0.865604579       1.22688594E-04
   7096.9150629585765       0.872588336       1.23436708E-04
   7099.3722700967392       0.888419211       1.26021318E-04
   7101.8294772349009       0.953289986       1.34441449E-04
   7104.2866843730626       0.989243388       1.40041579E-04
   7106.7438915112243        1.01323903       1.43424448E-04
   7109.2010986493860        1.06959593       1.50928172E-04
   7111.6583057875478        1.08315718       1.53424131E-04
   7114.1155129257095        1.10737264       1.56538968E-04
   7116.5727200638721        1.14276946       1.61212054E-04
   7119.0299272020338        1.11954284       1.58177209E-04
   7121.4871343401956        1.05757785       1.49741376E-04
   7123.9443414783573        1.00650775       1.42221150E-04
   7126.4015486165190       0.955594003       1.35034934E-04
   7128.8587557546816       0.868907332       1.23414778E-04
   7131.3159628928424       0.844214797       1.19319353E-04
   7133.7731700310051       0.841109097       1.18893760E-04
   7136.2303771691668       0.817829669       1.16329669E-04
   7138.6875843073285       0.871706069       1.22991900E-04
   7141.1447914454911       0.932351410       1.31478562E-04
   7143.6019985836519       0.909506679       1.29093460E-04
   7146.0592057218146       0.938448727       1.32489673E-04
   7148.5164128599763       0.960118771       1.36060058E-04
   7150.9736199981380       0.998366773       1.40759177E-04
   7153.4308271362997        1.00828886       1.42659061E-04
   7155.8880342744615       0.986182153       1.39647644E-04
   7158.3452414126241        1.00942445       1.42304722E-04
   7160.8024485507858       0.971769810       1.37976313E-04
   7163.2596556889475       0.980422258       1.38507588E-04
   7165.7168628271093        1.00657403       1.42199657E-04
   7168.1740699652710       0.995221436       1.41019962E-04
   7170.6312771034327        1.01409185       1.43490732E-04
   7173.0884842415944        1.05609739       1.49281652E-04
   7175.5456913797570        1.08835483       1.54138208E-04
   7178.0028985179188        1.14016140       1.61066549E-04
   7180.4601056560805        1.18596637       1.67681457E-04
   7182.9173127942422        1.20539439       1.70688349E-04
   7185.3745199324039        1.25861728       1.77782800E-04
   7187.8317270705656        1.28941751       1.82256277E-04
   7190.2889342087274        1.30089355       1.83816577E-04
   7192.7461413468900        1.28529418       1.81775773E-04
   7195.2033484850517        1.26724207       1.79042312E-04
   7197.6605556232134        1.22590220       1.73459208E-04
   7200.1177627613752        1.18560648       1.68186467E-04
   7202.5749698995369        1.20892870       1.71037798E-04
   7205.0321770376986        1.27413607       1.79825729E-04
   7207.4893841758603        1.28260326       1.81804542E-04
   7209.9465913140230        1.32786131       1.87297905E-04
   7212.4037984521847        1.34086752       1.89677492E-04
   7214.8610055903464        1.31775033       1.87109821E-04
   7217.3182127285090        1.39988804       1.97191839E-04
   7219.7754198666698        1.42519569       2.01826435E-04
   7222.2326270048325        1.42018592       2.01003670E-04
   7224.6898341429942        1.47876239       2.08437195E-04
   7227.1470412811559        1.43400228       2.03738411E-04
   7229.6042484193176        1.47468460       2.08406898E-04
   7232.0614555574793        1.55279076       2.19095178E-04
   7234.5186626956420        1.54708946       2.19041816E-04
   7236.9758698338028        1.54638147       2.19506852E-04
   7239.4330769719654        1.65556550       2.34560430E-04
   7241.8902841101271        1.84276795       2.59436463E-04
   7244.3474912482889        1.90153086       2.69221578E-04
   7246.8046983864506        1.91114330       2.70600460E-04
   7249.2619055246123        2.01069117       2.84469890E-04
   7251.7191126627749        2.09860492       2.96719372E-04
   7254.1763198009367        2.21481848       3.12754477E-04
   7256.6335269390984        2.22565746       3.15545942E-04
   7259.0907340772601        2.34075046       3.30479583E-04
   7261.5479412154218        2.40254164       3.39453545E-04
   7264.0051483535835        2.41651750       3.41372303E-04
   7266.4623554917453        2.34241962       3.32074414E-04
   7268.9195626299079        2.37289929       3.35070363E-04
   7271.3767697680696        2.36861324       3.35363176E-04
   7273.8339769062313        2.38894105       3.37730482E-04
   7276.2911840443930        2.41272235       3.42118903E-04
   7278.7483911825548        2.53236008       3.57287965E-04
   7281.2055983207165        2.61123538       3.68776586E-04
   7283.6628054588782        2.54896903       3.61695013E-04
   7286.1200125970408        2.62977314       3.72041832E-04
   7288.5772197352026        2.77959013       3.93418508E-04
   7291.0344268733643        2.95525360       4.17179399E-04
   7293.4916340115260        3.05855751       4.32713976E-04
   7295.9488411496877        3.11854291       4.41526790E-04
   7298.4060482878504        3.26852798       4.62234020E-04
   7300.8632554260121        3.41413498       4.82944684E-04
   7303.3204625641738        3.58105230       5.05484291E-04
   7305.7776697023355        3.62065029       5.13249543E-04
   7308.2348768404972        3.74964952       5.30046993E-04
   7310.6920839786590        3.93356681       5.55899867E-04
   7313.1492911168207        4.01237059       5.68189600E-04
   7315.6064982549833        4.18494368       5.90850657E-04
   7318.0637053931450        4.26481438       6.03438530E-04
   7320.5209125313067        4.31634617       6.10444171E-04
   7322.9781196694685        4.40775347       6.22434774E-04
   7325.4353268076302        4.37372446       6.19613915E-04
   7327.8925339457928        4.41433096       6.24158012E-04
   7330.3497410839536        4.52638149       6.40192418E-04
   7332.8069482221163        4.58968973       6.50067639E-04
   7335.2641553602780        4.80864477       6.78276352E-04
   7337.7213624984397        4.84256029       6.84993167E-04
   7340.1785696366014        4.79051876       6.77624892E-04
   7342.6357767747631        4.79080868       6.77095260E-04
   7345.0929839129258        4.73413849       6.69554400E-04
   7347.5501910510866        4.66188192       6.59735000E-04
   7350.0073981892492        4.64638615       6.57477009E-04
   7352.4646053274109        4.70126152       6.65178173E-04
   7354.9218124655727        4.80554008       6.79607096E-04
   7357.3790196037344        4.92661428       6.97102107E-04
   7359.8362267418961        5.07460356       7.17756222E-04
   7362.2934338800587        5.26368475       7.43776793E-04
   7364.7506410182204        5.36007357       7.58141279E-04
   7367.2078481563822        5.44664192       7.69260339E-04
   7369.6650552945439        5.41981506       7.66749668E-04
   7372.1222624327056        5.35933018       7.57691741E-04
   7374.5794695708682        5.31456518       7.51574931E-04
   7377.0366767090300        5.22189426       7.39980023E-04
   7379.4938838471917        5.32891083       7.53283908E-04
   7381.9510909853534        5.46554995       7.72546802E-04
   7384.4082981235151        5.52222490       7.79818685E-04
   7386.8655052616768        5.43306541       7.68696715E-04
   7389.3227123998386        5.30187607       7.51156243E-04
   7391.7799195380012        5.38051605       7.60141702E-04
   7394.2371266761629        5.42805243       7.66839425E-04
   7396.6943338143246        5.32433271       7.53249449E-04
   7399.1515409524864        5.21420479       7.38030416E-04
   7401.6087480906481        5.20320511       7.36242102E-04
   7404.0659552288098        5.26469469       7.44492165E-04
   7406.5231623669715        5.34484053       7.54976703E-04
   7408.9803695051341        5.30736065       7.50346109E-04
   7411.4375766432959        5.19322968       7.34708447E-04
   7413.8947837814576        5.10516453       7.22761732E-04
   7416.3519909196193        5.12310457       7.24403944E-04
   7418.8091980577810        5.17707253       7.31885957E-04
   7421.2664051959437        5.17270613       7.31912267E-04
   7423.7236123341045        5.21395016       7.37108407E-04
   7426.1808194722671        5.23996830       7.40780786E-04
   7428.6380266104288        5.22156382       7.38607079E-04
   7431.0952337485905        5.20414400       7.35975453E-04
   7433.5524408867523        5.20948458       7.36117596E-04
   7436.0096480249140        5.12885189       7.25159596E-04
   7438.4668551630766        5.00094318       7.07695086E-04
   7440.9240623012374        4.90937996       6.95160124E-04
   7443.3812694394001        4.95905590       7.00704113E-04
   7445.8384765775618        4.97423697       7.03660422E-04
   7448.2956837157235        4.96642637       7.02785386E-04
   7450.7528908538861        5.03681231       7.11764849E-04
   7453.2100979920478        5.05599070       7.15041300E-04
   7455.6673051302096        5.04141760       7.13328482E-04
   7458.1245122683713        5.08084965       7.18384690E-04
   7460.5817194065330        5.11835527       7.23955396E-04
   7463.0389265446947        5.15304232       7.28952815E-04
   7465.4961336828565        5.22613335       7.38300325E-04
   7467.9533408210191        5.21265745       7.37531867E-04
   7470.4105479591808        5.18634415       7.33950175E-04
   7472.8677550973425        5.26164532       7.43149489E-04
   7475.3249622355042        5.23114634       7.41143536E-04
   7477.7821693736660        5.29777670       7.49249186E-04
   7480.2393765118277        5.47428083       7.73159089E-04
   7482.6965836499894        5.47870970       7.75751192E-04
   7485.1537907881520        5.56663942       7.86693417E-04
   7487.6109979263138        5.63927364       7.97019107E-04
   7490.0682050644755        5.61207294       7.94345979E-04
   7492.5254122026372        5.63933229       7.97637040E-04
   7494.9826193407989        5.73509216       8.10548372E-04
   7497.4398264789606        5.74887800       8.13123595E-04
   7499.8970336171224        5.76394844       8.15670588E-04
   7502.3542407552850        5.83264494       8.24952032E-04
   7504.8114478934467        5.96120358       8.42130452E-04
   7507.2686550316084        5.95516157       8.42802576E-04
   7509.7258621697702        5.99036217       8.46231589E-04
   7512.1830693079319        5.95254707       8.42296344E-04
   7514.6402764460936        5.90009594       8.34500592E-04
   7517.0974835842553        5.92027187       8.36786930E-04
   7519.5546907224179        5.85790300       8.28864984E-04
   7522.0118978605797        5.84134865       8.26864270E-04
   7524.4691049987414        5.92491484       8.37141066E-04
   7526.9263121369040        5.98532724       8.46482057E-04
   7529.3835192750648        5.94896126       8.43556772E-04
   7531.8407264132275        6.23094225       8.79710657E-04
   7534.2979335513892        6.41997862       9.07762093E-04
   7536.7551406895509        6.49278116       9.18042322E-04
   7539.2123478277126        6.55401182       9.26960376E-04
   7541.6695549658743        6.60846376       9.34155600E-04
   7544.1267621040370        6.62463474       9.37008008E-04
   7546.5839692421978        6.62263775       9.36538971E-04
   7549.0411763803604        6.64374256       9.39102261E-04
   7551.4983835185221        6.58636093       9.32354596E-04
   7553.9555906566839        6.62297630       9.36116616E-04
   7556.4127977948456        6.65303612       9.40899947E-04
   7558.8700049330073        6.63656616       9.38320532E-04
   7561.3272120711699        6.61946058       9.35925636E-04
   7563.7844192093316        6.53927612       9.25705652E-04
   7566.2416263474934        6.57803440       9.29533620E-04
   7568.6988334856551        6.57306242       9.29714704E-04
   7571.1560406238168        6.52969551       9.24403255E-04
   7573.6132477619785        6.62148476       9.37249861E-04
   7576.0704549001402        6.85066795       9.67733387E-04
   7578.5276620383029        6.99862909       9.86169791E-04
   7580.9848691764637        6.63897324       9.38160403E-04
   7583.4420763146263        5.93727541       8.41631845E-04
   7585.8992834527880        5.42214584       7.65208155E-04
   7588.3564905909498        4.78619289       6.77475880E-04
   7590.8136977291124        3.94773102       5.60688379E-04
   7593.2709048672732        3.39642096       4.81705269E-04
   7595.7281120054358        3.03434014       4.30807529E-04
   7598.1853191435976        2.96131277       4.19392512E-04
   7600.6425262817593        3.00572181       4.26069048E-04
   7603.0997334199219        3.21398544       4.55835107E-04
   7605.5569405580827        3.55564857       5.05320146E-04
   7608.0141476962453        4.20718861       5.93571982E-04
   7610.4713548344071        4.69833088       6.63127983E-04
   7612.9285619725688        4.93196583       6.93673210E-04
   7615.3857691107305        4.63912487       6.57687255E-04
   7617.8429762488922        4.27729750       6.04928879E-04
   7620.3001833870549        4.09771633       5.78858308E-04
   7622.7573905252157        3.71153116       5.25261101E-04
   7625.2145976633783        3.40154719       4.81130526E-04
   7627.6718048015400        2.99248767       4.25022445E-04
   7630.1290119397017        2.87043381       4.05925297E-04
   7632.5862190778635        2.76020217       3.91416106E-04
   7635.0434262160252        2.83972788       4.00251563E-04
   7637.5006333541878        2.74218607       3.88991321E-04
   7639.9578404923486        2.76568580       3.89851892E-04
   7642.4150476305113        2.66845751       3.77622549E-04
   7644.8722547686730        2.54661489       3.60267266E-04
   7647.3294619068347        2.43064642       3.43768217E-04
   7649.7866690449964        2.35408163       3.32136522E-04
   7652.2438761831581        2.13384557       3.02182190E-04
   7654.7010833213208        1.93973851       2.73830985E-04
   7657.1582904594816        1.65260184       2.35193947E-04
   7659.6154975976442        1.50393069       2.12580780E-04
   7662.0727047358059        1.42251790       2.01482355E-04
   7664.5299118739676        1.34296787       1.91100276E-04
   7666.9871190121294        1.42877936       2.01758827E-04
   7669.4443261502911        1.53463006       2.17388966E-04
   7671.9015332884537        1.63181591       2.31689555E-04
   7674.3587404266145        1.86166215       2.61809269E-04
   7676.8159475647772        1.93439472       2.74163060E-04
   7679.2731547029389        1.98154998       2.80080567E-04
   7681.7303618411006        2.07928419       2.93130113E-04
   7684.1875689792632        2.01488590       2.85560178E-04
   7686.6447761174240        2.00158882       2.81866698E-04
   7689.1019832555867        1.87286592       2.65548355E-04
   7691.5591903937484        1.73308957       2.45124655E-04
   7694.0163975319101        1.66671968       2.35679472E-04
   7696.4736046700727        1.55136406       2.20693444E-04
   7698.9308118082336        1.61430311       2.27508091E-04
   7701.3880189463962        1.64101338       2.33094921E-04
   7703.8452260845579        1.72308135       2.44318391E-04
   7706.3024332227196        1.94593489       2.75068771E-04
   7708.7596403608813        2.12985396       3.00888816E-04
   7711.2168474990431        2.27622056       3.22088366E-04
   7713.6740546372057        2.39059854       3.38279060E-04
   7716.1312617753665        2.56457949       3.62484570E-04
   7718.5884689135291        2.67428088       3.78413592E-04
   7721.0456760516909        2.83082652       4.00179066E-04
   7723.5028831898526        2.92866993       4.14879119E-04
   7725.9600903280143        3.13491917       4.42256714E-04
   7728.4172974661760        3.20296884       4.53618268E-04
   7730.8745046043387        3.30811381       4.67896607E-04
   7733.3317117424995        3.44085264       4.85558790E-04
   7735.7889188806621        3.46755695       4.90493665E-04
   7738.2461260188238        3.40639114       4.81961761E-04
   7740.7033331569855        3.44470477       4.85546858E-04
   7743.1605402951473        3.23602271       4.59208357E-04
   7745.6177474333090        3.15829396       4.45950078E-04
   7748.0749545714716        3.08321357       4.36056725E-04
   7750.5321617096324        2.94968534       4.18235606E-04
   7752.9893688477950        2.95459604       4.17524017E-04
   7755.4465759859568        2.99485707       4.23272373E-04
   7757.9037831241185        2.94604659       4.18306998E-04
   7760.3609902622811        3.10578799       4.38734394E-04
   7762.8181974004419        3.28138971       4.63750417E-04
   7765.2754045386046        3.36679959       4.76436893E-04
   7767.7326116767663        3.48166656       4.91805084E-04
   7770.1898188149280        3.54152417       5.01297473E-04
   7772.6470259530906        3.60843158       5.09669946E-04
   7775.1042330912514        3.65361333       5.16288157E-04
   7777.5614402294141        3.57162023       5.05591917E-04
   7780.0186473675749        3.57121921       5.04053198E-04
   7782.4758545057375        3.44724321       4.88697726E-04
   7784.9330616438992        3.41872454       4.83986281E-04
   7787.3902687820610        3.51952720       4.97203204E-04
   7789.8474759202236        3.57638645       5.05361357E-04
   7792.3046830583844        3.54055047       5.00799913E-04
   7794.7618901965470        3.50884748       4.98124282E-04
   7797.2190973347087        3.68184114       5.19901165E-04
   7799.6763044728705        3.89822078       5.51369681E-04
   7802.1335116110322        3.98223424       5.63355570E-04
   7804.5907187491939        4.18520832       5.91969234E-04
   7807.0479258873565        4.29127216       6.08316506E-04
   7809.5051330255174        4.66362715       6.56653137E-04
   7811.9623401636800        4.65525818       6.59585523E-04
   7814.4195473018417        4.70154619       6.63509185E-04
   7816.8767544400034        4.62400293       6.54858886E-04
   7819.3339615781651        4.59789801       6.49197900E-04
   7821.7911687163269        4.49620104       6.36112294E-04
   7824.2483758544895        4.35873079       6.16765348E-04
   7826.7055829926503        4.28408861       6.05634355E-04
   7829.1627901308129        4.20483446       5.94974961E-04
   7831.6199972689747        4.13059855       5.84791938E-04
   7834.0772044071364        4.17276764       5.90637792E-04
   7836.5344115452981        4.28275585       6.05510839E-04
   7838.9916186834598        4.42009687       6.25268032E-04
   7841.4488258216224        4.52524185       6.39216683E-04
   7843.9060329597842        4.59992075       6.50538888E-04
   7846.3632400979459        4.56497145       6.46802539E-04
   7848.8204472361076        4.74834585       6.71064307E-04
   7851.2776543742693        4.86916161       6.87779335E-04
   7853.7348615124320        4.93003511       6.95852970E-04
   7856.1920686505928        4.69809389       6.67022658E-04
   7858.6492757887554        4.77567053       6.73817121E-04
   7861.1064829269171        4.78287840       6.75755611E-04
   7863.5636900650788        4.61757803       6.53957308E-04
   7866.0208972032406        4.51924896       6.39897771E-04
   7868.4781043414023        4.60246944       6.50249072E-04
   7870.9353114795649        4.60244608       6.51941053E-04
   7873.3925186177257        4.71781111       6.67136977E-04
   7875.8497257558884        4.86342001       6.88160420E-04
   7878.3069328940501        5.04618645       7.13658519E-04
   7880.7641400322118        5.23159599       7.40368676E-04
   7883.2213471703744        5.47605562       7.73008680E-04
   7885.6785543085352        5.57157183       7.87827768E-04
   7888.1357614466979        5.55674648       7.85891083E-04
   7890.5929685848587        5.57661676       7.88373640E-04
   7893.0501757230213        5.54117537       7.83380819E-04
   7895.5073828611830        5.48328590       7.75352411E-04
   7897.9645899993448        5.37451124       7.59871735E-04
   7900.4217971375074        5.26960182       7.44774006E-04
   7902.8790042756682        5.05855370       7.16314535E-04
   7905.3362114138308        4.96373034       7.01704179E-04
   7907.7934185519925        4.86480474       6.88529864E-04
   7910.2506256901543        4.82673645       6.81372767E-04
   7912.7078328283160        4.66668272       6.61353115E-04
   7915.1650399664777        4.57777023       6.49040099E-04
   7917.6222471046403        4.79586077       6.76425465E-04
   7920.0794542428021        4.85264492       6.87271939E-04
   7922.5366613809638        4.90230751       6.94009184E-04
   7924.9938685191255        5.13706446       7.25884689E-04
   7927.4510756572872        5.27871466       7.46915233E-04
   7929.9082827954498        5.45704651       7.70424318E-04
   7932.3654899336107        5.48313999       7.75443797E-04
   7934.8226970717733        5.43959332       7.68668659E-04
   7937.2799042099350        5.34298992       7.54718087E-04
   7939.7371113480967        5.09009075       7.20925280E-04
   7942.1943184862585        4.90669060       6.95100229E-04
   7944.6515256244202        4.94684505       6.99315395E-04
   7947.1087327625828        4.99229431       7.07439263E-04
   7949.5659399007436        5.17897081       7.32169312E-04
   7952.0231470389062        5.42625380       7.66089128E-04
   7954.4803541770680        5.45857430       7.73328298E-04
   7956.9375613152297        5.59673357       7.91683036E-04
   7959.3947684533914        5.83880186       8.24733754E-04
   7961.8519755915531        5.94200754       8.40252673E-04
   7964.3091827297158        5.98300314       8.46552022E-04
   7966.7663898678766        6.07866335       8.59464111E-04
   7969.2235970060392        6.17495680       8.72122706E-04
   7971.6808041442009        6.11950302       8.65751237E-04
   7974.1380112823626        6.03071594       8.52612196E-04
   7976.5952184205253        5.96229887       8.42370442E-04
   7979.0524255586861        5.74602413       8.13225692E-04
   7981.5096326968487        5.57483101       7.89295824E-04
   7983.9668398350095        5.53251886       7.82730174E-04
   7986.4240469731722        5.59254026       7.90246064E-04
   7988.8812541113339        5.55990887       7.87875499E-04
   7991.3384612494956        5.68773794       8.04151350E-04
   7993.7956683876582        5.88281250       8.31840618E-04
   7996.2528755258199        6.01246166       8.50449782E-04
   7998.7100826639817        6.17568302       8.73884652E-04
   8001.1672898021434        6.37529850       9.01852327E-04
   8003.6244969403051        6.64956713       9.39254183E-04
   8006.0817040784677        6.76250362       9.57141572E-04
   8008.5389112166285        6.91420078       9.78608965E-04
   8010.9961183547912        7.19477558       1.01707911E-03
   8013.4533254929529        7.46267128       1.05362840E-03
   8015.9105326311146        7.47269773       1.05851714E-03
   8018.3677397692763        7.58907557       1.07329048E-03
   8020.8249469074381        7.83987045       1.10889832E-03
   8023.2821540456007        8.03896332       1.13700796E-03
   8025.7393611837615        8.31116295       1.17559941E-03
   8028.1965683219241        8.54222679       1.20780512E-03
   8030.6537754600859        8.81721783       1.24731509E-03
   8033.1109825982476        9.02019215       1.27662148E-03
