   5529.2169088113069        1.00000000      -2.49502029E+09
   5531.6741159494686        7.36243874E-02   1.04338715E-05
   5534.1313230876303        4.67846617E-02   6.59456555E-06
   5536.5885302257930        3.82974222E-02   5.53665450E-06
   5539.0457373639547        4.42678742E-02   6.10120378E-06
   5541.5029445021164        5.94097115E-02   8.61048647E-06
   5543.9601516402781        7.54259527E-02   1.04930823E-05
   5546.4173587784398        3.65542695E-02   5.12752877E-06
   5548.8745659166016        6.53572604E-02   9.46140790E-06
   5551.3317730547642        6.93243295E-02   9.53407653E-06
   5553.7889801929259        7.03493878E-02   1.00793313E-05
   5556.2461873310876        8.70376155E-02   1.22492747E-05
   5558.7033944692494        8.06709006E-02   1.14085242E-05
   5561.1606016074111        7.96490088E-02   1.11841046E-05
   5563.6178087455728        8.83409083E-02   1.26412597E-05
   5566.0750158837354       0.104329415       1.45643317E-05
   5568.5322230218972        8.56587142E-02   1.19795523E-05
   5570.9894301600589       0.135846704       1.94904169E-05
   5573.4466372982206       0.150347173       2.09056179E-05
   5575.9038444363823       0.120320469       1.70774802E-05
   5578.3610515745440       0.148323566       2.10609978E-05
   5580.8182587127058       0.156710103       2.20283455E-05
   5583.2754658508684       0.158248961       2.24236574E-05
   5585.7326729890301       0.156603962       2.20441998E-05
   5588.1898801271918       0.165180802       2.34349263E-05
   5590.6470872653535       0.183613181       2.59666413E-05
   5593.1042944035153       0.169516802       2.38916491E-05
   5595.5615015416770       0.162360519       2.31118611E-05
   5598.0187086798396       0.161477312       2.27707424E-05
   5600.4759158180013       0.150265500       2.13229505E-05
   5602.9331229561631       0.158246368       2.24371852E-05
   5605.3903300943248       0.143169478       2.00608902E-05
   5607.8475372324865       0.153508767       2.19452286E-05
   5610.3047443706482       0.174424484       2.45031861E-05
   5612.7619515088109       0.150037989       2.11935385E-05
   5615.2191586469726       0.163459256       2.33537394E-05
   5617.6763657851343       0.149455383       2.09473947E-05
   5620.1335729232960       0.125047535       1.77809852E-05
   5622.5907800614577       0.145257875       2.06528912E-05
   5625.0479871996195       0.144481182       2.02928441E-05
   5627.5051943377821       0.132178128       1.87609166E-05
   5629.9624014759438       0.139673442       1.97849859E-05
   5632.4196086141055       0.134345859       1.89456459E-05
   5634.8768157522672       0.132014289       1.86428988E-05
   5637.3340228904290       0.143878698       2.03766140E-05
   5639.7912300285907       0.158142865       2.23219176E-05
   5642.2484371667524       0.150407359       2.12386640E-05
   5644.7056443049150       0.149631813       2.12463165E-05
   5647.1628514430768       0.146059483       2.05676351E-05
   5649.6200585812385       0.141675606       1.99755013E-05
   5652.0772657194002       0.170322984       2.41877460E-05
   5654.5344728575619       0.185824379       2.61103196E-05
   5656.9916799957236       0.172196090       2.43529139E-05
   5659.4488871338863       0.181380674       2.56918611E-05
   5661.9060942720480       0.188107997       2.67375199E-05
   5664.3633014102097       0.170140907       2.39480505E-05
   5666.8205085483714       0.133608148       1.90227001E-05
   5669.2777156865332       0.151887089       2.15039872E-05
   5671.7349228246949       0.154735923       2.18180885E-05
   5674.1921299628575       0.172489598       2.43979339E-05
   5676.6493371010192       0.170101658       2.39785204E-05
   5679.1065442391809       0.180023313       2.54854585E-05
   5681.5637513773427       0.182860777       2.58760701E-05
   5684.0209585155044       0.183299333       2.58692671E-05
   5686.4781656536661       0.170072839       2.41002526E-05
   5688.9353727918278       0.181252599       2.56526873E-05
   5691.3925799299905       0.173615023       2.44359453E-05
   5693.8497870681522       0.189660087       2.68620170E-05
   5696.3069942063139       0.207177743       2.92102341E-05
   5698.7642013444756       0.218031496       3.07827286E-05
   5701.2214084826373       0.221869677       3.13722703E-05
   5703.6786156207991       0.226052716       3.19446699E-05
   5706.1358227589617       0.224576503       3.18357961E-05
   5708.5930298971234       0.220954910       3.11989679E-05
   5711.0502370352851       0.206738442       2.93001867E-05
   5713.5074441734469       0.214228347       3.02946464E-05
   5715.9646513116086       0.211450577       3.00990159E-05
   5718.4218584497703       0.197539225       2.77575255E-05
   5720.8790655879329       0.159647852       2.26324973E-05
   5723.3362727260946       0.207526296       2.94680376E-05
   5725.7934798642564       0.215231061       3.02739081E-05
   5728.2506870024181       0.209445253       2.95502778E-05
   5730.7078941405798       0.206126422       2.92733512E-05
   5733.1651012787415       0.229677200       3.24178582E-05
   5735.6223084169033       0.208156064       2.93721660E-05
   5738.0795155550659       0.223478660       3.18055463E-05
   5740.5367226932276       0.207125679       2.90549906E-05
   5742.9939298313893       0.198662609       2.82349065E-05
   5745.4511369695510       0.224989653       3.18681705E-05
   5747.9083441077128       0.220892802       3.09530478E-05
   5750.3655512458745       0.219817027       3.12581578E-05
   5752.8227583840371       0.262263447       3.70117632E-05
   5755.2799655221988       0.244853899       3.46269371E-05
   5757.7371726603606       0.240337402       3.41637569E-05
   5760.1943797985223       0.196140990       2.76525425E-05
   5762.6515869366840       0.189456955       2.69829197E-05
   5765.1087940748457       0.199105710       2.80365566E-05
   5767.5660012130083       0.213429600       3.02963726E-05
   5770.0232083511701       0.216229931       3.04612640E-05
   5772.4804154893318       0.200458184       2.83236477E-05
   5774.9376226274935       0.213872626       3.02530389E-05
   5777.3948297656552       0.239163712       3.37493075E-05
   5779.8520369038170       0.249752954       3.53485266E-05
   5782.3092440419787       0.246314645       3.46983215E-05
   5784.7664511801413       0.229113087       3.23584027E-05
   5787.2236583183030       0.273006678       3.89360466E-05
   5789.6808654564647       0.261294395       3.64837360E-05
   5792.1380725946265       0.224816903       3.21114312E-05
   5794.5952797327882       0.263031751       3.70532107E-05
   5797.0524868709508       0.253094494       3.58232101E-05
   5799.5096940091125       0.281244069       3.97518816E-05
   5801.9669011472743       0.251363337       3.53256873E-05
   5804.4241082854360       0.289888501       4.13807502E-05
   5806.8813154235977       0.289148778       4.06477193E-05
   5809.3385225617594       0.243142143       3.44896507E-05
   5811.7957296999211       0.234747931       3.33152020E-05
   5814.2529368380838       0.240552709       3.40377192E-05
   5816.7101439762455       0.233292162       3.29137329E-05
   5819.1673511144072       0.232375517       3.29594914E-05
   5821.6245582525689       0.235856712       3.32851196E-05
   5824.0817653907307       0.228076071       3.22497363E-05
   5826.5389725288924       0.237100214       3.35185614E-05
   5828.9961796670550       0.243903041       3.44823275E-05
   5831.4533868052167       0.244879603       3.45869339E-05
   5833.9105939433784       0.237743363       3.36468038E-05
   5836.3678010815402       0.241010204       3.41443229E-05
   5838.8250082197019       0.227498755       3.20383951E-05
   5841.2822153578636       0.227866635       3.24645480E-05
   5843.7394224960262       0.231834292       3.27025846E-05
   5846.1966296341880       0.191465884       2.71443569E-05
   5848.6538367723497       0.183436632       2.60843317E-05
   5851.1110439105114       0.165968031       2.34394938E-05
   5853.5682510486731       0.160577446       2.27082965E-05
   5856.0254581868348       0.165052921       2.33519386E-05
   5858.4826653249966       0.181415990       2.56394032E-05
   5860.9398724631592       0.171447977       2.41584912E-05
   5863.3970796013209       0.173079580       2.46258096E-05
   5865.8542867394826       0.165894747       2.33613428E-05
   5868.3114938776444       0.150576755       2.13394615E-05
   5870.7687010158061       0.155677304       2.19995636E-05
   5873.2259081539678       0.166748524       2.36211345E-05
   5875.6831152921304       0.164122716       2.31142294E-05
   5878.1403224302921       0.155258089       2.21170612E-05
   5880.5975295684539       0.149261713       2.10396483E-05
   5883.0547367066156       0.127985045       1.82930307E-05
   5885.5119438447773       0.120032571       1.69237937E-05
   5887.9691509829390        9.16358456E-02   1.31329871E-05
   5890.4263581211017        9.66779739E-02   1.36316239E-05
   5892.8835652592634        7.17662871E-02   1.01463183E-05
   5895.3407723974251        9.76421088E-02   1.37571096E-05
   5897.7979795355868       0.108051509       1.51758022E-05
   5900.2551866737485       0.150227174       2.12819250E-05
   5902.7123938119103       0.140612438       1.96007641E-05
   5905.1696009500720       0.152655005       2.18333771E-05
   5907.6268080882346       0.165117607       2.32466100E-05
   5910.0840152263963       0.138289765       1.94628774E-05
   5912.5412223645581       0.141010210       2.00830764E-05
   5914.9984295027198       0.169126019       2.38959328E-05
   5917.4556366408815       0.155388951       2.17845572E-05
   5919.9128437790432       0.161117703       2.29001362E-05
   5922.3700509172058       0.186259091       2.63507500E-05
   5924.8272580553676       0.181386009       2.56440653E-05
   5927.2844651935293       0.151725113       2.14302345E-05
   5929.7416723316910       0.147087201       2.08652655E-05
   5932.1988794698527       0.169027627       2.39250276E-05
   5934.6560866080144       0.179011613       2.52255977E-05
   5937.1132937461771       0.172616705       2.43544855E-05
   5939.5705008843388       0.185524210       2.62971371E-05
   5942.0277080225005       0.196956500       2.77636627E-05
   5944.4849151606622       0.193719715       2.73644946E-05
   5946.9421222988240       0.203897461       2.89593245E-05
   5949.3993294369857       0.197669417       2.78979023E-05
   5951.8565365751474       0.170794666       2.41340076E-05
   5954.3137437133100       0.177595124       2.52282935E-05
   5956.7709508514718       0.195181325       2.75893253E-05
   5959.2281579896335       0.184443250       2.59993431E-05
   5961.6853651277952       0.175550386       2.49224795E-05
   5964.1425722659569       0.182849482       2.58292057E-05
   5966.5997794041186       0.178908139       2.53326125E-05
   5969.0569865422813       0.180946007       2.55727682E-05
   5971.5141936804430       0.172028616       2.43418635E-05
   5973.9714008186047       0.179382414       2.54720053E-05
   5976.4286079567664       0.164733618       2.31202685E-05
   5978.8858150949281       0.162937224       2.31505492E-05
   5981.3430222330899       0.192206338       2.71501231E-05
   5983.8002293712525       0.192622602       2.72170837E-05
   5986.2574365094142       0.182129622       2.57143438E-05
   5988.7146436475759       0.174490899       2.46712934E-05
   5991.1718507857377       0.194210559       2.75915863E-05
   5993.6290579238994       0.196658388       2.77303407E-05
   5996.0862650620611       0.166815847       2.35251191E-05
   5998.5434722002228       0.176653534       2.51979218E-05
   6001.0006793383855       0.187199086       2.62307803E-05
   6003.4578864765472       0.182233900       2.59252338E-05
   6005.9150936147089       0.203403682       2.86745253E-05
   6008.3723007528706       0.183525309       2.59677690E-05
   6010.8295078910323       0.194709852       2.75203001E-05
   6013.2867150291941       0.192182437       2.71762910E-05
   6015.7439221673567       0.216056526       3.05349786E-05
   6018.2011293055184       0.206368148       2.91399174E-05
   6020.6583364436801       0.218357906       3.10139585E-05
   6023.1155435818418       0.199773848       2.81277244E-05
   6025.5727507200036       0.193847746       2.75138118E-05
   6028.0299578581653       0.204930469       2.89296240E-05
   6030.4871649963279       0.220342532       3.12104748E-05
   6032.9443721344896       0.217112184       3.06920847E-05
   6035.4015792726514       0.200417474       2.82214805E-05
   6037.8587864108131       0.202856719       2.88107731E-05
   6040.3159935489748       0.245017961       3.46346496E-05
   6042.7732006871365       0.228004232       3.19246064E-05
   6045.2304078252982       0.248058423       3.54040640E-05
   6047.6876149634609       0.271007150       3.79849662E-05
   6050.1448221016226       0.255907267       3.63581785E-05
   6052.6020292397843       0.281357974       3.97578333E-05
   6055.0592363779460       0.254031837       3.57658755E-05
   6057.5164435161078       0.275448024       3.91142203E-05
   6059.9736506542704       0.292667806       4.13045927E-05
   6062.4308577924321       0.288659841       4.08253472E-05
   6064.8880649305938       0.272452980       3.85036146E-05
   6067.3452720687555       0.278172821       3.95086026E-05
   6069.8024792069173       0.276476949       3.89816487E-05
   6072.2596863450790       0.257115275       3.64307889E-05
   6074.7168934832407       0.266952723       3.78308468E-05
   6077.1741006214033       0.261691839       3.68289402E-05
   6079.6313077595651       0.266457289       3.77874640E-05
   6082.0885148977268       0.296327919       4.19234348E-05
   6084.5457220358885       0.275860965       3.88772096E-05
   6087.0029291740502       0.263700008       3.74493975E-05
   6089.4601363122119       0.264347285       3.73057810E-05
   6091.9173434503737       0.267959476       3.80198326E-05
   6094.3745505885363       0.268045127       3.76616845E-05
   6096.8317577266980       0.264440984       3.75747877E-05
   6099.2889648648597       0.298703760       4.22553931E-05
   6101.7461720030215       0.261889756       3.69947775E-05
   6104.2033791411832       0.238317430       3.37425845E-05
   6106.6605862793458       0.231722862       3.27597772E-05
   6109.1177934175075       0.266517013       3.77899451E-05
   6111.5750005556692       0.269152224       3.79856465E-05
   6114.0322076938310       0.236597016       3.34274519E-05
   6116.4894148319927       0.225146055       3.19810933E-05
   6118.9466219701544       0.237368494       3.34195647E-05
   6121.4038291083161       0.247617066       3.51946437E-05
   6123.8610362464788       0.257922977       3.61898929E-05
   6126.3182433846405       0.228482217       3.25413494E-05
   6128.7754505228022       0.260635138       3.68300171E-05
   6131.2326576609639       0.214437410       3.02688641E-05
   6133.6898647991256       0.233412713       3.32648888E-05
   6136.1470719372874       0.199903101       2.80593940E-05
   6138.6042790754491       0.199583679       2.85406404E-05
   6141.0614862136117       0.185268581       2.59083699E-05
   6143.5186933517734       0.184371099       2.63519651E-05
   6145.9759004899352       0.205574214       2.88842821E-05
   6148.4331076280969       0.186676130       2.63657330E-05
   6150.8903147662586       0.207695588       2.94333604E-05
   6153.3475219044212       0.213687658       3.01035216E-05
   6155.8047290425829       0.213551581       3.03254164E-05
   6158.2619361807447       0.205262020       2.90258395E-05
   6160.7191433189064       0.172740936       2.43596933E-05
   6163.1763504570681       0.176969931       2.51870079E-05
   6165.6335575952298       0.196018651       2.76763676E-05
   6168.0907647333916       0.183501795       2.58820055E-05
   6170.5479718715542       0.177662328       2.52043756E-05
   6173.0051790097159       0.177807018       2.50500270E-05
   6175.4623861478776       0.188421369       2.67553423E-05
   6177.9195932860393       0.194757327       2.74674603E-05
   6180.3768004242011       0.177634954       2.51278889E-05
   6182.8340075623637       0.174499378       2.46441414E-05
   6185.2912147005254       0.188727707       2.68615240E-05
   6187.7484218386871       0.191058725       2.68155054E-05
   6190.2056289768489       0.163137868       2.32037019E-05
   6192.6628361150106       0.182673737       2.58014607E-05
   6195.1200432531723       0.169459909       2.40283334E-05
   6197.5772503913340       0.181655437       2.56131789E-05
   6200.0344575294966       0.154510349       2.18207351E-05
   6202.4916646676584       0.193035811       2.74982758E-05
   6204.9488718058201       0.171435773       2.38454140E-05
   6207.4060789439818       0.181700021       2.61462301E-05
   6209.8632860821435       0.192770615       2.68681906E-05
   6212.3204932203053       0.163509279       2.33245319E-05
   6214.7777003584670       0.199229434       2.81829780E-05
   6217.2349074966296       0.178591684       2.51694200E-05
   6219.6921146347913       0.178823993       2.53121234E-05
   6222.1493217729530       0.176564693       2.50788271E-05
   6224.6065289111148       0.187373966       2.64435002E-05
   6227.0637360492765       0.157804936       2.22360832E-05
   6229.5209431874382       0.176956758       2.51758756E-05
   6231.9781503256008       0.189327881       2.66591614E-05
   6234.4353574637626       0.185690910       2.63553211E-05
   6236.8925646019243       0.172028944       2.42850874E-05
   6239.3497717400860       0.156692669       2.21711980E-05
   6241.8069788782477       0.170490682       2.42079786E-05
   6244.2641860164094       0.181245595       2.54760289E-05
   6246.7213931545721       0.175025254       2.48026936E-05
   6249.1786002927338       0.194838807       2.75606926E-05
   6251.6358074308955       0.182799354       2.58322743E-05
   6254.0930145690572       0.186317593       2.63811526E-05
   6256.5502217072190       0.172221765       2.42548685E-05
   6259.0074288453807       0.194708884       2.77084619E-05
   6261.4646359835424       0.199697018       2.80254990E-05
   6263.9218431217050       0.193567574       2.74456834E-05
   6266.3790502598667       0.212189242       2.99113344E-05
   6268.8362573980285       0.225730687       3.20700819E-05
   6271.2934645361902       0.230759457       3.25148285E-05
   6273.7506716743519       0.191268459       2.70480577E-05
   6276.2078788125136       0.209320411       2.96958424E-05
   6278.6650859506763       0.225222945       3.17505474E-05
   6281.1222930888380       0.242433921       3.43349238E-05
   6283.5795002269997       0.237678424       3.33694006E-05
   6286.0367073651614       0.246499538       3.50736736E-05
   6288.4939145033231       0.282513052       3.99228229E-05
   6290.9511216414849       0.245494008       3.44947221E-05
   6293.4083287796475       0.251178384       3.58595862E-05
   6295.8655359178092       0.269018233       3.77059187E-05
   6298.3227430559709       0.267651021       3.80220990E-05
   6300.7799501941327       0.309460074       4.36537703E-05
   6303.2371573322944       0.290456414       4.10093162E-05
   6305.6943644704561       0.311003417       4.41266966E-05
   6308.1515716086178       0.296740413       4.18263080E-05
   6310.6087787467804       0.301347852       4.26618390E-05
   6313.0659858849422       0.314525127       4.44949437E-05
   6315.5231930231039       0.334287137       4.71886378E-05
   6317.9804001612656       0.328045160       4.62787466E-05
   6320.4376072994273       0.357156754       5.07250661E-05
   6322.8948144375890       0.358763039       5.04887066E-05
   6325.3520215757508       0.337988079       4.78705515E-05
   6327.8092287139134       0.363772184       5.15343345E-05
   6330.2664358520751       0.368579239       5.19296555E-05
   6332.7236429902368       0.366890550       5.19448404E-05
   6335.1808501283986       0.392904282       5.55321603E-05
   6337.6380572665603       0.394314051       5.56395426E-05
   6340.0952644047229       0.410935938       5.81236818E-05
   6342.5524715428846       0.427448779       6.03646549E-05
   6345.0096786810464       0.442440003       6.25759712E-05
   6347.4668858192081       0.441618741       6.24065578E-05
   6349.9240929573698       0.436666310       6.19360508E-05
   6352.3813000955315       0.420736223       5.94013218E-05
   6354.8385072336932       0.392277628       5.55550687E-05
   6357.2957143718559       0.415484518       5.88320872E-05
   6359.7529215100176       0.422097772       5.96086065E-05
   6362.2101286481793       0.420358151       5.95194651E-05
   6364.6673357863410       0.410915852       5.80168853E-05
   6367.1245429245027       0.407850146       5.78023682E-05
   6369.5817500626654       0.428889424       6.05994865E-05
   6372.0389572008271       0.413175583       5.82807406E-05
   6374.4961643389888       0.439589858       6.25420435E-05
   6376.9533714771505       0.427533686       6.00804015E-05
   6379.4105786153123       0.387977988       5.52911915E-05
   6381.8677857534740       0.401264966       5.65384908E-05
   6384.3249928916357       0.367080688       5.20803223E-05
   6386.7822000297983       0.404050857       5.70435259E-05
   6389.2394071679601       0.379379362       5.34735482E-05
   6391.6966143061218       0.434838414       6.15379977E-05
   6394.1538214442835       0.453561097       6.39946302E-05
   6396.6110285824452       0.477417111       6.75807169E-05
   6399.0682357206069       0.440639794       6.21123763E-05
   6401.5254428587687       0.446310371       6.33180534E-05
   6403.9826499969313       0.463524193       6.55345211E-05
   6406.4398571350930       0.461372942       6.51288719E-05
   6408.8970642732547       0.443252653       6.28076159E-05
   6411.3542714114164       0.463882834       6.56918128E-05
   6413.8114785495782       0.429605871       6.05640053E-05
   6416.2686856877408       0.437031537       6.21711297E-05
   6418.7258928259025       0.434134454       6.12002113E-05
   6421.1830999640642       0.403656751       5.72224999E-05
   6423.6403071022260       0.407436848       5.76557868E-05
   6426.0975142403877       0.405277073       5.72643476E-05
   6428.5547213785494       0.415148884       5.87276772E-05
   6431.0119285167111       0.421806455       5.95212223E-05
   6433.4691356548738       0.437866092       6.20454375E-05
   6435.9263427930355       0.446647584       6.29594288E-05
   6438.3835499311972       0.433916628       6.14055170E-05
   6440.8407570693589       0.463650823       6.56075572E-05
   6443.2979642075206       0.460355610       6.50678558E-05
   6445.7551713456824       0.449027807       6.34260068E-05
   6448.2123784838450       0.441453397       6.25114844E-05
   6450.6695856220067       0.471574366       6.66458145E-05
   6453.1267927601684       0.469276726       6.63781029E-05
   6455.5839998983301       0.473436475       6.69253786E-05
   6458.0412070364919       0.453241378       6.41205916E-05
   6460.4984141746536       0.467299491       6.62017919E-05
   6462.9556213128162       0.456275702       6.43840103E-05
   6465.4128284509779       0.463858306       6.57434211E-05
   6467.8700355891397       0.474833727       6.69652145E-05
   6470.3272427273014       0.486293852       6.88021828E-05
   6472.7844498654631       0.516807914       7.32781045E-05
   6475.2416570036248       0.498577476       7.02734396E-05
   6477.6988641417865       0.452028424       6.40716244E-05
   6480.1560712799492       0.490764797       6.95693379E-05
   6482.6132784181109       0.490370870       6.91009409E-05
   6485.0704855562726       0.499029130       7.07080544E-05
   6487.5276926944343       0.514887273       7.26292856E-05
   6489.9848998325961       0.534901917       7.58011156E-05
   6492.4421069707587       0.555415154       7.82786810E-05
   6494.8993141089204       0.551702440       7.80523769E-05
   6497.3565212470821       0.607080817       8.57577907E-05
   6499.8137283852438       0.625926137       8.83004395E-05
   6502.2709355234056       0.679964900       9.64581704E-05
   6504.7281426615673       0.672755182       9.46345972E-05
   6507.1853497997290       0.654350400       9.28973168E-05
   6509.6425569378916       0.708872139       1.00139951E-04
   6512.0997640760534       0.694579244       9.81262201E-05
   6514.5569712142151       0.716561854       1.01271995E-04
   6517.0141783523768       0.736239851       1.03921317E-04
   6519.4713854905385       0.807124317       1.14123053E-04
   6521.9285926287002       0.853996098       1.20593555E-04
   6524.3857997668620       0.868897140       1.22661440E-04
   6526.8430069050246       0.887357473       1.25474937E-04
   6529.3002140431863       0.941862226       1.32947243E-04
   6531.7574211813480       0.981119812       1.38731702E-04
   6534.2146283195098        1.02638376       1.44818710E-04
   6536.6718354576715        1.02138031       1.44460078E-04
   6539.1290425958341        1.08135760       1.53209010E-04
   6541.5862497339958        1.02992630       1.45386526E-04
   6544.0434568721575       0.979948997       1.39031807E-04
   6546.5006640103193       0.946376860       1.33777212E-04
   6548.9578711484810       0.930559993       1.31961715E-04
   6551.4150782866427       0.917767704       1.29454071E-04
   6553.8722854248044       0.904038906       1.27586885E-04
   6556.3294925629671        1.02081561       1.44099264E-04
   6558.7866997011288        1.16282845       1.64512545E-04
   6561.2439068392905        1.19130158       1.68329236E-04
   6563.7011139774522        1.03495657       1.46767183E-04
   6566.1583211156139       0.906873643       1.28957719E-04
   6568.6155282537766       0.780736208       1.10573390E-04
   6571.0727353919374       0.731823444       1.03913153E-04
   6573.5299425301000       0.736278296       1.04150291E-04
   6575.9871496682617       0.722666025       1.02177270E-04
   6578.4443568064235       0.710064352       1.00416553E-04
   6580.9015639445852       0.717102170       1.01398182E-04
   6583.3587710827469       0.728383303       1.02853548E-04
   6585.8159782209095       0.746875226       1.05611995E-04
   6588.2731853590703       0.762459099       1.07763895E-04
   6590.7303924972330       0.755824625       1.06928972E-04
   6593.1875996353947       0.733730197       1.03787206E-04
   6595.6448067735564       0.714248896       1.01047408E-04
   6598.1020139117181       0.705070317       9.95789524E-05
   6600.5592210498799       0.723143578       1.02425620E-04
   6603.0164281880425       0.734799564       1.03676110E-04
   6605.4736353262042       0.711062551       1.00514539E-04
   6607.9308424643659       0.741842806       1.04900137E-04
   6610.3880496025276       0.770906985       1.08880064E-04
   6612.8452567406894       0.794504344       1.12359841E-04
   6615.3024638788520       0.787039399       1.11449204E-04
   6617.7596710170128       0.745116353       1.05228326E-04
   6620.2168781551754       0.701987803       9.97115203E-05
   6622.6740852933372       0.710796595       1.00436089E-04
   6625.1312924314989       0.655439138       9.26203575E-05
   6627.5884995696606       0.691848576       9.82159618E-05
   6630.0457067078223       0.677176535       9.52978007E-05
   6632.5029138459849       0.666864216       9.46742875E-05
   6634.9601209841458       0.694540024       9.81731646E-05
   6637.4173281223084       0.655225992       9.24198466E-05
   6639.8745352604701       0.657840014       9.32313560E-05
   6642.3317423986318       0.705841660       9.98469914E-05
   6644.7889495367936       0.687613666       9.71565169E-05
   6647.2461566749553       0.648180485       9.17803700E-05
   6649.7033638131179       0.620642066       8.78592618E-05
   6652.1605709512796       0.624473214       8.85983318E-05
   6654.6177780894413       0.589376450       8.29960991E-05
   6657.0749852276031       0.563870072       8.00478083E-05
   6659.5321923657648       0.614246011       8.66765549E-05
   6661.9893995039274       0.609234571       8.59725697E-05
   6664.4466066420882       0.655973613       9.28234440E-05
   6666.9038137802509       0.667719841       9.41780236E-05
   6669.3610209184126       0.683170676       9.67211308E-05
   6671.8182280565743       0.683443666       9.65038853E-05
   6674.2754351947360       0.680171251       9.63222046E-05
   6676.7326423328977       0.679969013       9.63401544E-05
   6679.1898494710604       0.634932041       8.97918289E-05
   6681.6470566092212       0.578090787       8.18603585E-05
   6684.1042637473838       0.579373777       8.20914938E-05
   6686.5614708855455       0.590680838       8.34086022E-05
   6689.0186780237073       0.598481119       8.47115662E-05
   6691.4758851618690       0.600456238       8.48133132E-05
   6693.9330923000307       0.591762364       8.36207037E-05
   6696.3902994381933       0.611273468       8.64532994E-05
   6698.8475065763550       0.642567396       9.07688081E-05
   6701.3047137145168       0.649805188       9.17487123E-05
   6703.7619208526785       0.666652679       9.43417253E-05
   6706.2191279908402       0.674959064       9.53736308E-05
   6708.6763351290019       0.667693853       9.46622022E-05
   6711.1335422671636       0.638798535       9.02271713E-05
   6713.5907494053263       0.589284778       8.36164472E-05
   6716.0479565434880       0.594756424       8.41000146E-05
   6718.5051636816497       0.570188224       8.06855023E-05
   6720.9623708198114       0.592947900       8.39018758E-05
   6723.4195779579732       0.572447777       8.07277538E-05
   6725.8767850961358       0.606118619       8.60266009E-05
   6728.3339922342975       0.613869131       8.65853872E-05
   6730.7911993724592       0.583226800       8.24743474E-05
   6733.2484065106210       0.593771458       8.39134227E-05
   6735.7056136487827       0.637813807       9.03069013E-05
   6738.1628207869444       0.662973821       9.34612108E-05
   6740.6200279251061       0.643800080       9.11017341E-05
   6743.0772350632687       0.676104546       9.57969824E-05
   6745.5344422014305       0.649022639       9.14870179E-05
   6747.9916493395922       0.638585091       9.06048153E-05
   6750.4488564777539       0.658249855       9.29578746E-05
   6752.9060636159156       0.644879699       9.13484764E-05
   6755.3632707540773       0.640788853       9.04347180E-05
   6757.8204778922391       0.629610419       8.92059979E-05
   6760.2776850304017       0.671255946       9.46634391E-05
   6762.7348921685634       0.675674617       9.54854986E-05
   6765.1920993067251       0.742219269       1.04945357E-04
   6767.6493064448869       0.743521571       1.04853447E-04
   6770.1065135830486       0.762110412       1.07711989E-04
   6772.5637207212112       0.798704207       1.13067566E-04
   6775.0209278593729       0.827880383       1.17081901E-04
   6777.4781349975347       0.763870656       1.08073611E-04
   6779.9353421356964       0.718615294       1.01872218E-04
   6782.3925492738581       0.687713504       9.75220682E-05
   6784.8497564120198       0.673804820       9.51131951E-05
   6787.3069635501815       0.647767484       9.17818325E-05
   6789.7641706883442       0.706798017       9.99767726E-05
   6792.2213778265059       0.681841731       9.60824400E-05
   6794.6785849646676       0.715593576       1.01577774E-04
   6797.1357921028293       0.720702112       1.01513928E-04
   6799.5929992409910       0.712216437       1.00833699E-04
   6802.0502063791528       0.746765137       1.05700936E-04
   6804.5074135173145       0.747092724       1.05445528E-04
   6806.9646206554771       0.723092675       1.02231359E-04
   6809.4218277936388       0.759581685       1.07718202E-04
   6811.8790349318006       0.756570995       1.06645486E-04
   6814.3362420699623       0.723700941       1.02524027E-04
   6816.7934492081240       0.750217676       1.06172556E-04
   6819.2506563462866       0.736654580       1.03906052E-04
   6821.7078634844484       0.749208093       1.06091058E-04
   6824.1650706226101       0.790100813       1.11715657E-04
   6826.6222777607718       0.785044611       1.10852401E-04
   6829.0794848989335       0.770656765       1.08959845E-04
   6831.5366920370961       0.801700711       1.13581817E-04
   6833.9938991752570       0.809666932       1.14261675E-04
   6836.4511063134196       0.781776428       1.10647212E-04
   6838.9083134515813       0.798918605       1.12965092E-04
   6841.3655205897430       0.812171221       1.15003531E-04
   6843.8227277279047       0.814169049       1.14856753E-04
   6846.2799348660665       0.794334471       1.12550864E-04
   6848.7371420042291       0.835393727       1.18306489E-04
   6851.1943491423908       0.784221530       1.10650726E-04
   6853.6515562805525       0.759319961       1.07644984E-04
   6856.1087634187143       0.785377324       1.11167472E-04
   6858.5659705568760       0.783813417       1.10515546E-04
   6861.0231776950377       0.783404350       1.11157788E-04
   6863.4803848331994       0.815500319       1.15098483E-04
   6865.9375919713621       0.756737292       1.06947475E-04
   6868.3947991095238       0.802999437       1.13732938E-04
   6870.8520062476855       0.815003395       1.14815484E-04
   6873.3092133858472       0.868407965       1.22760481E-04
   6875.7664205240089       0.924799979       1.30592569E-04
   6878.2236276621707       0.980065227       1.38903255E-04
   6880.6808348003324       0.919224083       1.29549153E-04
   6883.1380419384950       0.847806036       1.20406636E-04
   6885.5952490766567       0.884819269       1.25171704E-04
   6888.0524562148184       0.865704834       1.22279511E-04
   6890.5096633529802       0.877014995       1.24143393E-04
   6892.9668704911419       0.889233768       1.25839724E-04
   6895.4240776293036       0.887176752       1.25565581E-04
   6897.8812847674662       0.836006105       1.18056363E-04
   6900.3384919056280       0.835750043       1.18350916E-04
   6902.7956990437897       0.896527171       1.26705985E-04
   6905.2529061819514       0.927899599       1.31014283E-04
   6907.7101133201131       0.944401026       1.33459485E-04
   6910.1673204582748       0.983038247       1.39303011E-04
   6912.6245275964375       0.979384720       1.38287200E-04
   6915.0817347345992       0.928054214       1.31407171E-04
   6917.5389418727609       0.940848947       1.33123292E-04
   6919.9961490109226       0.947676539       1.33982801E-04
   6922.4533561490844       0.971815526       1.37148614E-04
   6924.9105632872470        1.01341736       1.43357931E-04
   6927.3677704254078        1.09829664       1.55097310E-04
   6929.8249775635704        1.10824597       1.56588576E-04
   6932.2821847017321        1.13831925       1.60988639E-04
   6934.7393918398939        1.13324857       1.60012860E-04
   6937.1965989780556        1.17463744       1.66083526E-04
   6939.6538061162173        1.24427533       1.75713460E-04
   6942.1110132543799        1.31359792       1.85391458E-04
   6944.5682203925408        1.37968242       1.94964116E-04
   6947.0254275307034        1.45675731       2.06075070E-04
   6949.4826346688651        1.45368004       2.05719043E-04
   6951.9398418070268        1.36621106       1.92945823E-04
   6954.3970489451885        1.32006562       1.87355239E-04
   6956.8542560833503        1.38896537       1.96289591E-04
   6959.3114632215129        1.34084463       1.89284954E-04
   6961.7686703596746        1.40995622       1.99704344E-04
   6964.2258774978363        1.45541775       2.05550881E-04
   6966.6830846359981        1.47033954       2.07959776E-04
   6969.1402917741598        1.45012784       2.04858836E-04
   6971.5974989123215        1.48756480       2.10455197E-04
   6974.0547060504832        1.54388821       2.18336296E-04
   6976.5119131886458        1.55728972       2.20069458E-04
   6978.9691203268076        1.53219986       2.16641827E-04
   6981.4263274649693        1.56270587       2.21317183E-04
   6983.8835346031310        1.56953514       2.21629569E-04
   6986.3407417412927        1.55542946       2.20265094E-04
   6988.7979488794554        1.58598471       2.24334333E-04
   6991.2551560176171        1.54400241       2.17935842E-04
   6993.7123631557788        1.58229661       2.24482836E-04
   6996.1695702939405        1.64937806       2.32872189E-04
   6998.6267774321022        1.56903946       2.21721872E-04
   7001.0839845702640        1.63085055       2.30851685E-04
   7003.5411917084257        1.69125807       2.38993045E-04
   7005.9983988465883        1.76037312       2.49181292E-04
   7008.4556059847500        1.70334196       2.40034336E-04
   7010.9128131229118        1.73954952       2.46794138E-04
   7013.3700202610735        1.87166786       2.63914728E-04
   7015.8272273992352        1.86638927       2.64058646E-04
   7018.2844345373978        1.93363607       2.72981386E-04
   7020.7416416755586        1.90619123       2.69437005E-04
   7023.1988488137213        2.03630471       2.87807517E-04
   7025.6560559518830        2.04675484       2.88443262E-04
   7028.1132630900447        2.18587565       3.09281022E-04
   7030.5704702282064        2.29992151       3.24273162E-04
   7033.0276773663682        2.36091161       3.33764328E-04
   7035.4848845045308        2.42307782       3.41970153E-04
   7037.9420916426916        2.47334933       3.49608541E-04
   7040.3992987808542        2.58923364       3.66074732E-04
   7042.8565059190159        2.59754634       3.66967171E-04
   7045.3137130571777        2.56301785       3.63179221E-04
   7047.7709201953394        2.48133159       3.52009723E-04
   7050.2281273335011        2.17854285       3.08959774E-04
   7052.6853344716637        1.78648782       2.54184910E-04
   7055.1425416098255        1.49753559       2.13502208E-04
   7057.5997487479872        1.23528111       1.75312103E-04
   7060.0569558861489        1.00199437       1.42260440E-04
   7062.5141630243106       0.977736533       1.38599062E-04
   7064.9713701624732        1.02446651       1.44794030E-04
   7067.4285773006350        1.05205107       1.48261461E-04
   7069.8857844387967        1.05296886       1.48733743E-04
   7072.3429915769584        1.12676430       1.59281713E-04
   7074.8001987151201        1.13052595       1.59219475E-04
   7077.2574058532819        1.14521801       1.62197262E-04
   7079.7146129914436        1.18458712       1.67330218E-04
   7082.1718201296062        1.12010431       1.58279086E-04
   7084.6290272677679        1.08888745       1.54615846E-04
   7087.0862344059296        1.01768553       1.43513811E-04
   7089.5434415440914       0.922153056       1.30960267E-04
   7092.0006486822531       0.942365408       1.33350361E-04
   7094.4578558204148       0.875086963       1.23524427E-04
   7096.9150629585765       0.892427564       1.26595798E-04
   7099.3722700967392       0.892106891       1.25576305E-04
   7101.8294772349009       0.919947267       1.30319138E-04
   7104.2866843730626       0.996930003       1.40854580E-04
   7106.7438915112243       0.975769520       1.37474664E-04
   7109.2010986493860       0.984588385       1.39370590E-04
   7111.6583057875478        1.06796837       1.50793057E-04
   7114.1155129257095        1.09631574       1.54715337E-04
   7116.5727200638721        1.13813758       1.61179996E-04
   7119.0299272020338        1.12429392       1.58900861E-04
   7121.4871343401956        1.05832469       1.50081381E-04
   7123.9443414783573       0.988650560       1.39905227E-04
   7126.4015486165190       0.924786747       1.31316905E-04
   7128.8587557546816       0.892775357       1.26233586E-04
   7131.3159628928424       0.829581082       1.17505006E-04
   7133.7731700310051       0.852427363       1.20683930E-04
   7136.2303771691668       0.841031253       1.18662436E-04
   7138.6875843073285       0.872446358       1.23585953E-04
   7141.1447914454911       0.903143108       1.27550520E-04
   7143.6019985836519       0.890105844       1.25653081E-04
   7146.0592057218146       0.907032847       1.28348765E-04
   7148.5164128599763       0.965088606       1.36401883E-04
   7150.9736199981380       0.975618005       1.37899508E-04
   7153.4308271362997       0.967514753       1.36516101E-04
   7155.8880342744615       0.980796635       1.39004347E-04
   7158.3452414126241        1.05068314       1.48682579E-04
   7160.8024485507858       0.972865760       1.37179653E-04
   7163.2596556889475       0.947166324       1.34468151E-04
   7165.7168628271093       0.978302538       1.38216856E-04
   7168.1740699652710       0.972512662       1.37573239E-04
   7170.6312771034327       0.980011284       1.38396252E-04
   7173.0884842415944       0.997946262       1.40969350E-04
   7175.5456913797570        1.08664656       1.53763278E-04
   7178.0028985179188        1.12930107       1.59144212E-04
   7180.4601056560805        1.14209676       1.61563599E-04
   7182.9173127942422        1.20857227       1.70640080E-04
   7185.3745199324039        1.24209654       1.75687193E-04
   7187.8317270705656        1.29292953       1.82762262E-04
   7190.2889342087274        1.25738287       1.77614056E-04
   7192.7461413468900        1.27699745       1.81049516E-04
   7195.2033484850517        1.27864325       1.80747244E-04
   7197.6605556232134        1.22217393       1.72995133E-04
   7200.1177627613752        1.19874942       1.69638923E-04
   7202.5749698995369        1.19772232       1.69181629E-04
   7205.0321770376986        1.26820803       1.79877810E-04
   7207.4893841758603        1.29622853       1.82607968E-04
   7209.9465913140230        1.24092090       1.75741268E-04
   7212.4037984521847        1.34078503       1.89744693E-04
   7214.8610055903464        1.33769941       1.88732840E-04
   7217.3182127285090        1.37926972       1.95283807E-04
   7219.7754198666698        1.40499282       1.98420210E-04
   7222.2326270048325        1.44526231       2.04543961E-04
   7224.6898341429942        1.46322346       2.06872588E-04
   7227.1470412811559        1.46209371       2.06687051E-04
   7229.6042484193176        1.46650159       2.07443678E-04
   7232.0614555574793        1.52595782       2.15873355E-04
   7234.5186626956420        1.53601813       2.16662957E-04
   7236.9758698338028        1.59567320       2.25791402E-04
   7239.4330769719654        1.71041191       2.41456248E-04
   7241.8902841101271        1.77683246       2.51064077E-04
   7244.3474912482889        1.84881651       2.61101202E-04
   7246.8046983864506        1.90630138       2.69465643E-04
   7249.2619055246123        1.99835432       2.82336754E-04
   7251.7191126627749        2.04682803       2.89207936E-04
   7254.1763198009367        2.13117099       3.01337714E-04
   7256.6335269390984        2.17671776       3.07319802E-04
   7259.0907340772601        2.25624728       3.19381710E-04
   7261.5479412154218        2.33233786       3.29551985E-04
   7264.0051483535835        2.31590033       3.27692716E-04
   7266.4623554917453        2.32148099       3.28435417E-04
   7268.9195626299079        2.30424476       3.25950939E-04
   7271.3767697680696        2.34200764       3.31333431E-04
   7273.8339769062313        2.37763262       3.36215162E-04
   7276.2911840443930        2.42050648       3.42102518E-04
   7278.7483911825548        2.48525929       3.51457857E-04
   7281.2055983207165        2.58767009       3.65810818E-04
   7283.6628054588782        2.64345551       3.73545772E-04
   7286.1200125970408        2.70669222       3.82529193E-04
   7288.5772197352026        2.80757856       3.97103606E-04
   7291.0344268733643        2.90309811       4.09846951E-04
   7293.4916340115260        2.96635795       4.19406075E-04
   7295.9488411496877        3.13864231       4.43559897E-04
   7298.4060482878504        3.22110033       4.54821624E-04
   7300.8632554260121        3.36531925       4.75708774E-04
   7303.3204625641738        3.50896382       4.95828397E-04
   7305.7776697023355        3.63423133       5.13494771E-04
   7308.2348768404972        3.70226216       5.22943621E-04
   7310.6920839786590        3.86262059       5.46207884E-04
   7313.1492911168207        4.02258110       5.68233256E-04
   7315.6064982549833        4.11307716       5.81251865E-04
   7318.0637053931450        4.21854258       5.96633297E-04
   7320.5209125313067        4.29923201       6.07878377E-04
   7322.9781196694685        4.28705215       6.06267713E-04
   7325.4353268076302        4.29077578       6.06954447E-04
   7327.8925339457928        4.32115221       6.10764662E-04
   7330.3497410839536        4.42308521       6.25052606E-04
   7332.8069482221163        4.61955309       6.53192285E-04
   7335.2641553602780        4.79531527       6.77802949E-04
   7337.7213624984397        4.79359531       6.77709468E-04
   7340.1785696366014        4.76612377       6.74236857E-04
   7342.6357767747631        4.76600647       6.74402458E-04
   7345.0929839129258        4.77482939       6.75661780E-04
   7347.5501910510866        4.68694353       6.62800099E-04
   7350.0073981892492        4.61977243       6.53433381E-04
   7352.4646053274109        4.68795156       6.63140148E-04
   7354.9218124655727        4.80407381       6.78818091E-04
   7357.3790196037344        4.87672710       6.89057575E-04
   7359.8362267418961        5.02925491       7.10853725E-04
   7362.2934338800587        5.18587637       7.32872868E-04
   7364.7506410182204        5.30010223       7.49385392E-04
   7367.2078481563822        5.31708574       7.51818763E-04
   7369.6650552945439        5.27389574       7.45878438E-04
   7372.1222624327056        5.24791002       7.42509903E-04
   7374.5794695708682        5.24567223       7.41696509E-04
   7377.0366767090300        5.23333597       7.39975425E-04
   7379.4938838471917        5.30453157       7.50148087E-04
   7381.9510909853534        5.37054968       7.59110495E-04
   7384.4082981235151        5.42888308       7.67931226E-04
   7386.8655052616768        5.44668818       7.70244224E-04
   7389.3227123998386        5.37171793       7.59565912E-04
   7391.7799195380012        5.35013199       7.57326547E-04
   7394.2371266761629        5.35249233       7.56889291E-04
   7396.6943338143246        5.25266314       7.43091339E-04
   7399.1515409524864        5.22808313       7.39499985E-04
   7401.6087480906481        5.19469023       7.34624220E-04
   7404.0659552288098        5.24917746       7.42686214E-04
   7406.5231623669715        5.21032667       7.36013695E-04
   7408.9803695051341        5.21922922       7.39057083E-04
   7411.4375766432959        5.27452135       7.45440775E-04
   7413.8947837814576        5.14370871       7.27134407E-04
   7416.3519909196193        5.20878410       7.37338560E-04
   7418.8091980577810        5.24664211       7.41410709E-04
   7421.2664051959437        5.20972157       7.36788905E-04
   7423.7236123341045        5.22023344       7.38232746E-04
   7426.1808194722671        5.24525404       7.41750991E-04
   7428.6380266104288        5.26175690       7.44249497E-04
   7431.0952337485905        5.22549582       7.39125186E-04
   7433.5524408867523        5.15142059       7.28621380E-04
   7436.0096480249140        5.09775209       7.21466204E-04
   7438.4668551630766        5.06307173       7.16099690E-04
   7440.9240623012374        4.98604012       7.05071725E-04
   7443.3812694394001        5.00150967       7.07862840E-04
   7445.8384765775618        5.02088499       7.09779619E-04
   7448.2956837157235        4.96906614       7.02551275E-04
   7450.7528908538861        5.02128983       7.10346154E-04
   7453.2100979920478        5.07977247       7.18091382E-04
   7455.6673051302096        5.08673811       7.19365780E-04
   7458.1245122683713        5.08962107       7.19795295E-04
   7460.5817194065330        5.08447504       7.18863099E-04
   7463.0389265446947        5.11086750       7.22611730E-04
   7465.4961336828565        5.20127392       7.35889596E-04
   7467.9533408210191        5.23233604       7.39618437E-04
   7470.4105479591808        5.14833260       7.27912295E-04
   7472.8677550973425        5.18247175       7.33081077E-04
   7475.3249622355042        5.28323174       7.46749109E-04
   7477.7821693736660        5.37894630       7.60493218E-04
   7480.2393765118277        5.45072603       7.70718441E-04
   7482.6965836499894        5.45792150       7.71310995E-04
   7485.1537907881520        5.49306917       7.77500856E-04
   7487.6109979263138        5.55844498       7.85687473E-04
   7490.0682050644755        5.46129704       7.71814957E-04
   7492.5254122026372        5.57064009       7.88607111E-04
   7494.9826193407989        5.66884708       8.00726528E-04
   7497.4398264789606        5.66163826       8.00802547E-04
   7499.8970336171224        5.75772095       8.14302301E-04
   7502.3542407552850        5.76416254       8.14516447E-04
   7504.8114478934467        5.84056664       8.26470088E-04
   7507.2686550316084        5.92175007       8.36800609E-04
   7509.7258621697702        5.92943096       8.38608190E-04
   7512.1830693079319        6.01391840       8.50845128E-04
   7514.6402764460936        5.99367285       8.47888121E-04
   7517.0974835842553        5.87620544       8.30857374E-04
   7519.5546907224179        5.80741739       8.22256960E-04
   7522.0118978605797        5.85553265       8.27741169E-04
   7524.4691049987414        5.80578136       8.20940884E-04
   7526.9263121369040        5.92981052       8.38771346E-04
   7529.3835192750648        5.97955322       8.44406604E-04
   7531.8407264132275        6.11473036       8.64172122E-04
   7534.2979335513892        6.41034651       9.06644564E-04
   7536.7551406895509        6.58867121       9.30257374E-04
   7539.2123478277126        6.52691031       9.23127285E-04
   7541.6695549658743        6.67363834       9.44025989E-04
   7544.1267621040370        6.63674974       9.38061101E-04
   7546.5839692421978        6.67225075       9.44228610E-04
   7549.0411763803604        6.60461092       9.32818220E-04
   7551.4983835185221        6.65855360       9.42570798E-04
   7553.9555906566839        6.78527975       9.58863180E-04
   7556.4127977948456        6.68076277       9.44800617E-04
   7558.8700049330073        6.64727449       9.40105470E-04
   7561.3272120711699        6.55872393       9.26951529E-04
   7563.7844192093316        6.63230085       9.38266341E-04
   7566.2416263474934        6.69092846       9.45447537E-04
   7568.6988334856551        6.66847754       9.43548512E-04
   7571.1560406238168        6.59508324       9.31110466E-04
   7573.6132477619785        6.57548380       9.30268376E-04
   7576.0704549001402        6.92273426       9.79383360E-04
   7578.5276620383029        6.85605097       9.69330198E-04
   7580.9848691764637        6.53930092       9.26576031E-04
   7583.4420763146263        6.05217171       8.58584885E-04
   7585.8992834527880        5.45073366       7.73773645E-04
   7588.3564905909498        4.65331411       6.60721271E-04
   7590.8136977291124        3.98370552       5.66378585E-04
   7593.2709048672732        3.48368979       4.94504930E-04
   7595.7281120054358        3.11621666       4.41251468E-04
   7598.1853191435976        2.96111321       4.19325166E-04
   7600.6425262817593        3.05436087       4.30655055E-04
   7603.0997334199219        3.19752741       4.50522813E-04
   7605.5569405580827        3.62348914       5.10037702E-04
   7608.0141476962453        4.10719252       5.77995786E-04
   7610.4713548344071        4.71995687       6.66935404E-04
   7612.9285619725688        4.94270658       6.97450479E-04
   7615.3857691107305        4.63669682       6.55620650E-04
   7617.8429762488922        4.36865997       6.20084582E-04
   7620.3001833870549        4.07987595       5.77179424E-04
   7622.7573905252157        3.65108609       5.18083281E-04
   7625.2145976633783        3.44914007       4.89075785E-04
   7627.6718048015400        3.08922362       4.37574199E-04
   7630.1290119397017        2.88072658       4.08384716E-04
   7632.5862190778635        2.70809817       3.83370207E-04
   7635.0434262160252        2.69493532       3.81624268E-04
   7637.5006333541878        2.60062695       3.66925233E-04
   7639.9578404923486        2.63682103       3.73898481E-04
   7642.4150476305113        2.70141816       3.81741964E-04
   7644.8722547686730        2.52416515       3.56730772E-04
   7647.3294619068347        2.43935728       3.46272456E-04
   7649.7866690449964        2.35212302       3.32365307E-04
   7652.2438761831581        2.12927437       3.02280096E-04
   7654.7010833213208        1.99692178       2.83030473E-04
   7657.1582904594816        1.68929052       2.39384666E-04
   7659.6154975976442        1.56322742       2.22222428E-04
   7662.0727047358059        1.38760877       1.95728033E-04
   7664.5299118739676        1.36656106       1.94137800E-04
   7666.9871190121294        1.40392804       1.97404792E-04
   7669.4443261502911        1.43713224       2.03015676E-04
   7671.9015332884537        1.64940679       2.32740698E-04
   7674.3587404266145        1.77320874       2.49837845E-04
   7676.8159475647772        1.87003362       2.63892056E-04
   7679.2731547029389        1.97953343       2.79864238E-04
   7681.7303618411006        2.05735874       2.90541357E-04
   7684.1875689792632        2.03308129       2.87826668E-04
   7686.6447761174240        1.99709606       2.82776455E-04
   7689.1019832555867        1.88132501       2.66789197E-04
   7691.5591903937484        1.75266016       2.48339202E-04
   7694.0163975319101        1.59822822       2.26784570E-04
   7696.4736046700727        1.54906666       2.19204594E-04
   7698.9308118082336        1.52385247       2.15771637E-04
   7701.3880189463962        1.63025928       2.30067104E-04
   7703.8452260845579        1.70931673       2.41096830E-04
   7706.3024332227196        1.95920897       2.76965788E-04
   7708.7596403608813        2.09976053       2.95637292E-04
   7711.2168474990431        2.21982121       3.13468190E-04
   7713.6740546372057        2.41233563       3.40562779E-04
   7716.1312617753665        2.59302664       3.66053224E-04
   7718.5884689135291        2.69225740       3.79985722E-04
   7721.0456760516909        2.81248784       3.97255732E-04
   7723.5028831898526        2.95090008       4.17065807E-04
   7725.9600903280143        3.08139396       4.35001333E-04
   7728.4172974661760        3.12963009       4.42059390E-04
   7730.8745046043387        3.32793236       4.70992905E-04
   7733.3317117424995        3.39290643       4.78495378E-04
   7735.7889188806621        3.44150877       4.87825571E-04
   7738.2461260188238        3.52534819       4.98216599E-04
   7740.7033331569855        3.36082935       4.76068002E-04
   7743.1605402951473        3.29613304       4.66813013E-04
   7745.6177474333090        3.11398411       4.40899108E-04
   7748.0749545714716        3.07692027       4.36025031E-04
   7750.5321617096324        2.95598340       4.17871604E-04
   7752.9893688477950        2.93906283       4.16495779E-04
   7755.4465759859568        2.94027972       4.15294402E-04
   7757.9037831241185        2.93424654       4.14707378E-04
   7760.3609902622811        3.08879995       4.36678587E-04
   7762.8181974004419        3.23516536       4.56436072E-04
   7765.2754045386046        3.36511159       4.75685345E-04
   7767.7326116767663        3.52041483       4.97432426E-04
   7770.1898188149280        3.55218363       5.01917035E-04
   7772.6470259530906        3.59376216       5.08066674E-04
   7775.1042330912514        3.65974164       5.18226647E-04
   7777.5614402294141        3.67025614       5.18488290E-04
   7780.0186473675749        3.52720165       4.99633548E-04
   7782.4758545057375        3.56119394       5.03818737E-04
   7784.9330616438992        3.45114398       4.87881276E-04
   7787.3902687820610        3.54537725       5.02144452E-04
   7789.8474759202236        3.54381227       5.00541530E-04
   7792.3046830583844        3.54709816       5.02158597E-04
   7794.7618901965470        3.55581808       5.02155570E-04
   7797.2190973347087        3.60791779       5.10188984E-04
   7799.6763044728705        3.79121685       5.35829633E-04
   7802.1335116110322        3.89728785       5.49838704E-04
   7804.5907187491939        4.03775787       5.70437696E-04
   7807.0479258873565        4.33529520       6.12028816E-04
   7809.5051330255174        4.57736921       6.46779605E-04
   7811.9623401636800        4.75867987       6.72702387E-04
   7814.4195473018417        4.68166828       6.61779486E-04
   7816.8767544400034        4.62113953       6.54244912E-04
   7819.3339615781651        4.57487822       6.47485431E-04
   7821.7911687163269        4.50009251       6.37311314E-04
   7824.2483758544895        4.31777382       6.10668620E-04
   7826.7055829926503        4.16038799       5.89227828E-04
   7829.1627901308129        4.19589186       5.94235433E-04
   7831.6199972689747        4.11937094       5.81802567E-04
   7834.0772044071364        4.07251787       5.76503691E-04
   7836.5344115452981        4.20163631       5.93286764E-04
   7838.9916186834598        4.32084179       6.11028692E-04
   7841.4488258216224        4.54438829       6.42377185E-04
   7843.9060329597842        4.50460434       6.36060082E-04
   7846.3632400979459        4.55943346       6.44742278E-04
   7848.8204472361076        4.71377754       6.66548440E-04
   7851.2776543742693        4.86566782       6.88024913E-04
   7853.7348615124320        4.78287601       6.76120224E-04
   7856.1920686505928        4.69776058       6.64634688E-04
   7858.6492757887554        4.70316648       6.65574800E-04
   7861.1064829269171        4.75286436       6.72442082E-04
   7863.5636900650788        4.66276503       6.59436104E-04
   7866.0208972032406        4.56686497       6.46054919E-04
   7868.4781043414023        4.55869675       6.44813874E-04
   7870.9353114795649        4.64362669       6.56271935E-04
   7873.3925186177257        4.74223566       6.70252834E-04
   7875.8497257558884        4.88635063       6.90040644E-04
   7878.3069328940501        5.03178453       7.11321889E-04
   7880.7641400322118        5.24004030       7.39870477E-04
   7883.2213471703744        5.32403374       7.52332620E-04
   7885.6785543085352        5.54178524       7.83530064E-04
   7888.1357614466979        5.57451630       7.88213103E-04
   7890.5929685848587        5.55238867       7.85709475E-04
   7893.0501757230213        5.35020304       7.56575610E-04
   7895.5073828611830        5.29219103       7.49357219E-04
   7897.9645899993448        5.28327036       7.47663493E-04
   7900.4217971375074        5.21315479       7.38455623E-04
   7902.8790042756682        4.92151737       6.95600349E-04
   7905.3362114138308        4.70153284       6.66106935E-04
   7907.7934185519925        4.81331921       6.80970086E-04
   7910.2506256901543        4.83882236       6.84304687E-04
   7912.7078328283160        4.80656290       6.80037774E-04
   7915.1650399664777        4.66399097       6.59062760E-04
   7917.6222471046403        4.66474962       6.60375867E-04
   7920.0794542428021        4.82633257       6.82162587E-04
   7922.5366613809638        4.82443666       6.80696219E-04
   7924.9938685191255        4.98479319       7.04737729E-04
   7927.4510756572872        5.33111095       7.53228902E-04
   7929.9082827954498        5.52033663       7.80502800E-04
   7932.3654899336107        5.45883703       7.71392428E-04
   7934.8226970717733        5.29398346       7.49326486E-04
   7937.2799042099350        5.33541584       7.55844987E-04
   7939.7371113480967        5.20315552       7.36204733E-04
   7942.1943184862585        4.91638327       6.95024151E-04
   7944.6515256244202        4.81278086       6.81135105E-04
   7947.1087327625828        5.11478424       7.23472156E-04
   7949.5659399007436        5.25602388       7.41794007E-04
   7952.0231470389062        5.32778597       7.53826927E-04
   7954.4803541770680        5.39964867       7.62470765E-04
   7956.9375613152297        5.44320202       7.69347593E-04
   7959.3947684533914        5.72221899       8.09268153E-04
   7961.8519755915531        5.86557388       8.28181102E-04
   7964.3091827297158        5.90262461       8.34686158E-04
   7966.7663898678766        6.02516413       8.52096127E-04
   7969.2235970060392        6.06615162       8.56934232E-04
   7971.6808041442009        6.13960218       8.69300915E-04
   7974.1380112823626        6.21187496       8.79121886E-04
   7976.5952184205253        5.90918112       8.35540821E-04
   7979.0524255586861        5.68400002       8.05842981E-04
   7981.5096326968487        5.63217354       7.96787965E-04
   7983.9668398350095        5.52003241       7.80967646E-04
   7986.4240469731722        5.57327223       7.88867357E-04
   7988.8812541113339        5.59493637       7.90737977E-04
   7991.3384612494956        5.61339569       7.93407089E-04
   7993.7956683876582        5.80440092       8.20840418E-04
   7996.2528755258199        6.06715441       8.57095642E-04
   7998.7100826639817        6.19830894       8.75568483E-04
   8001.1672898021434        6.41987228       9.07681067E-04
   8003.6244969403051        6.64417648       9.39026126E-04
   8006.0817040784677        6.77528429       9.57396347E-04
   8008.5389112166285        6.87047482       9.70999419E-04
   8010.9961183547912        7.09954357       1.00402627E-03
   8013.4533254929529        7.30082941       1.03146618E-03
   8015.9105326311146        7.39718914       1.04533101E-03
   8018.3677397692763        7.63999939       1.07964966E-03
   8020.8249469074381        7.95632887       1.12522580E-03
   8023.2821540456007        8.18005371       1.15588983E-03
   8025.7393611837615        8.10554123       1.14493445E-03
   8028.1965683219241        8.34785843       1.18178898E-03
   8030.6537754600859        8.63410378       1.21776282E-03
   8033.1109825982476        8.85657024       1.25251140E-03
