   5529.2169088113069        3.66374590E-02  -5.18131765E-06
   5531.6741159494686        3.92966494E-02   5.83840847E-06
   5534.1313230876303        6.16209880E-02   8.40751545E-06
   5536.5885302257930        6.25180751E-02   8.83977737E-06
   5539.0457373639547        5.39140664E-02   7.84059193E-06
   5541.5029445021164        6.13348149E-02   8.46309013E-06
   5543.9601516402781        6.06279038E-02   8.58464955E-06
   5546.4173587784398        4.75200377E-02   6.90154820E-06
   5548.8745659166016        5.23757897E-02   7.45521174E-06
   5551.3317730547642        6.07385710E-02   8.59572629E-06
   5553.7889801929259        7.19634295E-02   1.00874995E-05
   5556.2461873310876        7.13516995E-02   1.01418636E-05
   5558.7033944692494        7.63900504E-02   1.06526813E-05
   5561.1606016074111        6.67019784E-02   9.79172819E-06
   5563.6178087455728        8.09320733E-02   1.13830720E-05
   5566.0750158837354        9.64596495E-02   1.36947438E-05
   5568.5322230218972       0.110382870       1.53996680E-05
   5570.9894301600589       0.111033693       1.57554186E-05
   5573.4466372982206       0.107276425       1.57544073E-05
   5575.9038444363823       0.143620908       1.95908578E-05
   5578.3610515745440       0.141517207       2.00441100E-05
   5580.8182587127058       0.102532335       1.57456343E-05
   5583.2754658508684       0.152930692       2.09455047E-05
   5585.7326729890301       0.175926834       2.47226453E-05
   5588.1898801271918       0.152124062       2.19629947E-05
   5590.6470872653535       0.167215139       2.31266240E-05
   5593.1042944035153       0.150781646       2.14868087E-05
   5595.5615015416770       0.127561152       1.84653054E-05
   5598.0187086798396       0.141251251       1.98875478E-05
   5600.4759158180013       0.158126697       2.21645769E-05
   5602.9331229561631       0.152456507       2.15269138E-05
   5605.3903300943248       0.142779142       2.04052230E-05
   5607.8475372324865       0.144259289       2.03755626E-05
   5610.3047443706482       0.154165924       2.15896216E-05
   5612.7619515088109       0.139432669       1.98898852E-05
   5615.2191586469726       0.136962935       1.94243858E-05
   5617.6763657851343       0.139160767       1.96787350E-05
   5620.1335729232960       0.146433622       2.05099495E-05
   5622.5907800614577       0.132440224       1.92726638E-05
   5625.0479871996195       0.154904842       2.13618514E-05
   5627.5051943377821       0.152028233       2.15868276E-05
   5629.9624014759438       0.131360561       1.89930706E-05
   5632.4196086141055       0.149268344       2.08665006E-05
   5634.8768157522672       0.155631512       2.19834928E-05
   5637.3340228904290       0.152811378       2.18330060E-05
   5639.7912300285907       0.165506855       2.29211255E-05
   5642.2484371667524       0.151164889       2.17771649E-05
   5644.7056443049150       0.143139854       2.04985390E-05
   5647.1628514430768       0.171846464       2.37133900E-05
   5649.6200585812385       0.147668391       2.15721830E-05
   5652.0772657194002       0.163899779       2.29880643E-05
   5654.5344728575619       0.182584926       2.56874155E-05
   5656.9916799957236       0.181709319       2.54800452E-05
   5659.4488871338863       0.162252828       2.32416023E-05
   5661.9060942720480       0.156198263       2.20157908E-05
   5664.3633014102097       0.156786531       2.20497732E-05
   5666.8205085483714       0.138917118       2.01094699E-05
   5669.2777156865332       0.154561967       2.16196931E-05
   5671.7349228246949       0.164101660       2.32580842E-05
   5674.1921299628575       0.166478097       2.35596162E-05
   5676.6493371010192       0.175591409       2.47754870E-05
   5679.1065442391809       0.176978484       2.50743688E-05
   5681.5637513773427       0.183051869       2.59828157E-05
   5684.0209585155044       0.194124267       2.71082281E-05
   5686.4781656536661       0.186410546       2.63250786E-05
   5688.9353727918278       0.155113801       2.27034725E-05
   5691.3925799299905       0.183201358       2.57336051E-05
   5693.8497870681522       0.211631984       2.95965492E-05
   5696.3069942063139       0.206434280       2.92404638E-05
   5698.7642013444756       0.195246086       2.78962834E-05
   5701.2214084826373       0.208690837       2.94146903E-05
   5703.6786156207991       0.220081329       3.09771167E-05
   5706.1358227589617       0.217394158       3.10230207E-05
   5708.5930298971234       0.229829013       3.22140186E-05
   5711.0502370352851       0.232923806       3.29133909E-05
   5713.5074441734469       0.217005000       3.06180300E-05
   5715.9646513116086       0.204260647       2.89596046E-05
   5718.4218584497703       0.182790443       2.61652549E-05
   5720.8790655879329       0.195319325       2.74702870E-05
   5723.3362727260946       0.195497990       2.79823926E-05
   5725.7934798642564       0.220770657       3.06435104E-05
   5728.2506870024181       0.206606209       2.95628015E-05
   5730.7078941405798       0.202645048       2.87331331E-05
   5733.1651012787415       0.215379566       3.01659329E-05
   5735.6223084169033       0.206656948       2.93902394E-05
   5738.0795155550659       0.199194506       2.82253259E-05
   5740.5367226932276       0.205558255       2.91249999E-05
   5742.9939298313893       0.211006254       2.96133021E-05
   5745.4511369695510       0.207765535       2.97182432E-05
   5747.9083441077128       0.213804692       3.05978465E-05
   5750.3655512458745       0.259616077       3.59856458E-05
   5752.8227583840371       0.246290132       3.52780953E-05
   5755.2799655221988       0.251746476       3.49541115E-05
   5757.7371726603606       0.222227022       3.17393569E-05
   5760.1943797985223       0.185676381       2.65979179E-05
   5762.6515869366840       0.188883215       2.67207251E-05
   5765.1087940748457       0.195592791       2.75785569E-05
   5767.5660012130083       0.199365705       2.85840142E-05
   5770.0232083511701       0.223376110       3.13816308E-05
   5772.4804154893318       0.247174814       3.46547640E-05
   5774.9376226274935       0.228726536       3.25574038E-05
   5777.3948297656552       0.229056135       3.21704465E-05
   5779.8520369038170       0.209156677       3.03672969E-05
   5782.3092440419787       0.243541017       3.37476486E-05
   5784.7664511801413       0.246699631       3.52967800E-05
   5787.2236583183030       0.252797782       3.53696778E-05
   5789.6808654564647       0.254737347       3.61822276E-05
   5792.1380725946265       0.240420923       3.42827043E-05
   5794.5952797327882       0.266012937       3.75753480E-05
   5797.0524868709508       0.277892739       3.91632420E-05
   5799.5096940091125       0.292864770       4.09307431E-05
   5801.9669011472743       0.244188011       3.55019438E-05
   5804.4241082854360       0.266792297       3.73422154E-05
   5806.8813154235977       0.277893573       3.91055328E-05
   5809.3385225617594       0.267212242       3.76558128E-05
   5811.7957296999211       0.231924936       3.33993084E-05
   5814.2529368380838       0.243622616       3.40685801E-05
   5816.7101439762455       0.238914073       3.39293401E-05
   5819.1673511144072       0.233649090       3.28543829E-05
   5821.6245582525689       0.219766095       3.13564778E-05
   5824.0817653907307       0.218428791       3.10608921E-05
   5826.5389725288924       0.239321709       3.36525336E-05
   5828.9961796670550       0.246234849       3.46385750E-05
   5831.4533868052167       0.235228330       3.35413897E-05
   5833.9105939433784       0.237589136       3.37955316E-05
   5836.3678010815402       0.263967186       3.65754422E-05
   5838.8250082197019       0.233743221       3.36197263E-05
   5841.2822153578636       0.219953462       3.10668620E-05
   5843.7394224960262       0.227118343       3.16880905E-05
   5846.1966296341880       0.185774714       2.68354288E-05
   5848.6538367723497       0.177252755       2.48169526E-05
   5851.1110439105114       0.166192383       2.35433381E-05
   5853.5682510486731       0.143966570       2.08427264E-05
   5856.0254581868348       0.160200357       2.26801512E-05
   5858.4826653249966       0.187125161       2.58135897E-05
   5860.9398724631592       0.161252752       2.32149905E-05
   5863.3970796013209       0.142032281       2.07416688E-05
   5865.8542867394826       0.181671619       2.50393969E-05
   5868.3114938776444       0.183941826       2.61661298E-05
   5870.7687010158061       0.174272269       2.45507781E-05
   5873.2259081539678       0.170191422       2.39877445E-05
   5875.6831152921304       0.146913782       2.09131722E-05
   5878.1403224302921       0.137419134       1.93769556E-05
   5880.5975295684539       0.119742095       1.72580731E-05
   5883.0547367066156       0.127596870       1.76662270E-05
   5885.5119438447773       0.113823876       1.63513905E-05
   5887.9691509829390       0.105704017       1.50170745E-05
   5890.4263581211017       0.112711243       1.60480922E-05
   5892.8835652592634       0.124480315       1.70014664E-05
   5895.3407723974251        9.73637030E-02   1.43796133E-05
   5897.7979795355868        8.23925808E-02   1.25809438E-05
   5900.2551866737485       0.139147788       1.88346130E-05
   5902.7123938119103       0.135816485       1.94383156E-05
   5905.1696009500720       0.130042136       1.85220197E-05
   5907.6268080882346       0.140328780       1.99059032E-05
   5910.0840152263963       0.158123687       2.21433220E-05
   5912.5412223645581       0.156649843       2.24857613E-05
   5914.9984295027198       0.175435737       2.44093299E-05
   5917.4556366408815       0.173362583       2.45560896E-05
   5919.9128437790432       0.158562973       2.28312929E-05
   5922.3700509172058       0.177297547       2.45577285E-05
   5924.8272580553676       0.168910965       2.42497790E-05
   5927.2844651935293       0.166017860       2.33045703E-05
   5929.7416723316910       0.170925304       2.40636309E-05
   5932.1988794698527       0.146351263       2.08584006E-05
   5934.6560866080144       0.142648786       2.03340715E-05
   5937.1132937461771       0.143116996       2.10661256E-05
   5939.5705008843388       0.202891722       2.75873881E-05
   5942.0277080225005       0.188605785       2.71389563E-05
   5944.4849151606622       0.176457331       2.49320474E-05
   5946.9421222988240       0.182298109       2.58087603E-05
   5949.3993294369857       0.182118952       2.59882072E-05
   5951.8565365751474       0.202871323       2.81766479E-05
   5954.3137437133100       0.189251587       2.68183321E-05
   5956.7709508514718       0.160051033       2.28707886E-05
   5959.2281579896335       0.152041584       2.18646492E-05
   5961.6853651277952       0.173133671       2.43544418E-05
   5964.1425722659569       0.193561405       2.68880958E-05
   5966.5997794041186       0.166313693       2.42421156E-05
   5969.0569865422813       0.180006906       2.53111266E-05
   5971.5141936804430       0.204141781       2.82770088E-05
   5973.9714008186047       0.165744513       2.41907510E-05
   5976.4286079567664       0.168775797       2.38670473E-05
   5978.8858150949281       0.193451151       2.72530178E-05
   5981.3430222330899       0.199953973       2.82235142E-05
   5983.8002293712525       0.205973014       2.88730062E-05
   5986.2574365094142       0.184960395       2.64457140E-05
   5988.7146436475759       0.181704029       2.56207059E-05
   5991.1718507857377       0.179639518       2.55657105E-05
   5993.6290579238994       0.186694860       2.65407598E-05
   5996.0862650620611       0.206918329       2.88659012E-05
   5998.5434722002228       0.201981679       2.86755730E-05
   6001.0006793383855       0.188651353       2.68775493E-05
   6003.4578864765472       0.199643195       2.79778742E-05
   6005.9150936147089       0.190709829       2.71428416E-05
   6008.3723007528706       0.190535322       2.69568282E-05
   6010.8295078910323       0.194516212       2.74312715E-05
   6013.2867150291941       0.194562703       2.74925951E-05
   6015.7439221673567       0.187569559       2.69131342E-05
   6018.2011293055184       0.209951565       2.91806537E-05
   6020.6583364436801       0.204371303       2.90907574E-05
   6023.1155435818418       0.193075180       2.74050453E-05
   6025.5727507200036       0.201404840       2.83515838E-05
   6028.0299578581653       0.195620611       2.77956169E-05
   6030.4871649963279       0.200607091       2.82047495E-05
   6032.9443721344896       0.193386436       2.79871583E-05
   6035.4015792726514       0.227033406       3.14947356E-05
   6037.8587864108131       0.234135449       3.30762850E-05
   6040.3159935489748       0.209060982       3.01803702E-05
   6042.7732006871365       0.236323059       3.28706228E-05
   6045.2304078252982       0.234601200       3.35641053E-05
   6047.6876149634609       0.243084073       3.45621738E-05
   6050.1448221016226       0.278323591       3.87424043E-05
   6052.6020292397843       0.265612900       3.77634533E-05
   6055.0592363779460       0.249738246       3.55970042E-05
   6057.5164435161078       0.263414800       3.68934016E-05
   6059.9736506542704       0.256071806       3.65389096E-05
   6062.4308577924321       0.259538502       3.66826534E-05
   6064.8880649305938       0.276251107       3.89335364E-05
   6067.3452720687555       0.273430377       3.85442108E-05
   6069.8024792069173       0.265695900       3.80886122E-05
   6072.2596863450790       0.283160001       3.99067612E-05
   6074.7168934832407       0.313669622       4.37985764E-05
   6077.1741006214033       0.276482910       3.99012424E-05
   6079.6313077595651       0.296243012       4.13248126E-05
   6082.0885148977268       0.289354712       4.11910187E-05
   6084.5457220358885       0.286894143       4.05422543E-05
   6087.0029291740502       0.291010141       4.09479362E-05
   6089.4601363122119       0.278660059       3.98254451E-05
   6091.9173434503737       0.287587464       4.03107879E-05
   6094.3745505885363       0.290046632       4.10160683E-05
   6096.8317577266980       0.265989393       3.81665996E-05
   6099.2889648648597       0.294380337       4.07416082E-05
   6101.7461720030215       0.259726822       3.73983312E-05
   6104.2033791411832       0.250090599       3.52300849E-05
   6106.6605862793458       0.253605723       3.58557809E-05
   6109.1177934175075       0.244482607       3.51676936E-05
   6111.5750005556692       0.279925704       3.83777879E-05
   6114.0322076938310       0.242654249       3.52111783E-05
   6116.4894148319927       0.217986524       3.11032127E-05
   6118.9466219701544       0.254242092       3.52695024E-05
   6121.4038291083161       0.215125754       3.14590543E-05
   6123.8610362464788       0.247289717       3.39781800E-05
   6126.3182433846405       0.227563173       3.29220056E-05
   6128.7754505228022       0.230805665       3.23850400E-05
   6131.2326576609639       0.244448036       3.42942840E-05
   6133.6898647991256       0.215262860       3.08458293E-05
   6136.1470719372874       0.216297999       3.05671638E-05
   6138.6042790754491       0.222896025       3.13544078E-05
   6141.0614862136117       0.218338981       3.10339128E-05
   6143.5186933517734       0.215949789       3.04977875E-05
   6145.9759004899352       0.222033650       3.12478587E-05
   6148.4331076280969       0.205406561       2.91634169E-05
   6150.8903147662586       0.201695606       2.86161667E-05
   6153.3475219044212       0.199488804       2.80912645E-05
   6155.8047290425829       0.200176299       2.82207420E-05
   6158.2619361807447       0.176412806       2.52375503E-05
   6160.7191433189064       0.183016255       2.55319610E-05
   6163.1763504570681       0.158692047       2.33226219E-05
   6165.6335575952298       0.192571282       2.66817915E-05
   6168.0907647333916       0.205972120       2.91024753E-05
   6170.5479718715542       0.195255011       2.75257898E-05
   6173.0051790097159       0.183824226       2.60091892E-05
   6175.4623861478776       0.164304018       2.38294579E-05
   6177.9195932860393       0.189641759       2.63333695E-05
   6180.3768004242011       0.194967166       2.75221737E-05
   6182.8340075623637       0.173559502       2.47374592E-05
   6185.2912147005254       0.173012629       2.42829537E-05
   6187.7484218386871       0.157474890       2.25369131E-05
   6190.2056289768489       0.159418240       2.25146705E-05
   6192.6628361150106       0.164690256       2.31481699E-05
   6195.1200432531723       0.159418330       2.33024421E-05
   6197.5772503913340       0.197390586       2.65633971E-05
   6200.0344575294966       0.167669430       2.47914959E-05
   6202.4916646676584       0.143187091       2.04632524E-05
   6204.9488718058201       0.183909565       2.55893538E-05
   6207.4060789439818       0.136682034       2.11614188E-05
   6209.8632860821435       0.217924446       2.91106026E-05
   6212.3204932203053       0.186833367       2.74956274E-05
   6214.7777003584670       0.197620362       2.72088291E-05
   6217.2349074966296       0.184934884       2.65881063E-05
   6219.6921146347913       0.177953556       2.51168913E-05
   6222.1493217729530       0.184755147       2.61579789E-05
   6224.6065289111148       0.187215969       2.62394606E-05
   6227.0637360492765       0.176330343       2.51387319E-05
   6229.5209431874382       0.168766752       2.42308361E-05
   6231.9781503256008       0.196252406       2.72765483E-05
   6234.4353574637626       0.192728385       2.75045295E-05
   6236.8925646019243       0.193892241       2.72800607E-05
   6239.3497717400860       0.195588857       2.75941602E-05
   6241.8069788782477       0.183071166       2.59592780E-05
   6244.2641860164094       0.177766383       2.50506473E-05
   6246.7213931545721       0.164483368       2.37167897E-05
   6249.1786002927338       0.182199970       2.57189313E-05
   6251.6358074308955       0.207002893       2.89177678E-05
   6254.0930145690572       0.198661879       2.81317862E-05
   6256.5502217072190       0.184417024       2.61027290E-05
   6259.0074288453807       0.173275083       2.47529042E-05
   6261.4646359835424       0.179591119       2.56111125E-05
   6263.9218431217050       0.206838518       2.87605817E-05
   6266.3790502598667       0.201447472       2.86848663E-05
   6268.8362573980285       0.192809671       2.76399223E-05
   6271.2934645361902       0.220968351       3.07570044E-05
   6273.7506716743519       0.217325509       3.07518603E-05
   6276.2078788125136       0.199611992       2.89188301E-05
   6278.6650859506763       0.231978729       3.21868611E-05
   6281.1222930888380       0.240048572       3.42908970E-05
   6283.5795002269997       0.241872251       3.42471139E-05
   6286.0367073651614       0.270875663       3.78753721E-05
   6288.4939145033231       0.246433780       3.55024313E-05
   6290.9511216414849       0.272055358       3.79715821E-05
   6293.4083287796475       0.268257171       3.82849976E-05
   6295.8655359178092       0.280693203       3.92464026E-05
   6298.3227430559709       0.267309546       3.85467683E-05
   6300.7799501941327       0.294146091       4.07782391E-05
   6303.2371573322944       0.287859410       4.11415604E-05
   6305.6943644704561       0.273606241       3.91495705E-05
   6308.1515716086178       0.318105012       4.42325581E-05
   6310.6087787467804       0.299237877       4.27953237E-05
   6313.0659858849422       0.304801643       4.30634245E-05
   6315.5231930231039       0.315865904       4.50318112E-05
   6317.9804001612656       0.352619499       4.93097177E-05
   6320.4376072994273       0.353447586       4.98787813E-05
   6322.8948144375890       0.330933660       4.72359206E-05
   6325.3520215757508       0.336836189       4.78281327E-05
   6327.8092287139134       0.371190399       5.21220500E-05
   6330.2664358520751       0.374516845       5.28608762E-05
   6332.7236429902368       0.364689320       5.20651447E-05
   6335.1808501283986       0.383330733       5.40202418E-05
   6337.6380572665603       0.408702433       5.77403916E-05
   6340.0952644047229       0.408818752       5.79144653E-05
   6342.5524715428846       0.429410487       6.05883324E-05
   6345.0096786810464       0.426544368       6.06923022E-05
   6347.4668858192081       0.459654748       6.43013263E-05
   6349.9240929573698       0.437582612       6.20283754E-05
   6352.3813000955315       0.414389610       5.89808878E-05
   6354.8385072336932       0.416065156       5.86808965E-05
   6357.2957143718559       0.426672757       5.98668412E-05
   6359.7529215100176       0.378022105       5.43853203E-05
   6362.2101286481793       0.396277845       5.57209569E-05
   6364.6673357863410       0.409964830       5.82140783E-05
   6367.1245429245027       0.430774450       6.04043198E-05
   6369.5817500626654       0.421066195       6.00082094E-05
   6372.0389572008271       0.427213341       6.00632702E-05
   6374.4961643389888       0.428595066       6.06595349E-05
   6376.9533714771505       0.410523057       5.82904577E-05
   6379.4105786153123       0.423293829       5.91520475E-05
   6381.8677857534740       0.377132863       5.45182374E-05
   6384.3249928916357       0.400260419       5.61130109E-05
   6386.7822000297983       0.424843222       6.00859676E-05
   6389.2394071679601       0.418809682       5.94447411E-05
   6391.6966143061218       0.443470120       6.24410095E-05
   6394.1538214442835       0.440630138       6.25656685E-05
   6396.6110285824452       0.457770973       6.44135434E-05
   6399.0682357206069       0.450586289       6.40695725E-05
   6401.5254428587687       0.464744300       6.54987380E-05
   6403.9826499969313       0.468991011       6.61776066E-05
   6406.4398571350930       0.457578003       6.46873596E-05
   6408.8970642732547       0.436946481       6.22808075E-05
   6411.3542714114164       0.454922765       6.38286801E-05
   6413.8114785495782       0.447746456       6.35323886E-05
   6416.2686856877408       0.437190801       6.16692778E-05
   6418.7258928259025       0.428845376       6.05406458E-05
   6421.1830999640642       0.397666633       5.70018128E-05
   6423.6403071022260       0.425163299       5.94675657E-05
   6426.0975142403877       0.423621625       6.01507345E-05
   6428.5547213785494       0.414114743       5.85716807E-05
   6431.0119285167111       0.422125965       5.96808422E-05
   6433.4691356548738       0.418778390       5.97688522E-05
   6435.9263427930355       0.460119754       6.41350052E-05
   6438.3835499311972       0.443122923       6.35789766E-05
   6440.8407570693589       0.461329937       6.48088972E-05
   6443.2979642075206       0.486627907       6.86007916E-05
   6445.7551713456824       0.459372193       6.50841321E-05
   6448.2123784838450       0.456409305       6.44654283E-05
   6450.6695856220067       0.430424929       6.13762459E-05
   6453.1267927601684       0.455793679       6.40064245E-05
   6455.5839998983301       0.444861054       6.35382021E-05
   6458.0412070364919       0.477855772       6.70625013E-05
   6460.4984141746536       0.481201231       6.81054007E-05
   6462.9556213128162       0.479039788       6.75612391E-05
   6465.4128284509779       0.460073799       6.60128862E-05
   6467.8700355891397       0.507366061       7.09131637E-05
   6470.3272427273014       0.518467069       7.35569993E-05
   6472.7844498654631       0.512278557       7.22227924E-05
   6475.2416570036248       0.511608124       7.21079268E-05
   6477.6988641417865       0.468315423       6.72672031E-05
   6480.1560712799492       0.504979491       7.02974357E-05
   6482.6132784181109       0.483833015       6.96560091E-05
   6485.0704855562726       0.512474656       7.19770251E-05
   6487.5276926944343       0.554425776       7.80744231E-05
   6489.9848998325961       0.526130140       7.49502360E-05
   6492.4421069707587       0.553804159       7.77311725E-05
   6494.8993141089204       0.532798290       7.67150777E-05
   6497.3565212470821       0.603272498       8.40883222E-05
   6499.8137283852438       0.615385771       8.76399135E-05
   6502.2709355234056       0.628373682       8.83787798E-05
   6504.7281426615673       0.639314830       9.06467103E-05
   6507.1853497997290       0.633429587       9.03458858E-05
   6509.6425569378916       0.704654336       9.81929988E-05
   6512.0997640760534       0.672220230       9.64645806E-05
   6514.5569712142151       0.702702880       9.91897541E-05
   6517.0141783523768       0.766464889       1.08210450E-04
   6519.4713854905385       0.788220823       1.11840127E-04
   6521.9285926287002       0.845073521       1.19338176E-04
   6524.3857997668620       0.885168672       1.24963772E-04
   6526.8430069050246       0.912237108       1.28896587E-04
   6529.3002140431863       0.913929164       1.30506858E-04
   6531.7574211813480        1.01028776       1.41793018E-04
   6534.2146283195098        1.05261409       1.48679334E-04
   6536.6718354576715        1.04218364       1.47744155E-04
   6539.1290425958341        1.06362748       1.49791187E-04
   6541.5862497339958        1.04565012       1.47332830E-04
   6544.0434568721575       0.964383841       1.37353563E-04
   6546.5006640103193       0.937757671       1.31958368E-04
   6548.9578711484810       0.899523497       1.27714142E-04
   6551.4150782866427       0.855632484       1.22260826E-04
   6553.8722854248044       0.936609089       1.32109664E-04
   6556.3294925629671        1.00099874       1.42197445E-04
   6558.7866997011288        1.10189247       1.54290392E-04
   6561.2439068392905        1.09916222       1.55234360E-04
   6563.7011139774522        1.03292477       1.45411032E-04
   6566.1583211156139       0.914527476       1.29892651E-04
   6568.6155282537766       0.792934418       1.13066926E-04
   6571.0727353919374       0.761417270       1.07433967E-04
   6573.5299425301000       0.726577938       1.03198232E-04
   6575.9871496682617       0.716924250       1.01208308E-04
   6578.4443568064235       0.708104432       1.00720783E-04
   6580.9015639445852       0.731313109       1.02855818E-04
   6583.3587710827469       0.736836493       1.04122097E-04
   6585.8159782209095       0.705103338       1.00547382E-04
   6588.2731853590703       0.744867563       1.04285529E-04
   6590.7303924972330       0.722823322       1.02846832E-04
   6593.1875996353947       0.712262034       1.00281803E-04
   6595.6448067735564       0.699856400       9.96226518E-05
   6598.1020139117181       0.704021335       9.92906425E-05
   6600.5592210498799       0.727860332       1.02772276E-04
   6603.0164281880425       0.702231646       9.99378753E-05
   6605.4736353262042       0.743992209       1.04677543E-04
   6607.9308424643659       0.738500118       1.04952334E-04
   6610.3880496025276       0.773437500       1.08314700E-04
   6612.8452567406894       0.727430701       1.03717459E-04
   6615.3024638788520       0.722609222       1.01851729E-04
   6617.7596710170128       0.714877188       1.00947989E-04
   6620.2168781551754       0.684728384       9.70039910E-05
   6622.6740852933372       0.659912467       9.34574855E-05
   6625.1312924314989       0.655351877       9.25181957E-05
   6627.5884995696606       0.634739876       9.07012873E-05
   6630.0457067078223       0.680314720       9.51736729E-05
   6632.5029138459849       0.677831948       9.59295648E-05
   6634.9601209841458       0.634939671       9.02423926E-05
   6637.4173281223084       0.644984722       9.15415148E-05
   6639.8745352604701       0.675136030       9.50923204E-05
   6642.3317423986318       0.698743343       9.86071318E-05
   6644.7889495367936       0.674169242       9.52326445E-05
   6647.2461566749553       0.659567952       9.30230381E-05
   6649.7033638131179       0.594726503       8.46563853E-05
   6652.1605709512796       0.585355759       8.24332092E-05
   6654.6177780894413       0.542050302       7.74993969E-05
   6657.0749852276031       0.566432953       7.93571962E-05
   6659.5321923657648       0.545532882       7.87253812E-05
   6661.9893995039274       0.619478106       8.62110537E-05
   6664.4466066420882       0.636845529       9.03168257E-05
   6666.9038137802509       0.611226559       8.68560601E-05
   6669.3610209184126       0.647111893       9.12144897E-05
   6671.8182280565743       0.650228202       9.26246357E-05
   6674.2754351947360       0.705397904       9.81093472E-05
   6676.7326423328977       0.646792293       9.24598353E-05
   6679.1898494710604       0.608054161       8.59203865E-05
   6681.6470566092212       0.606818140       8.55824692E-05
   6684.1042637473838       0.566232681       8.06608077E-05
   6686.5614708855455       0.573724270       8.10247657E-05
   6689.0186780237073       0.582195997       8.21521171E-05
   6691.4758851618690       0.577535808       8.21113354E-05
   6693.9330923000307       0.593017817       8.41276415E-05
   6696.3902994381933       0.646877170       9.06248897E-05
   6698.8475065763550       0.630233049       9.00904488E-05
   6701.3047137145168       0.665683627       9.35969219E-05
   6703.7619208526785       0.690346777       9.72849666E-05
   6706.2191279908402       0.662822247       9.41708277E-05
   6708.6763351290019       0.666152120       9.39775855E-05
   6711.1335422671636       0.662917137       9.35216303E-05
   6713.5907494053263       0.633927703       8.93635806E-05
   6716.0479565434880       0.576066196       8.20616988E-05
   6718.5051636816497       0.548880756       7.80252230E-05
   6720.9623708198114       0.572692156       8.06410972E-05
   6723.4195779579732       0.574089527       8.13305815E-05
   6725.8767850961358       0.577730894       8.17790205E-05
   6728.3339922342975       0.591255128       8.33146842E-05
   6730.7911993724592       0.585252106       8.31985890E-05
   6733.2484065106210       0.598167300       8.44623064E-05
   6735.7056136487827       0.621491015       8.77292186E-05
   6738.1628207869444       0.615991116       8.73158715E-05
   6740.6200279251061       0.632595539       8.92313765E-05
   6743.0772350632687       0.627611637       8.89818912E-05
   6745.5344422014305       0.640825152       9.01761960E-05
   6747.9916493395922       0.620408118       8.82673921E-05
   6750.4488564777539       0.629676580       8.89343573E-05
   6752.9060636159156       0.645463109       9.09048831E-05
   6755.3632707540773       0.627575397       8.94961995E-05
   6757.8204778922391       0.651566565       9.22634135E-05
   6760.2776850304017       0.709131718       9.93247231E-05
   6762.7348921685634       0.684962213       9.79475080E-05
   6765.1920993067251       0.716919482       1.00739104E-04
   6767.6493064448869       0.739006758       1.04531966E-04
   6770.1065135830486       0.725196123       1.02992090E-04
   6772.5637207212112       0.762145996       1.07215303E-04
   6775.0209278593729       0.753151536       1.06805644E-04
   6777.4781349975347       0.759813547       1.07347092E-04
   6779.9353421356964       0.760139048       1.06363688E-04
   6782.3925492738581       0.680063784       9.75143412E-05
   6784.8497564120198       0.641202033       9.05590059E-05
   6787.3069635501815       0.664218545       9.40619502E-05
   6789.7641706883442       0.643258512       9.21318060E-05
   6792.2213778265059       0.743858695       1.03187951E-04
   6794.6785849646676       0.680653989       9.78109092E-05
   6797.1357921028293       0.700595498       9.87044550E-05
   6799.5929992409910       0.725598812       1.02537066E-04
   6802.0502063791528       0.739720166       1.04587692E-04
   6804.5074135173145       0.737171054       1.04479455E-04
   6806.9646206554771       0.767374635       1.07873486E-04
   6809.4218277936388       0.736067712       1.04641658E-04
   6811.8790349318006       0.742579937       1.04697283E-04
   6814.3362420699623       0.729940832       1.03840175E-04
   6816.7934492081240       0.760119617       1.06795880E-04
   6819.2506563462866       0.750963569       1.06579559E-04
   6821.7078634844484       0.748834491       1.05942818E-04
   6824.1650706226101       0.765007794       1.08094457E-04
   6826.6222777607718       0.770526767       1.08686341E-04
   6829.0794848989335       0.755383253       1.07507825E-04
   6831.5366920370961       0.777737498       1.09575427E-04
   6833.9938991752570       0.798249304       1.12671740E-04
   6836.4511063134196       0.773040771       1.10122273E-04
   6838.9083134515813       0.815561235       1.14849274E-04
   6841.3655205897430       0.832793415       1.17582575E-04
   6843.8227277279047       0.826325893       1.16362062E-04
   6846.2799348660665       0.772371352       1.10225927E-04
   6848.7371420042291       0.780311704       1.09942681E-04
   6851.1943491423908       0.789985538       1.11687310E-04
   6853.6515562805525       0.773641229       1.09567300E-04
   6856.1087634187143       0.779357433       1.10418900E-04
   6858.5659705568760       0.794490039       1.12450769E-04
   6861.0231776950377       0.829317808       1.15792944E-04
   6863.4803848331994       0.744787395       1.06426218E-04
   6865.9375919713621       0.692544758       9.90590052E-05
   6868.3947991095238       0.760710597       1.07435684E-04
   6870.8520062476855       0.830809653       1.17301206E-04
   6873.3092133858472       0.877220631       1.23774749E-04
   6875.7664205240089       0.896451473       1.26889427E-04
   6878.2236276621707       0.916248202       1.29009582E-04
   6880.6808348003324       0.900265932       1.27698557E-04
   6883.1380419384950       0.890077829       1.25455656E-04
   6885.5952490766567       0.872144341       1.23506616E-04
   6888.0524562148184       0.836872220       1.18987584E-04
   6890.5096633529802       0.869762719       1.22491736E-04
   6892.9668704911419       0.866994917       1.23106438E-04
   6895.4240776293036       0.894029081       1.25502076E-04
   6897.8812847674662       0.862719357       1.23374281E-04
   6900.3384919056280       0.900892019       1.26850588E-04
   6902.7956990437897       0.948675275       1.33497175E-04
   6905.2529061819514       0.904330730       1.29117674E-04
   6907.7101133201131       0.950561464       1.33692985E-04
   6910.1673204582748       0.968233287       1.36852410E-04
   6912.6245275964375       0.956954122       1.35340117E-04
   6915.0817347345992       0.947283745       1.33813155E-04
   6917.5389418727609       0.927965641       1.32408968E-04
   6919.9961490109226       0.982829452       1.37758951E-04
   6922.4533561490844       0.994650900       1.41266806E-04
   6924.9105632872470       0.982501090       1.40003511E-04
   6927.3677704254078        1.09548461       1.53754212E-04
   6929.8249775635704        1.10963833       1.57221220E-04
   6932.2821847017321        1.13753629       1.60047595E-04
   6934.7393918398939        1.09349370       1.56533395E-04
   6937.1965989780556        1.17740023       1.65731355E-04
   6939.6538061162173        1.24753451       1.77122682E-04
   6942.1110132543799        1.33148825       1.87576210E-04
   6944.5682203925408        1.39093995       1.97169531E-04
   6947.0254275307034        1.44262075       2.02954441E-04
   6949.4826346688651        1.45424402       2.05419768E-04
   6951.9398418070268        1.38265085       1.96144756E-04
   6954.3970489451885        1.38628387       1.95562112E-04
   6956.8542560833503        1.33745444       1.90507126E-04
   6959.3114632215129        1.39901078       1.97114830E-04
   6961.7686703596746        1.42335033       2.01671486E-04
   6964.2258774978363        1.46482575       2.05992503E-04
   6966.6830846359981        1.42199624       2.02318843E-04
   6969.1402917741598        1.44013584       2.03545016E-04
   6971.5974989123215        1.48808956       2.10401398E-04
   6974.0547060504832        1.51684725       2.14601445E-04
   6976.5119131886458        1.55696929       2.19798341E-04
   6978.9691203268076        1.56606591       2.22003742E-04
   6981.4263274649693        1.60311759       2.26013028E-04
   6983.8835346031310        1.60851979       2.26950651E-04
   6986.3407417412927        1.54329872       2.18946778E-04
   6988.7979488794554        1.52436435       2.15842359E-04
   6991.2551560176171        1.54106450       2.18227826E-04
   6993.7123631557788        1.58517909       2.24280899E-04
   6996.1695702939405        1.63927114       2.30668244E-04
   6998.6267774321022        1.61540389       2.29638012E-04
   7001.0839845702640        1.63186169       2.30039615E-04
   7003.5411917084257        1.65691960       2.35227402E-04
   7005.9983988465883        1.68360269       2.37862085E-04
   7008.4556059847500        1.76566756       2.49325793E-04
   7010.9128131229118        1.75017285       2.49101140E-04
   7013.3700202610735        1.89120317       2.64357892E-04
   7015.8272273992352        1.79543900       2.57421081E-04
   7018.2844345373978        1.89227200       2.65789567E-04
   7020.7416416755586        1.95875871       2.78033607E-04
   7023.1988488137213        2.01407433       2.84214271E-04
   7025.6560559518830        2.08865333       2.95245263E-04
   7028.1132630900447        2.09261084       2.98248895E-04
   7030.5704702282064        2.28858638       3.20882915E-04
   7033.0276773663682        2.31727672       3.29394214E-04
   7035.4848845045308        2.38342881       3.37104168E-04
   7037.9420916426916        2.51954532       3.54686199E-04
   7040.3992987808542        2.50583339       3.55453754E-04
   7042.8565059190159        2.53726053       3.58278805E-04
   7045.3137130571777        2.56509018       3.60509497E-04
   7047.7709201953394        2.39740324       3.37949139E-04
   7050.2281273335011        2.05678463       2.92118784E-04
   7052.6853344716637        1.73343229       2.45900650E-04
   7055.1425416098255        1.46469402       2.07077363E-04
   7057.5997487479872        1.14144075       1.64021025E-04
   7060.0569558861489       0.951116860       1.36271294E-04
   7062.5141630243106       0.963832498       1.35561888E-04
   7064.9713701624732       0.951914012       1.35845708E-04
   7067.4285773006350        1.00310612       1.41670549E-04
   7069.8857844387967        1.08136606       1.51876375E-04
   7072.3429915769584        1.05447912       1.50428154E-04
   7074.8001987151201        1.10472655       1.56078808E-04
   7077.2574058532819        1.17778647       1.65347185E-04
   7079.7146129914436        1.14621198       1.62589859E-04
   7082.1718201296062        1.11575222       1.56934591E-04
   7084.6290272677679        1.04985785       1.49045882E-04
   7087.0862344059296       0.973362923       1.38013042E-04
   7089.5434415440914       0.966674626       1.35950264E-04
   7092.0006486822531       0.880199552       1.25220278E-04
   7094.4578558204148       0.845574081       1.20058692E-04
   7096.9150629585765       0.850145102       1.20907142E-04
   7099.3722700967392       0.927982569       1.30087064E-04
   7101.8294772349009       0.918588996       1.30903165E-04
   7104.2866843730626       0.959623635       1.35096969E-04
   7106.7438915112243       0.982440591       1.39421158E-04
   7109.2010986493860        1.01613200       1.43301018E-04
   7111.6583057875478        1.04239440       1.47773564E-04
   7114.1155129257095        1.06991065       1.51518645E-04
   7116.5727200638721        1.13414776       1.58960203E-04
   7119.0299272020338        1.08371949       1.53205183E-04
   7121.4871343401956       0.989071727       1.40725548E-04
   7123.9443414783573       0.952542305       1.34592861E-04
   7126.4015486165190       0.938487351       1.31706882E-04
   7128.8587557546816       0.823826730       1.18305848E-04
   7131.3159628928424       0.814517260       1.14864604E-04
   7133.7731700310051       0.840497673       1.18377073E-04
   7136.2303771691668       0.797505736       1.14091374E-04
   7138.6875843073285       0.849902272       1.19608580E-04
   7141.1447914454911       0.890009940       1.25426901E-04
   7143.6019985836519       0.872492194       1.24308121E-04
   7146.0592057218146       0.914427459       1.28978354E-04
   7148.5164128599763       0.959764302       1.35419876E-04
   7150.9736199981380       0.957497656       1.35727183E-04
   7153.4308271362997       0.982735932       1.38386153E-04
   7155.8880342744615       0.964979887       1.37053488E-04
   7158.3452414126241       0.976624846       1.37838040E-04
   7160.8024485507858       0.986773014       1.39419863E-04
   7163.2596556889475       0.973562717       1.38013638E-04
   7165.7168628271093       0.985310316       1.39006661E-04
   7168.1740699652710       0.981880605       1.39523967E-04
   7170.6312771034327        1.01180160       1.43105062E-04
   7173.0884842415944        1.06882799       1.50748980E-04
   7175.5456913797570        1.08075786       1.53273271E-04
   7178.0028985179188        1.12253046       1.58783296E-04
   7180.4601056560805        1.17058456       1.65135571E-04
   7182.9173127942422        1.19365597       1.68758532E-04
   7185.3745199324039        1.19147420       1.69092847E-04
   7187.8317270705656        1.24300516       1.74903733E-04
   7190.2889342087274        1.23636198       1.75134235E-04
   7192.7461413468900        1.22737300       1.73376975E-04
   7195.2033484850517        1.21627307       1.71252148E-04
   7197.6605556232134        1.13897693       1.62578086E-04
   7200.1177627613752        1.14550138       1.62263910E-04
   7202.5749698995369        1.22576940       1.72511631E-04
   7205.0321770376986        1.22421765       1.73907611E-04
   7207.4893841758603        1.27116549       1.79265757E-04
   7209.9465913140230        1.29594100       1.83426819E-04
   7212.4037984521847        1.31773782       1.85932004E-04
   7214.8610055903464        1.31408501       1.86703561E-04
   7217.3182127285090        1.35793090       1.91333645E-04
   7219.7754198666698        1.38325500       1.96050125E-04
   7222.2326270048325        1.39998102       1.98219088E-04
   7224.6898341429942        1.46756816       2.06587734E-04
   7227.1470412811559        1.44548130       2.04853946E-04
   7229.6042484193176        1.44682837       2.05405173E-04
   7232.0614555574793        1.50423610       2.11934981E-04
   7234.5186626956420        1.54265368       2.18132482E-04
   7236.9758698338028        1.52199721       2.17452136E-04
   7239.4330769719654        1.68815482       2.37481509E-04
   7241.8902841101271        1.78665245       2.52038852E-04
   7244.3474912482889        1.80899429       2.56279454E-04
   7246.8046983864506        1.83678210       2.60903646E-04
   7249.2619055246123        1.97543037       2.78222287E-04
   7251.7191126627749        2.03513551       2.89374730E-04
   7254.1763198009367        2.17788029       3.06142552E-04
   7256.6335269390984        2.23001027       3.15160723E-04
   7259.0907340772601        2.19177198       3.12712014E-04
   7261.5479412154218        2.36541200       3.31588119E-04
   7264.0051483535835        2.39585161       3.38479760E-04
   7266.4623554917453        2.27934790       3.23454558E-04
   7268.9195626299079        2.28019333       3.22014501E-04
   7271.3767697680696        2.24769235       3.18695296E-04
   7273.8339769062313        2.28174806       3.22988228E-04
   7276.2911840443930        2.34268641       3.31152842E-04
   7278.7483911825548        2.41458964       3.40940169E-04
   7281.2055983207165        2.41817093       3.43778665E-04
   7283.6628054588782        2.55654931       3.60159931E-04
   7286.1200125970408        2.62793517       3.72880459E-04
   7288.5772197352026        2.73976660       3.87032575E-04
   7291.0344268733643        2.86592150       4.04864171E-04
   7293.4916340115260        2.92173624       4.13675560E-04
   7295.9488411496877        3.01786351       4.27712250E-04
   7298.4060482878504        3.17428303       4.49244340E-04
   7300.8632554260121        3.38283801       4.76414338E-04
   7303.3204625641738        3.42805719       4.86132049E-04
   7305.7776697023355        3.52222514       4.98925569E-04
   7308.2348768404972        3.71382213       5.24780888E-04
   7310.6920839786590        3.87710309       5.47543226E-04
   7313.1492911168207        3.96530890       5.61503170E-04
   7315.6064982549833        4.08366108       5.76453051E-04
   7318.0637053931450        4.15178776       5.87734801E-04
   7320.5209125313067        4.21165037       5.95295744E-04
   7322.9781196694685        4.29237556       6.06000714E-04
   7325.4353268076302        4.25485611       6.03543478E-04
   7327.8925339457928        4.34802198       6.14112010E-04
   7330.3497410839536        4.42098761       6.26480090E-04
   7332.8069482221163        4.55665064       6.43570675E-04
   7335.2641553602780        4.67131615       6.59216312E-04
   7337.7213624984397        4.64233589       6.57144119E-04
   7340.1785696366014        4.62998104       6.54911622E-04
   7342.6357767747631        4.65073776       6.57592202E-04
   7345.0929839129258        4.65845537       6.58471079E-04
   7347.5501910510866        4.64286900       6.55903423E-04
   7350.0073981892492        4.56340599       6.46553643E-04
   7352.4646053274109        4.55241442       6.45299617E-04
   7354.9218124655727        4.68930864       6.62937353E-04
   7357.3790196037344        4.83723116       6.84388622E-04
   7359.8362267418961        4.98734808       7.05578772E-04
   7362.2934338800587        5.16639614       7.29154388E-04
   7364.7506410182204        5.23396635       7.39868032E-04
   7367.2078481563822        5.23344660       7.40589108E-04
   7369.6650552945439        5.26861954       7.43343728E-04
   7372.1222624327056        5.18902397       7.36006885E-04
   7374.5794695708682        5.20239687       7.34591391E-04
   7377.0366767090300        5.23396206       7.39458017E-04
   7379.4938838471917        5.11880541       7.27314793E-04
   7381.9510909853534        5.28292131       7.45115918E-04
   7384.4082981235151        5.36338425       7.57518457E-04
   7386.8655052616768        5.31538153       7.51352927E-04
   7389.3227123998386        5.21311855       7.39406794E-04
   7391.7799195380012        5.27016068       7.43688550E-04
   7394.2371266761629        5.26917124       7.44583260E-04
   7396.6943338143246        5.15730000       7.29329826E-04
   7399.1515409524864        5.05072832       7.16099225E-04
   7401.6087480906481        5.05768490       7.15528382E-04
   7404.0659552288098        5.16000605       7.28675455E-04
   7406.5231623669715        5.15054083       7.28462881E-04
   7408.9803695051341        5.14857388       7.26935861E-04
   7411.4375766432959        5.03653336       7.14262365E-04
   7413.8947837814576        5.05744362       7.14931113E-04
   7416.3519909196193        5.10509872       7.22172030E-04
   7418.8091980577810        5.15394545       7.28375802E-04
   7421.2664051959437        5.17190218       7.31839507E-04
   7423.7236123341045        5.20512915       7.35536858E-04
   7426.1808194722671        5.21307278       7.36804213E-04
   7428.6380266104288        5.16446543       7.30761094E-04
   7431.0952337485905        5.14131355       7.27986917E-04
   7433.5524408867523        5.18983603       7.32259068E-04
   7436.0096480249140        5.14854479       7.26166414E-04
   7438.4668551630766        4.88778782       6.94232120E-04
   7440.9240623012374        4.80709791       6.80722238E-04
   7443.3812694394001        4.88425541       6.89761422E-04
   7445.8384765775618        4.89147615       6.92023721E-04
   7448.2956837157235        4.89362192       6.91848632E-04
   7450.7528908538861        4.89439583       6.93003996E-04
   7453.2100979920478        4.94069195       6.99180237E-04
   7455.6673051302096        5.05397701       7.13193673E-04
   7458.1245122683713        5.05200481       7.15219707E-04
   7460.5817194065330        5.06312275       7.16260110E-04
   7463.0389265446947        5.12436438       7.24945974E-04
   7465.4961336828565        5.19472122       7.33946392E-04
   7467.9533408210191        5.23191977       7.38539733E-04
   7470.4105479591808        5.13414526       7.27680279E-04
   7472.8677550973425        5.12680864       7.25114893E-04
   7475.3249622355042        5.17633629       7.32765766E-04
   7477.7821693736660        5.26292181       7.44076446E-04
   7480.2393765118277        5.36575890       7.57862057E-04
   7482.6965836499894        5.37264061       7.60657189E-04
   7485.1537907881520        5.42660236       7.66916492E-04
   7487.6109979263138        5.46583319       7.73564447E-04
   7490.0682050644755        5.52520466       7.80817936E-04
   7492.5254122026372        5.56984186       7.88733945E-04
   7494.9826193407989        5.65604019       7.98601599E-04
   7497.4398264789606        5.70332479       8.06615804E-04
   7499.8970336171224        5.67717648       8.05082440E-04
   7502.3542407552850        5.85524178       8.25194118E-04
   7504.8114478934467        5.85318899       8.29237630E-04
   7507.2686550316084        5.87922525       8.30580073E-04
   7509.7258621697702        5.90411806       8.34648439E-04
   7512.1830693079319        5.85527420       8.28935124E-04
   7514.6402764460936        5.88334703       8.30893929E-04
   7517.0974835842553        5.84308863       8.26118281E-04
   7519.5546907224179        5.75279903       8.14118073E-04
   7522.0118978605797        5.70243502       8.08300101E-04
   7524.4691049987414        5.80138874       8.20093497E-04
   7526.9263121369040        5.92828751       8.39564484E-04
   7529.3835192750648        6.10350895       8.62040499E-04
   7531.8407264132275        6.25315857       8.84098234E-04
   7534.2979335513892        6.30920506       8.93360702E-04
   7536.7551406895509        6.48273897       9.14272503E-04
   7539.2123478277126        6.46419954       9.15276469E-04
   7541.6695549658743        6.47420168       9.15095035E-04
   7544.1267621040370        6.47914457       9.17632889E-04
   7546.5839692421978        6.56428909       9.26682435E-04
   7549.0411763803604        6.57465410       9.29974893E-04
   7551.4983835185221        6.52943897       9.24845168E-04
   7553.9555906566839        6.62222910       9.35186108E-04
   7556.4127977948456        6.63970375       9.38410987E-04
   7558.8700049330073        6.57743406       9.29883565E-04
   7561.3272120711699        6.47925997       9.18793143E-04
   7563.7844192093316        6.55456257       9.25570435E-04
   7566.2416263474934        6.61080551       9.33430041E-04
   7568.6988334856551        6.48240280       9.18759848E-04
   7571.1560406238168        6.49126911       9.17681144E-04
   7573.6132477619785        6.52509928       9.25927830E-04
   7576.0704549001402        6.76179838       9.52071976E-04
   7578.5276620383029        6.80221224       9.56845412E-04
   7580.9848691764637        6.26601315       8.89837567E-04
   7583.4420763146263        5.87938976       8.28074350E-04
   7585.8992834527880        5.33393860       7.54603301E-04
   7588.3564905909498        4.57185411       6.48184563E-04
   7590.8136977291124        3.90075874       5.54151600E-04
   7593.2709048672732        3.30997634       4.72576066E-04
   7595.7281120054358        3.11784744       4.41191340E-04
   7598.1853191435976        3.02497101       4.30129032E-04
   7600.6425262817593        3.11289239       4.41286829E-04
   7603.0997334199219        3.32370687       4.73261694E-04
   7605.5569405580827        3.75912738       5.33999759E-04
   7608.0141476962453        4.36662960       6.16195437E-04
   7610.4713548344071        4.85724258       6.82320388E-04
   7612.9285619725688        4.93247175       6.92948990E-04
   7615.3857691107305        4.54519463       6.44517189E-04
   7617.8429762488922        4.11234045       5.84367779E-04
   7620.3001833870549        3.96573091       5.58752334E-04
   7622.7573905252157        3.69492197       5.22876682E-04
   7625.2145976633783        3.37090445       4.76627349E-04
   7627.6718048015400        3.02397895       4.30361368E-04
   7630.1290119397017        2.84725904       4.02958016E-04
   7632.5862190778635        2.77896857       3.93641822E-04
   7635.0434262160252        2.73075604       3.86830798E-04
   7637.5006333541878        2.77293158       3.90162808E-04
   7639.9578404923486        2.65979004       3.77816032E-04
   7642.4150476305113        2.61962891       3.69937043E-04
   7644.8722547686730        2.59805632       3.65262618E-04
   7647.3294619068347        2.37818027       3.38287588E-04
   7649.7866690449964        2.22664261       3.15274287E-04
   7652.2438761831581        2.18283772       3.06585600E-04
   7654.7010833213208        1.94646287       2.75792787E-04
   7657.1582904594816        1.67248678       2.37979941E-04
   7659.6154975976442        1.48888850       2.11293212E-04
   7662.0727047358059        1.40081429       1.98639798E-04
   7664.5299118739676        1.34645438       1.91297120E-04
   7666.9871190121294        1.38750255       1.96586334E-04
   7669.4443261502911        1.45684195       2.07381963E-04
   7671.9015332884537        1.63418770       2.30147562E-04
   7674.3587404266145        1.75090611       2.48748198E-04
   7676.8159475647772        1.91057289       2.68468255E-04
   7679.2731547029389        1.97843611       2.80298293E-04
   7681.7303618411006        2.00957036       2.83609086E-04
   7684.1875689792632        2.04688191       2.88673298E-04
   7686.6447761174240        1.96864200       2.78043706E-04
   7689.1019832555867        1.87822640       2.64454691E-04
   7691.5591903937484        1.63785326       2.34617546E-04
   7694.0163975319101        1.60243404       2.25698532E-04
   7696.4736046700727        1.57651138       2.24344229E-04
   7698.9308118082336        1.61059809       2.27255499E-04
   7701.3880189463962        1.66339958       2.35603904E-04
   7703.8452260845579        1.69980323       2.42997849E-04
   7706.3024332227196        1.94027066       2.72399047E-04
   7708.7596403608813        2.07657290       2.94856611E-04
   7711.2168474990431        2.21500397       3.12997727E-04
   7713.6740546372057        2.38855529       3.37296777E-04
   7716.1312617753665        2.47250676       3.50835122E-04
   7718.5884689135291        2.65222788       3.74017662E-04
   7721.0456760516909        2.75484467       3.90287081E-04
   7723.5028831898526        2.88575721       4.08650172E-04
   7725.9600903280143        3.05795789       4.31880879E-04
   7728.4172974661760        3.20584154       4.54098044E-04
   7730.8745046043387        3.35634136       4.73438471E-04
   7733.3317117424995        3.46939421       4.88861173E-04
   7735.7889188806621        3.36487174       4.77554917E-04
   7738.2461260188238        3.38279963       4.76982823E-04
   7740.7033331569855        3.31743717       4.69052029E-04
   7743.1605402951473        3.21884155       4.54679248E-04
   7745.6177474333090        3.05847192       4.34271438E-04
   7748.0749545714716        3.02679563       4.27315535E-04
   7750.5321617096324        2.97845197       4.20751574E-04
   7752.9893688477950        2.87558103       4.09227243E-04
   7755.4465759859568        2.93394732       4.13645932E-04
   7757.9037831241185        3.00500846       4.26649174E-04
   7760.3609902622811        3.09044647       4.35036549E-04
   7762.8181974004419        3.16189575       4.50430147E-04
   7765.2754045386046        3.29378891       4.62606025E-04
   7767.7326116767663        3.43124771       4.92804043E-04
   7770.1898188149280        3.79672742       5.33971295E-04
   7772.6470259530906        3.61518431       6.01266103E-04
   7775.1042330912514        3.42294645       4.99207992E-04
   7777.5614402294141        3.57715392       4.97966539E-04
   7780.0186473675749        3.42216063       4.89557278E-04
   7782.4758545057375        3.50272274       4.93045489E-04
   7784.9330616438992        3.53881431       5.00887574E-04
   7787.3902687820610        3.57188344       5.03195857E-04
   7789.8474759202236        3.41937304       4.85660450E-04
   7792.3046830583844        3.42736697       4.84024145E-04
   7794.7618901965470        3.39072394       4.83532174E-04
   7797.2190973347087        3.65868711       5.15125168E-04
   7799.6763044728705        3.82722259       5.41356101E-04
   7802.1335116110322        3.93215156       5.57182997E-04
   7804.5907187491939        4.11717463       5.82609151E-04
   7807.0479258873565        4.35601950       6.15914352E-04
   7809.5051330255174        4.55954456       6.44427026E-04
   7811.9623401636800        4.74233055       6.67121436E-04
   7814.4195473018417        4.63193607       6.57051860E-04
   7816.8767544400034        4.57337856       6.45621563E-04
   7819.3339615781651        4.51734734       6.37705321E-04
   7821.7911687163269        4.29818106       6.09800685E-04
   7824.2483758544895        4.21981907       5.96104539E-04
   7826.7055829926503        4.13468361       5.86786598E-04
   7829.1627901308129        4.17335367       5.87801274E-04
   7831.6199972689747        4.11403561       5.82494948E-04
   7834.0772044071364        3.99058795       5.68116142E-04
   7836.5344115452981        4.20687103       5.93982812E-04
   7838.9916186834598        4.41109324       6.22929656E-04
   7841.4488258216224        4.51842070       6.37863588E-04
   7843.9060329597842        4.50945473       6.38637866E-04
   7846.3632400979459        4.55014420       6.45953522E-04
   7848.8204472361076        4.77977514       6.72704133E-04
   7851.2776543742693        4.85668993       6.85901148E-04
   7853.7348615124320        4.70794964       6.67946355E-04
   7856.1920686505928        4.76473141       6.71912683E-04
   7858.6492757887554        4.68887377       6.64846273E-04
   7861.1064829269171        4.71428156       6.65091793E-04
   7863.5636900650788        4.65771723       6.58997335E-04
   7866.0208972032406        4.58070040       6.47464592E-04
   7868.4781043414023        4.48688889       6.38126978E-04
   7870.9353114795649        4.64091206       6.55233627E-04
   7873.3925186177257        4.82480192       6.80864090E-04
   7875.8497257558884        4.82116795       6.85989158E-04
   7878.3069328940501        5.10591984       7.19944888E-04
   7880.7641400322118        5.33800888       7.53082219E-04
   7883.2213471703744        5.33205032       7.55300163E-04
   7885.6785543085352        5.40041447       7.63096148E-04
   7888.1357614466979        5.44820547       7.68374652E-04
   7890.5929685848587        5.32323456       7.55159766E-04
   7893.0501757230213        5.29516983       7.48559425E-04
   7895.5073828611830        5.35570383       7.56138237E-04
   7897.9645899993448        5.25121975       7.42946169E-04
   7900.4217971375074        5.18774080       7.31066102E-04
   7902.8790042756682        4.89500952       6.94153481E-04
   7905.3362114138308        4.68711901       6.65143423E-04
   7907.7934185519925        4.68577051       6.63393992E-04
   7910.2506256901543        4.81457376       6.76418946E-04
   7912.7078328283160        4.59792805       6.54289732E-04
   7915.1650399664777        4.55175591       6.44110958E-04
   7917.6222471046403        4.68955421       6.63192826E-04
   7920.0794542428021        4.77137566       6.76549622E-04
   7922.5366613809638        5.01853132       7.08448875E-04
   7924.9938685191255        5.17662525       7.31958135E-04
   7927.4510756572872        5.30400658       7.48079736E-04
   7929.9082827954498        5.26388502       7.47291604E-04
   7932.3654899336107        5.38532925       7.58482842E-04
   7934.8226970717733        5.37680197       7.59248971E-04
   7937.2799042099350        5.14439201       7.29442690E-04
   7939.7371113480967        5.06910944       7.14953698E-04
   7942.1943184862585        4.88228416       6.93153299E-04
   7944.6515256244202        4.83226252       6.86038111E-04
   7947.1087327625828        5.06471205       7.15727452E-04
   7949.5659399007436        5.29761887       7.45903642E-04
   7952.0231470389062        5.26601171       7.47000158E-04
   7954.4803541770680        5.29721069       7.52063817E-04
   7956.9375613152297        5.63558722       7.94975436E-04
   7959.3947684533914        5.85173321       8.26793606E-04
   7961.8519755915531        5.95584106       8.42078589E-04
   7964.3091827297158        6.02141047       8.51914869E-04
   7966.7663898678766        6.11833715       8.62164248E-04
   7969.2235970060392        5.99076033       8.49862699E-04
   7971.6808041442009        5.95695543       8.42185458E-04
   7974.1380112823626        6.02253294       8.49731558E-04
   7976.5952184205253        5.87661505       8.31547426E-04
   7979.0524255586861        5.75037813       8.11418227E-04
   7981.5096326968487        5.47634935       7.77483510E-04
   7983.9668398350095        5.37837601       7.61478906E-04
   7986.4240469731722        5.43669415       7.69380014E-04
   7988.8812541113339        5.53318405       7.81806710E-04
   7991.3384612494956        5.60000372       7.94504362E-04
   7993.7956683876582        5.80943108       8.20926856E-04
   7996.2528755258199        6.06483126       8.56256811E-04
   7998.7100826639817        6.13509274       8.69414711E-04
   8001.1672898021434        6.33919811       8.95487028E-04
   8003.6244969403051        6.48504162       9.19256941E-04
   8006.0817040784677        6.76309204       9.55176249E-04
   8008.5389112166285        6.99256229       9.89068998E-04
   8010.9961183547912        7.18083143       1.01539283E-03
   8013.4533254929529        7.37076473       1.04108034E-03
   8015.9105326311146        7.45318413       1.05602480E-03
   8018.3677397692763        7.63545799       1.07985921E-03
   8020.8249469074381        7.89395857       1.11500989E-03
   8023.2821540456007        8.01005268       1.13466545E-03
   8025.7393611837615        8.24468422       1.16582995E-03
   8028.1965683219241        8.50495243       1.19967991E-03
   8030.6537754600859        8.53317356       1.21380028E-03
   8033.1109825982476        8.94612217       1.26508088E-03
