   5529.2169088113069        4.44172733E-02   5.70537622E-06
   5531.6741159494686        2.67988760E-02   4.39041287E-06
   5534.1313230876303        3.54293473E-02   4.70635268E-06
   5536.5885302257930        2.29740515E-02   3.75776767E-06
   5539.0457373639547        4.30633686E-02   6.38386109E-06
   5541.5029445021164        4.66391742E-02   6.09351218E-06
   5543.9601516402781        3.43769789E-02   5.32730064E-06
   5546.4173587784398        3.51367667E-02   4.58006889E-06
   5548.8745659166016        2.48648003E-02   4.03836793E-06
   5551.3317730547642        3.77637260E-02   5.14970361E-06
   5553.7889801929259        4.18297090E-02   6.17532760E-06
   5556.2461873310876        5.61026223E-02   7.71123268E-06
   5558.7033944692494        5.97179569E-02   8.85332884E-06
   5561.1606016074111        8.50857645E-02   1.18748530E-05
   5563.6178087455728        9.05407667E-02   1.27314688E-05
   5566.0750158837354        9.30783376E-02   1.29691507E-05
   5568.5322230218972        8.29863697E-02   1.20237137E-05
   5570.9894301600589        9.50057432E-02   1.35738028E-05
   5573.4466372982206       0.104066439       1.45600852E-05
   5575.9038444363823       0.111315176       1.59119081E-05
   5578.3610515745440       0.122295834       1.72368727E-05
   5580.8182587127058       0.131802782       1.86087618E-05
   5583.2754658508684       0.138369709       1.96866531E-05
   5585.7326729890301       0.149594769       2.08426572E-05
   5588.1898801271918       0.140252396       1.99405640E-05
   5590.6470872653535       0.141699418       2.01516777E-05
   5593.1042944035153       0.141748935       1.98055823E-05
   5595.5615015416770       0.134162247       1.92180360E-05
   5598.0187086798396       0.139278382       1.97453974E-05
   5600.4759158180013       0.145189092       2.02736446E-05
   5602.9331229561631       0.134076104       1.89980456E-05
   5605.3903300943248       0.130710348       1.88252434E-05
   5607.8475372324865       0.142617390       1.99718215E-05
   5610.3047443706482       0.142141327       2.00674313E-05
   5612.7619515088109       0.143840075       2.05389297E-05
   5615.2191586469726       0.148561880       2.05206707E-05
   5617.6763657851343       0.129873276       1.87130718E-05
   5620.1335729232960       0.127312884       1.77922830E-05
   5622.5907800614577       0.112654075       1.62137767E-05
   5625.0479871996195       0.119378068       1.70273943E-05
   5627.5051943377821       0.121968329       1.68774914E-05
   5629.9624014759438       0.115916155       1.69293689E-05
   5632.4196086141055       0.129942551       1.79156759E-05
   5634.8768157522672       0.125508428       1.82432468E-05
   5637.3340228904290       0.146164954       2.03465534E-05
   5639.7912300285907       0.139207289       1.95196426E-05
   5642.2484371667524       0.131109059       1.89001239E-05
   5644.7056443049150       0.134050518       1.86255129E-05
   5647.1628514430768       0.127352685       1.84997170E-05
   5649.6200585812385       0.146875277       2.07117409E-05
   5652.0772657194002       0.156454802       2.18616951E-05
   5654.5344728575619       0.152266964       2.16136996E-05
   5656.9916799957236       0.154893160       2.20903221E-05
   5659.4488871338863       0.165544972       2.32405182E-05
   5661.9060942720480       0.166630954       2.35969128E-05
   5664.3633014102097       0.165918916       2.31600279E-05
   5666.8205085483714       0.148370564       2.11718707E-05
   5669.2777156865332       0.142417520       2.02573010E-05
   5671.7349228246949       0.146071523       2.09563168E-05
   5674.1921299628575       0.161829486       2.23800926E-05
   5676.6493371010192       0.147052392       2.10923663E-05
   5679.1065442391809       0.160157129       2.32433267E-05
   5681.5637513773427       0.192106068       2.66009974E-05
   5684.0209585155044       0.184816375       2.56823187E-05
   5686.4781656536661       0.156412795       2.28332774E-05
   5688.9353727918278       0.172123551       2.44969087E-05
   5691.3925799299905       0.181980535       2.52598620E-05
   5693.8497870681522       0.176615477       2.54630922E-05
   5696.3069942063139       0.189513743       2.63658731E-05
   5698.7642013444756       0.182751164       2.62233461E-05
   5701.2214084826373       0.200019434       2.83316294E-05
   5703.6786156207991       0.209641263       2.93041066E-05
   5706.1358227589617       0.207649976       2.96838716E-05
   5708.5930298971234       0.214848995       2.98208925E-05
   5711.0502370352851       0.187397465       2.65471608E-05
   5713.5074441734469       0.170493707       2.48729139E-05
   5715.9646513116086       0.189958408       2.64890805E-05
   5718.4218584497703       0.188216880       2.65985473E-05
   5720.8790655879329       0.178141236       2.47944099E-05
   5723.3362727260946       0.157961056       2.34866875E-05
   5725.7934798642564       0.203840643       2.86616305E-05
   5728.2506870024181       0.214061677       2.95880818E-05
   5730.7078941405798       0.191382349       2.71206136E-05
   5733.1651012787415       0.168283015       2.41922007E-05
   5735.6223084169033       0.171855718       2.43638315E-05
   5738.0795155550659       0.173179075       2.44913044E-05
   5740.5367226932276       0.179836854       2.54969564E-05
   5742.9939298313893       0.189111158       2.70104829E-05
   5745.4511369695510       0.213466644       2.99221228E-05
   5747.9083441077128       0.215998873       3.05911453E-05
   5750.3655512458745       0.226054698       3.19028441E-05
   5752.8227583840371       0.222342879       3.12702832E-05
   5755.2799655221988       0.218754455       3.12099837E-05
   5757.7371726603606       0.218353599       3.03860634E-05
   5760.1943797985223       0.196643904       2.81112043E-05
   5762.6515869366840       0.188189998       2.65741655E-05
   5765.1087940748457       0.179892749       2.56886306E-05
   5767.5660012130083       0.191274956       2.73194037E-05
   5770.0232083511701       0.207079455       2.87059956E-05
   5772.4804154893318       0.194168568       2.78318603E-05
   5774.9376226274935       0.207381457       2.95873579E-05
   5777.3948297656552       0.224612758       3.13238670E-05
   5779.8520369038170       0.222052500       3.15720863E-05
   5782.3092440419787       0.222017571       3.11937365E-05
   5784.7664511801413       0.226156816       3.28437454E-05
   5787.2236583183030       0.258467883       3.52908428E-05
   5789.6808654564647       0.232276708       3.40866754E-05
   5792.1380725946265       0.275239319       3.84280138E-05
   5794.5952797327882       0.266421795       3.73838266E-05
   5797.0524868709508       0.254688382       3.62918618E-05
   5799.5096940091125       0.246984884       3.50484879E-05
   5801.9669011472743       0.260230750       3.69741065E-05
   5804.4241082854360       0.261973411       3.63675317E-05
   5806.8813154235977       0.232513905       3.29547693E-05
   5809.3385225617594       0.201232985       2.88671654E-05
   5811.7957296999211       0.201133430       2.87822877E-05
   5814.2529368380838       0.208450094       2.89817126E-05
   5816.7101439762455       0.190117598       2.69818574E-05
   5819.1673511144072       0.186726436       2.73660025E-05
   5821.6245582525689       0.234650642       3.27308553E-05
   5824.0817653907307       0.231749147       3.20372274E-05
   5826.5389725288924       0.203139588       2.97160841E-05
   5828.9961796670550       0.226308301       3.19666615E-05
   5831.4533868052167       0.240149125       3.35223594E-05
   5833.9105939433784       0.227701575       3.22104097E-05
   5836.3678010815402       0.219992787       3.14185236E-05
   5838.8250082197019       0.225659162       3.16048900E-05
   5841.2822153578636       0.209655061       2.94419606E-05
   5843.7394224960262       0.183427572       2.62047761E-05
   5846.1966296341880       0.170910642       2.43182003E-05
   5848.6538367723497       0.167441070       2.36659016E-05
   5851.1110439105114       0.158706948       2.22122708E-05
   5853.5682510486731       0.141258672       2.04083190E-05
   5856.0254581868348       0.149508238       2.11725037E-05
   5858.4826653249966       0.151628599       2.11042752E-05
   5860.9398724631592       0.140644670       2.02798092E-05
   5863.3970796013209       0.153446972       2.18076930E-05
   5865.8542867394826       0.163254946       2.26123248E-05
   5868.3114938776444       0.149815112       2.14161955E-05
   5870.7687010158061       0.145717263       2.04187454E-05
   5873.2259081539678       0.133453012       1.91856325E-05
   5875.6831152921304       0.139423385       1.95752036E-05
   5878.1403224302921       0.130003989       1.81793912E-05
   5880.5975295684539       0.113531649       1.63099867E-05
   5883.0547367066156       0.108063549       1.53261317E-05
   5885.5119438447773       0.108040556       1.52855027E-05
   5887.9691509829390       0.102729566       1.43554544E-05
   5890.4263581211017        9.48506370E-02   1.38162504E-05
   5892.8835652592634       0.104053684       1.43849920E-05
   5895.3407723974251        9.67378989E-02   1.39410549E-05
   5897.7979795355868       0.108043335       1.54486152E-05
   5900.2551866737485       0.121949457       1.71359152E-05
   5902.7123938119103       0.135003492       1.93103460E-05
   5905.1696009500720       0.150071725       2.07077610E-05
   5907.6268080882346       0.134836316       1.91341114E-05
   5910.0840152263963       0.130126476       1.89348484E-05
   5912.5412223645581       0.149523586       2.08611891E-05
   5914.9984295027198       0.155290201       2.21282062E-05
   5917.4556366408815       0.161138833       2.20693673E-05
   5919.9128437790432       0.128414541       1.88643626E-05
   5922.3700509172058       0.148323536       2.18126934E-05
   5924.8272580553676       0.177844897       2.35812768E-05
   5927.2844651935293       0.134409681       2.01103885E-05
   5929.7416723316910       0.147806451       2.09793707E-05
   5932.1988794698527       0.153561026       2.14037591E-05
   5934.6560866080144       0.151424155       2.17663455E-05
   5937.1132937461771       0.162333131       2.27581750E-05
   5939.5705008843388       0.165197432       2.34164963E-05
   5942.0277080225005       0.168548509       2.38142347E-05
   5944.4849151606622       0.172508925       2.43159830E-05
   5946.9421222988240       0.162743330       2.26442207E-05
   5949.3993294369857       0.142867044       2.10343715E-05
   5951.8565365751474       0.167447746       2.34445888E-05
   5954.3137437133100       0.166300461       2.31319318E-05
   5956.7709508514718       0.151543379       2.18310633E-05
   5959.2281579896335       0.153962940       2.16896115E-05
   5961.6853651277952       0.159822509       2.29256730E-05
   5964.1425722659569       0.171061382       2.34773725E-05
   5966.5997794041186       0.150033042       2.17700490E-05
   5969.0569865422813       0.153986573       2.15057626E-05
   5971.5141936804430       0.154334262       2.27115124E-05
   5973.9714008186047       0.190336049       2.55950636E-05
   5976.4286079567664       0.147411391       2.17494344E-05
   5978.8858150949281       0.164085492       2.38215180E-05
   5981.3430222330899       0.180840507       2.46493782E-05
   5983.8002293712525       0.164018854       2.37562563E-05
   5986.2574365094142       0.170573488       2.40583977E-05
   5988.7146436475759       0.172477841       2.40268073E-05
   5991.1718507857377       0.159581229       2.33313312E-05
   5993.6290579238994       0.190822870       2.66050229E-05
   5996.0862650620611       0.181510001       2.53829803E-05
   5998.5434722002228       0.171605363       2.49302811E-05
   6001.0006793383855       0.184028178       2.54613260E-05
   6003.4578864765472       0.172812074       2.48103952E-05
   6005.9150936147089       0.186164767       2.66971765E-05
   6008.3723007528706       0.210481077       2.89770123E-05
   6010.8295078910323       0.180810481       2.55742634E-05
   6013.2867150291941       0.169940963       2.54254028E-05
   6015.7439221673567       0.215473980       2.92424211E-05
   6018.2011293055184       0.194174781       2.80231179E-05
   6020.6583364436801       0.203753680       2.85486785E-05
   6023.1155435818418       0.188798621       2.67803571E-05
   6025.5727507200036       0.192444250       2.76843348E-05
   6028.0299578581653       0.202746093       2.79180094E-05
   6030.4871649963279       0.180407569       2.60080596E-05
   6032.9443721344896       0.190806061       2.74826962E-05
   6035.4015792726514       0.215281352       2.95418449E-05
   6037.8587864108131       0.196279094       2.86538980E-05
   6040.3159935489748       0.235880598       3.34447868E-05
   6042.7732006871365       0.243503943       3.33206663E-05
   6045.2304078252982       0.218337983       3.23728855E-05
   6047.6876149634609       0.251525044       3.41572304E-05
   6050.1448221016226       0.216689691       3.16328042E-05
   6052.6020292397843       0.232908577       3.26102490E-05
   6055.0592363779460       0.229805917       3.31017181E-05
   6057.5164435161078       0.263519913       3.67224930E-05
   6059.9736506542704       0.248805970       3.52579227E-05
   6062.4308577924321       0.255223721       3.64663574E-05
   6064.8880649305938       0.260377198       3.63996805E-05
   6067.3452720687555       0.260379732       3.72288305E-05
   6069.8024792069173       0.263060629       3.65389278E-05
   6072.2596863450790       0.242247403       3.49445327E-05
   6074.7168934832407       0.263578296       3.76627941E-05
   6077.1741006214033       0.288884997       3.96176911E-05
   6079.6313077595651       0.245383486       3.53280921E-05
   6082.0885148977268       0.245750681       3.53445939E-05
   6084.5457220358885       0.260315686       3.60529339E-05
   6087.0029291740502       0.245602921       3.54143340E-05
   6089.4601363122119       0.268788040       3.80330785E-05
   6091.9173434503737       0.279864043       3.88048757E-05
   6094.3745505885363       0.251577646       3.60758677E-05
   6096.8317577266980       0.256879777       3.66296881E-05
   6099.2889648648597       0.265886128       3.69567570E-05
   6101.7461720030215       0.247075930       3.54781223E-05
   6104.2033791411832       0.258928478       3.65702072E-05
   6106.6605862793458       0.256740153       3.57843201E-05
   6109.1177934175075       0.234539509       3.37636920E-05
   6111.5750005556692       0.240960822       3.37791244E-05
   6114.0322076938310       0.228630409       3.23581880E-05
   6116.4894148319927       0.221375495       3.13726996E-05
   6118.9466219701544       0.209479406       2.94052097E-05
   6121.4038291083161       0.197969615       2.87773000E-05
   6123.8610362464788       0.224253252       3.12810880E-05
   6126.3182433846405       0.218493745       3.06851107E-05
   6128.7754505228022       0.208870620       2.99403291E-05
   6131.2326576609639       0.212256417       2.95800783E-05
   6133.6898647991256       0.199804574       2.87447820E-05
   6136.1470719372874       0.209026307       2.92106633E-05
   6138.6042790754491       0.203978062       2.93019930E-05
   6141.0614862136117       0.219019189       3.03058478E-05
   6143.5186933517734       0.191077352       2.72543803E-05
   6145.9759004899352       0.184882313       2.66425777E-05
   6148.4331076280969       0.197643518       2.77439922E-05
   6150.8903147662586       0.200824454       2.81699231E-05
   6153.3475219044212       0.187029332       2.65427188E-05
   6155.8047290425829       0.181345016       2.56227740E-05
   6158.2619361807447       0.170612589       2.42152073E-05
   6160.7191433189064       0.169943571       2.41700218E-05
   6163.1763504570681       0.175212741       2.49215318E-05
   6165.6335575952298       0.189382851       2.65146009E-05
   6168.0907647333916       0.179039553       2.51022484E-05
   6170.5479718715542       0.164072037       2.35909974E-05
   6173.0051790097159       0.166322082       2.34212948E-05
   6175.4623861478776       0.164267287       2.31710255E-05
   6177.9195932860393       0.157985583       2.24055639E-05
   6180.3768004242011       0.157193899       2.23410443E-05
   6182.8340075623637       0.165649638       2.36655887E-05
   6185.2912147005254       0.182690248       2.54769693E-05
   6187.7484218386871       0.177660227       2.50702742E-05
   6190.2056289768489       0.164414629       2.30208298E-05
   6192.6628361150106       0.150316387       2.22850867E-05
   6195.1200432531723       0.187501058       2.57920456E-05
   6197.5772503913340       0.171095878       2.42357382E-05
   6200.0344575294966       0.165211469       2.35583557E-05
   6202.4916646676584       0.154626265       2.15464224E-05
   6204.9488718058201       0.142169178       2.09055852E-05
   6207.4060789439818       0.166415825       2.32292732E-05
   6209.8632860821435       0.167771459       2.33790470E-05
   6212.3204932203053       0.156384706       2.27566488E-05
   6214.7777003584670       0.181047171       2.53714061E-05
   6217.2349074966296       0.178781763       2.49033437E-05
   6219.6921146347913       0.165426925       2.38680823E-05
   6222.1493217729530       0.170303509       2.37103723E-05
   6224.6065289111148       0.156670943       2.23205261E-05
   6227.0637360492765       0.155399799       2.22065792E-05
   6229.5209431874382       0.162069440       2.26749726E-05
   6231.9781503256008       0.161004066       2.31052509E-05
   6234.4353574637626       0.171577796       2.36993783E-05
   6236.8925646019243       0.150019601       2.15101372E-05
   6239.3497717400860       0.152677804       2.21243827E-05
   6241.8069788782477       0.178225622       2.49220266E-05
   6244.2641860164094       0.179582968       2.48560373E-05
   6246.7213931545721       0.154761627       2.25313543E-05
   6249.1786002927338       0.173649803       2.49243749E-05
   6251.6358074308955       0.193994373       2.66847510E-05
   6254.0930145690572       0.178746238       2.55231098E-05
   6256.5502217072190       0.171483770       2.41322505E-05
   6259.0074288453807       0.164848372       2.37720869E-05
   6261.4646359835424       0.180054769       2.51480033E-05
   6263.9218431217050       0.177705392       2.53712788E-05
   6266.3790502598667       0.192057729       2.70682831E-05
   6268.8362573980285       0.189250067       2.64937789E-05
   6271.2934645361902       0.188264221       2.75313105E-05
   6273.7506716743519       0.227160797       3.15697034E-05
   6276.2078788125136       0.227155074       3.19143983E-05
   6278.6650859506763       0.220593467       3.14888603E-05
   6281.1222930888380       0.226763874       3.19971259E-05
   6283.5795002269997       0.235181421       3.34821234E-05
   6286.0367073651614       0.243576482       3.37944548E-05
   6288.4939145033231       0.227810144       3.30715593E-05
   6290.9511216414849       0.254065931       3.53943469E-05
   6293.4083287796475       0.248545587       3.55605989E-05
   6295.8655359178092       0.272912472       3.85381645E-05
   6298.3227430559709       0.276331633       3.87050022E-05
   6300.7799501941327       0.273076922       3.90667301E-05
   6303.2371573322944       0.283287346       3.97083495E-05
   6305.6943644704561       0.280766666       3.99886667E-05
   6308.1515716086178       0.297399253       4.24289647E-05
   6310.6087787467804       0.327646405       4.57043279E-05
   6313.0659858849422       0.315398574       4.46299018E-05
   6315.5231930231039       0.317799062       4.54508299E-05
   6317.9804001612656       0.327723354       4.53797184E-05
   6320.4376072994273       0.301743060       4.38350762E-05
   6322.8948144375890       0.337612629       4.74275694E-05
   6325.3520215757508       0.344767034       4.86227254E-05
   6327.8092287139134       0.355285227       5.05590906E-05
   6330.2664358520751       0.370959193       5.21078946E-05
   6332.7236429902368       0.377277285       5.37687483E-05
   6335.1808501283986       0.399335384       5.61458255E-05
   6337.6380572665603       0.401242197       5.66024974E-05
   6340.0952644047229       0.397218138       5.64378897E-05
   6342.5524715428846       0.411827147       5.83708061E-05
   6345.0096786810464       0.423738986       5.93217992E-05
   6347.4668858192081       0.403689772       5.73641300E-05
   6349.9240929573698       0.405284107       5.76060302E-05
   6352.3813000955315       0.410694033       5.73511861E-05
   6354.8385072336932       0.379716396       5.41312074E-05
   6357.2957143718559       0.378935009       5.40129040E-05
   6359.7529215100176       0.394282460       5.52805250E-05
   6362.2101286481793       0.381895304       5.40219189E-05
   6364.6673357863410       0.377764165       5.39618159E-05
   6367.1245429245027       0.400408089       5.62905989E-05
   6369.5817500626654       0.396059483       5.56637387E-05
   6372.0389572008271       0.380465776       5.43431124E-05
   6374.4961643389888       0.394218624       5.57436542E-05
   6376.9533714771505       0.403890043       5.67355273E-05
   6379.4105786153123       0.382267237       5.36408952E-05
   6381.8677857534740       0.352132171       5.10526661E-05
   6384.3249928916357       0.390384763       5.48208154E-05
   6386.7822000297983       0.390966028       5.49717734E-05
   6389.2394071679601       0.396887243       5.72969948E-05
   6391.6966143061218       0.450535327       6.28679118E-05
   6394.1538214442835       0.451978564       6.36736295E-05
   6396.6110285824452       0.435712576       6.15238168E-05
   6399.0682357206069       0.424041301       6.07381080E-05
   6401.5254428587687       0.449790150       6.29571950E-05
   6403.9826499969313       0.431706131       6.10942152E-05
   6406.4398571350930       0.430751920       6.15399840E-05
   6408.8970642732547       0.448982745       6.28332564E-05
   6411.3542714114164       0.438172519       6.22798980E-05
   6413.8114785495782       0.440464228       6.20486171E-05
   6416.2686856877408       0.425348282       5.99621526E-05
   6418.7258928259025       0.404679835       5.76820894E-05
   6421.1830999640642       0.410403550       5.80165542E-05
   6423.6403071022260       0.407045186       5.71763339E-05
   6426.0975142403877       0.390072078       5.57040221E-05
   6428.5547213785494       0.401572585       5.66612725E-05
   6431.0119285167111       0.406516761       5.77088649E-05
   6433.4691356548738       0.427836597       6.05319547E-05
   6435.9263427930355       0.439552248       6.17146361E-05
   6438.3835499311972       0.432661623       6.15345707E-05
   6440.8407570693589       0.445287794       6.29470233E-05
   6443.2979642075206       0.447130352       6.26760011E-05
   6445.7551713456824       0.424552411       6.05984715E-05
   6448.2123784838450       0.434386551       6.14554447E-05
   6450.6695856220067       0.444120765       6.28821435E-05
   6453.1267927601684       0.457357556       6.43058811E-05
   6455.5839998983301       0.439540207       6.19786224E-05
   6458.0412070364919       0.429177880       6.16630423E-05
   6460.4984141746536       0.460543543       6.44173560E-05
   6462.9556213128162       0.452251941       6.40675789E-05
   6465.4128284509779       0.453222930       6.42632149E-05
   6467.8700355891397       0.463086903       6.55632539E-05
   6470.3272427273014       0.474805266       6.68476350E-05
   6472.7844498654631       0.468959183       6.65153348E-05
   6475.2416570036248       0.477672845       6.74243420E-05
   6477.6988641417865       0.465672463       6.55024705E-05
   6480.1560712799492       0.456275642       6.57088240E-05
   6482.6132784181109       0.494553447       6.88376531E-05
   6485.0704855562726       0.476330310       6.80055309E-05
   6487.5276926944343       0.500510335       7.08191510E-05
   6489.9848998325961       0.509364903       7.16364812E-05
   6492.4421069707587       0.518946886       7.43794808E-05
   6494.8993141089204       0.562108755       7.84463773E-05
   6497.3565212470821       0.552871227       7.85977900E-05
   6499.8137283852438       0.567179203       8.03362418E-05
   6502.2709355234056       0.593994260       8.44946990E-05
   6504.7281426615673       0.639315963       8.95857593E-05
   6507.1853497997290       0.631047904       8.95034609E-05
   6509.6425569378916       0.659854233       9.42563711E-05
   6512.0997640760534       0.712337792       9.94848233E-05
   6514.5569712142151       0.707237661       1.00807541E-04
   6517.0141783523768       0.749504507       1.06256557E-04
   6519.4713854905385       0.799758852       1.13058857E-04
   6521.9285926287002       0.851729691       1.20587894E-04
   6524.3857997668620       0.891788840       1.25207662E-04
   6526.8430069050246       0.888285518       1.26199084E-04
   6529.3002140431863       0.918933868       1.30035027E-04
   6531.7574211813480       0.953277111       1.35171416E-04
   6534.2146283195098        1.01860261       1.44513513E-04
   6536.6718354576715        1.08166850       1.51274697E-04
   6539.1290425958341        1.02996624       1.44720339E-04
   6541.5862497339958       0.942508161       1.35065842E-04
   6544.0434568721575       0.954738677       1.34746340E-04
   6546.5006640103193       0.919508517       1.28368760E-04
   6548.9578711484810       0.810721099       1.16648625E-04
   6551.4150782866427       0.833042443       1.19617136E-04
   6553.8722854248044       0.942473292       1.32516710E-04
   6556.3294925629671       0.988971233       1.39084339E-04
   6558.7866997011288       0.992081404       1.40192089E-04
   6561.2439068392905       0.970267951       1.35764771E-04
   6563.7011139774522       0.845718026       1.19205390E-04
   6566.1583211156139       0.715678275       1.03991602E-04
   6568.6155282537766       0.734958708       1.03778439E-04
   6571.0727353919374       0.729613006       1.02553517E-04
   6573.5299425301000       0.702663422       9.98624964E-05
   6575.9871496682617       0.691872954       9.75667790E-05
   6578.4443568064235       0.679475605       9.69145040E-05
   6580.9015639445852       0.716505468       1.01572004E-04
   6583.3587710827469       0.756811500       1.06356129E-04
   6585.8159782209095       0.753764153       1.06416919E-04
   6588.2731853590703       0.745238185       1.05553932E-04
   6590.7303924972330       0.734656453       1.03288810E-04
   6593.1875996353947       0.697214842       9.92993155E-05
   6595.6448067735564       0.706941545       1.00298341E-04
   6598.1020139117181       0.717097700       1.00431185E-04
   6600.5592210498799       0.680244803       9.68160166E-05
   6603.0164281880425       0.685713351       9.75846415E-05
   6605.4736353262042       0.722472787       1.02002909E-04
   6607.9308424643659       0.743986666       1.04827704E-04
   6610.3880496025276       0.742545605       1.05070067E-04
   6612.8452567406894       0.747664928       1.05803250E-04
   6615.3024638788520       0.747144401       1.05136387E-04
   6617.7596710170128       0.719269633       1.01783298E-04
   6620.2168781551754       0.688013077       9.70160763E-05
   6622.6740852933372       0.648501039       9.25894055E-05
   6625.1312924314989       0.669543624       9.52706032E-05
   6627.5884995696606       0.708430886       9.92755377E-05
   6630.0457067078223       0.685596704       9.62535196E-05
   6632.5029138459849       0.627487957       8.95787816E-05
   6634.9601209841458       0.629605591       8.98867584E-05
   6637.4173281223084       0.666001081       9.35356293E-05
   6639.8745352604701       0.673592567       9.56473232E-05
   6642.3317423986318       0.693455398       9.73652568E-05
   6644.7889495367936       0.668932438       9.44757921E-05
   6647.2461566749553       0.634979963       8.94352270E-05
   6649.7033638131179       0.571331382       8.10360507E-05
   6652.1605709512796       0.541219294       7.79185721E-05
   6654.6177780894413       0.573842645       8.03568109E-05
   6657.0749852276031       0.565831661       8.03879811E-05
   6659.5321923657648       0.586618960       8.33519080E-05
   6661.9893995039274       0.619375587       8.72745368E-05
   6664.4466066420882       0.642159343       9.11831594E-05
   6666.9038137802509       0.675040364       9.48769812E-05
   6669.3610209184126       0.671870112       9.48604211E-05
   6671.8182280565743       0.657269895       9.27195288E-05
   6674.2754351947360       0.627343535       8.88122158E-05
   6676.7326423328977       0.605734766       8.57017440E-05
   6679.1898494710604       0.575690985       8.10962374E-05
   6681.6470566092212       0.543274343       7.79419861E-05
   6684.1042637473838       0.571470320       8.06191165E-05
   6686.5614708855455       0.580246329       8.17820473E-05
   6689.0186780237073       0.582279086       8.27149270E-05
   6691.4758851618690       0.597928762       8.42733862E-05
   6693.9330923000307       0.601792336       8.53715683E-05
   6696.3902994381933       0.622773886       8.82074964E-05
   6698.8475065763550       0.646438718       9.11677125E-05
   6701.3047137145168       0.656124651       9.28337904E-05
   6703.7619208526785       0.667716920       9.43621708E-05
   6706.2191279908402       0.672727227       9.50307731E-05
   6708.6763351290019       0.672645390       9.50074536E-05
   6711.1335422671636       0.652863681       9.14993361E-05
   6713.5907494053263       0.586038947       8.32576334E-05
   6716.0479565434880       0.546471536       7.80927076E-05
   6718.5051636816497       0.553456008       7.84984004E-05
   6720.9623708198114       0.576047063       8.14922969E-05
   6723.4195779579732       0.592634261       8.34027160E-05
   6725.8767850961358       0.589171350       8.35844039E-05
   6728.3339922342975       0.604284108       8.56868355E-05
   6730.7911993724592       0.628692329       8.86474299E-05
   6733.2484065106210       0.630353510       8.87561910E-05
   6735.7056136487827       0.622121632       8.87853894E-05
   6738.1628207869444       0.652149260       9.16844874E-05
   6740.6200279251061       0.649917364       9.19446393E-05
   6743.0772350632687       0.644974828       9.07511057E-05
   6745.5344422014305       0.619676769       8.83713656E-05
   6747.9916493395922       0.630829275       8.82436943E-05
   6750.4488564777539       0.584998012       8.45039176E-05
   6752.9060636159156       0.648596764       1.10567438E-04
   6755.3632707540773       0.659786522       1.46336170E-04
   6757.8204778922391       0.673798144       1.30325294E-04
   6760.2776850304017       0.686250329       1.03051949E-04
   6762.7348921685634       0.729204655       1.02899125E-04
   6765.1920993067251       0.750961661       1.05778796E-04
   6767.6493064448869       0.757178664       1.07253378E-04
   6770.1065135830486       0.763034821       1.07700951E-04
   6772.5637207212112       0.769024074       1.09166605E-04
   6775.0209278593729       0.782849848       1.09885113E-04
   6777.4781349975347       0.751381993       1.06145933E-04
   6779.9353421356964       0.701341152       9.87126332E-05
   6782.3925492738581       0.635278881       9.11960960E-05
   6784.8497564120198       0.654985666       9.30200549E-05
   6787.3069635501815       0.674123824       9.43725827E-05
   6789.7641706883442       0.658427835       9.41217804E-05
   6792.2213778265059       0.692340910       9.74672075E-05
   6794.6785849646676       0.693860471       9.79636097E-05
   6797.1357921028293       0.703225017       1.00385441E-04
   6799.5929992409910       0.751057327       1.05310930E-04
   6802.0502063791528       0.741283238       1.04703118E-04
   6804.5074135173145       0.737717688       1.05089697E-04
   6806.9646206554771       0.766854644       1.07819222E-04
   6809.4218277936388       0.755807281       1.06708590E-04
   6811.8790349318006       0.745453954       1.06129301E-04
   6814.3362420699623       0.771204054       1.08823711E-04
   6816.7934492081240       0.780447960       1.10234694E-04
   6819.2506563462866       0.780891061       1.10206216E-04
   6821.7078634844484       0.764566422       1.08215107E-04
   6824.1650706226101       0.769129992       1.09592111E-04
   6826.6222777607718       0.804346442       1.12818008E-04
   6829.0794848989335       0.790992737       1.12319809E-04
   6831.5366920370961       0.810819328       1.14920265E-04
   6833.9938991752570       0.833092034       1.17399009E-04
   6836.4511063134196       0.838977814       1.18821285E-04
   6838.9083134515813       0.845849276       1.19259734E-04
   6841.3655205897430       0.837162614       1.18631280E-04
   6843.8227277279047       0.838707566       1.18286589E-04
   6846.2799348660665       0.812453091       1.14433875E-04
   6848.7371420042291       0.771734476       1.10211069E-04
   6851.1943491423908       0.799884915       1.13350980E-04
   6853.6515562805525       0.812541664       1.13505484E-04
   6856.1087634187143       0.775484085       1.11698770E-04
   6858.5659705568760       0.850941479       1.19784556E-04
   6861.0231776950377       0.856423974       1.19470307E-04
   6863.4803848331994       0.782819629       1.11321795E-04
   6865.9375919713621       0.735337734       1.04455743E-04
   6868.3947991095238       0.736284316       1.05486848E-04
   6870.8520062476855       0.809870839       1.14468690E-04
   6873.3092133858472       0.871144176       1.22853002E-04
   6875.7664205240089       0.899651170       1.26403625E-04
   6878.2236276621707       0.876839042       1.24023703E-04
   6880.6808348003324       0.866948605       1.23152495E-04
   6883.1380419384950       0.871551514       1.22407990E-04
   6885.5952490766567       0.839524686       1.19397846E-04
   6888.0524562148184       0.840780854       1.18606833E-04
   6890.5096633529802       0.828800440       1.17747666E-04
   6892.9668704911419       0.854733884       1.20907433E-04
   6895.4240776293036       0.863931358       1.21512254E-04
   6897.8812847674662       0.851717591       1.21131750E-04
   6900.3384919056280       0.871004403       1.23272403E-04
   6902.7956990437897       0.917556047       1.30880333E-04
   6905.2529061819514       0.995410025       1.38821852E-04
   6907.7101133201131       0.960350335       1.36311297E-04
   6910.1673204582748       0.969903708       1.37531300E-04
   6912.6245275964375       0.958166480       1.33605688E-04
   6915.0817347345992       0.870379925       1.25157749E-04
   6917.5389418727609       0.902822971       1.28291562E-04
   6919.9961490109226       0.960955441       1.35593742E-04
   6922.4533561490844        1.00532126       1.42399702E-04
   6924.9105632872470        1.05811524       1.49517116E-04
   6927.3677704254078        1.09308207       1.53965724E-04
   6929.8249775635704        1.09805226       1.55907561E-04
   6932.2821847017321        1.14514363       1.62034397E-04
   6934.7393918398939        1.17431486       1.65220103E-04
   6937.1965989780556        1.18255115       1.68863844E-04
   6939.6538061162173        1.27676034       1.80427800E-04
   6942.1110132543799        1.36221659       1.93241096E-04
   6944.5682203925408        1.47386003       2.07399848E-04
   6947.0254275307034        1.47112560       2.05471428E-04
   6949.4826346688651        1.35184860       1.93095519E-04
   6951.9398418070268        1.33141708       1.88313134E-04
   6954.3970489451885        1.31989133       1.87416968E-04
   6956.8542560833503        1.36073780       1.92566717E-04
   6959.3114632215129        1.39313912       1.96723311E-04
   6961.7686703596746        1.43077600       2.03176169E-04
   6964.2258774978363        1.48538482       2.08451340E-04
   6966.6830846359981        1.45246518       2.05747172E-04
   6969.1402917741598        1.45098901       2.06120560E-04
   6971.5974989123215        1.50329840       2.12918138E-04
   6974.0547060504832        1.57027972       2.21545677E-04
   6976.5119131886458        1.58429801       2.22934235E-04
   6978.9691203268076        1.55286515       2.20777598E-04
   6981.4263274649693        1.58465409       2.23819938E-04
   6983.8835346031310        1.59043801       2.24464005E-04
   6986.3407417412927        1.57584190       2.23148221E-04
   6988.7979488794554        1.58322179       2.24169853E-04
   6991.2551560176171        1.58094537       2.21928043E-04
   6993.7123631557788        1.50815034       2.15522319E-04
   6996.1695702939405        1.58280897       2.24574207E-04
   6998.6267774321022        1.65869880       2.33014420E-04
   7001.0839845702640        1.66162717       2.35556407E-04
   7003.5411917084257        1.70203984       2.41424103E-04
   7005.9983988465883        1.76647031       2.48448807E-04
   7008.4556059847500        1.75670481       2.49410688E-04
   7010.9128131229118        1.82066476       2.57844775E-04
   7013.3700202610735        1.86953497       2.63269525E-04
   7015.8272273992352        1.88855076       2.68424221E-04
   7018.2844345373978        1.95092118       2.74313410E-04
   7020.7416416755586        1.94068456       2.75892467E-04
   7023.1988488137213        2.03430700       2.88907991E-04
   7025.6560559518830        2.16904521       3.05916969E-04
   7028.1132630900447        2.27116108       3.22226260E-04
   7030.5704702282064        2.41370201       3.40259663E-04
   7033.0276773663682        2.45906115       3.46137618E-04
   7035.4848845045308        2.44060683       3.47175199E-04
   7037.9420916426916        2.54333019       3.59889353E-04
   7040.3992987808542        2.62379193       3.69389338E-04
   7042.8565059190159        2.62026024       3.70817492E-04
   7045.3137130571777        2.60001612       3.65286367E-04
   7047.7709201953394        2.39998269       3.36627592E-04
   7050.2281273335011        1.98531151       2.80211330E-04
   7052.6853344716637        1.48043716       2.14056403E-04
   7055.1425416098255        1.15064108       1.65736637E-04
   7057.5997487479872       0.967410266       1.39704644E-04
   7060.0569558861489       0.957227230       1.36248796E-04
   7062.5141630243106       0.987850130       1.39726617E-04
   7064.9713701624732        1.02872431       1.45352678E-04
   7067.4285773006350        1.05410838       1.49442276E-04
   7069.8857844387967        1.11332715       1.57476999E-04
   7072.3429915769584        1.14483321       1.61042030E-04
   7074.8001987151201        1.15246320       1.63983292E-04
   7077.2574058532819        1.19744086       1.68413331E-04
   7079.7146129914436        1.18391919       1.66840444E-04
   7082.1718201296062        1.12973821       1.59337797E-04
   7084.6290272677679        1.04045892       1.46901206E-04
   7087.0862344059296       0.940092802       1.33768815E-04
   7089.5434415440914       0.882232845       1.25185892E-04
   7092.0006486822531       0.862196922       1.23079692E-04
   7094.4578558204148       0.905793369       1.27645006E-04
   7096.9150629585765       0.907956600       1.27972788E-04
   7099.3722700967392       0.911082923       1.30152461E-04
   7101.8294772349009       0.971671820       1.36673858E-04
   7104.2866843730626       0.998896480       1.42111719E-04
   7106.7438915112243        1.08014977       1.52928551E-04
   7109.2010986493860        1.14029980       1.59767776E-04
   7111.6583057875478        1.11479855       1.57849834E-04
   7114.1155129257095        1.12626135       1.60913187E-04
   7116.5727200638721        1.19741988       1.67010934E-04
   7119.0299272020338        1.13060129       1.60078984E-04
   7121.4871343401956        1.07717180       1.52035529E-04
   7123.9443414783573       0.978263080       1.37926196E-04
   7126.4015486165190       0.883252323       1.26839062E-04
   7128.8587557546816       0.877971649       1.23694495E-04
   7131.3159628928424       0.858740211       1.21975951E-04
   7133.7731700310051       0.870741010       1.23283346E-04
   7136.2303771691668       0.887978852       1.25483581E-04
   7138.6875843073285       0.905038416       1.28176514E-04
   7141.1447914454911       0.922436595       1.30030778E-04
   7143.6019985836519       0.933106780       1.33102614E-04
   7146.0592057218146       0.999520481       1.40556702E-04
   7148.5164128599763        1.00580633       1.41847835E-04
   7150.9736199981380        1.00357807       1.42508536E-04
   7153.4308271362997        1.02806950       1.45263519E-04
   7155.8880342744615        1.03933907       1.46345599E-04
   7158.3452414126241        1.01762533       1.44472710E-04
   7160.8024485507858        1.03117132       1.45639468E-04
   7163.2596556889475        1.01945126       1.43675716E-04
   7165.7168628271093       0.991675198       1.40900418E-04
   7168.1740699652710        1.01023579       1.43732497E-04
   7170.6312771034327        1.07054961       1.50781794E-04
   7173.0884842415944        1.09453893       1.55069836E-04
   7175.5456913797570        1.13125312       1.59430128E-04
   7178.0028985179188        1.13362992       1.60860873E-04
   7180.4601056560805        1.18317640       1.67616425E-04
   7182.9173127942422        1.21540904       1.70668587E-04
   7185.3745199324039        1.20997882       1.72682267E-04
   7187.8317270705656        1.27905238       1.80172516E-04
   7190.2889342087274        1.29680598       1.82627264E-04
   7192.7461413468900        1.25646293       1.76649250E-04
   7195.2033484850517        1.15944481       1.64874815E-04
   7197.6605556232134        1.12858915       1.60766504E-04
   7200.1177627613752        1.15914822       1.63870369E-04
   7202.5749698995369        1.18242323       1.66625992E-04
   7205.0321770376986        1.17415273       1.66935875E-04
   7207.4893841758603        1.24787712       1.77901267E-04
   7209.9465913140230        1.34825432       1.88055870E-04
   7212.4037984521847        1.32259440       1.88695412E-04
   7214.8610055903464        1.39399302       1.96914028E-04
   7217.3182127285090        1.42123413       2.00097289E-04
   7219.7754198666698        1.43195117       2.03944204E-04
   7222.2326270048325        1.49616921       2.10428043E-04
   7224.6898341429942        1.50524437       2.13213701E-04
   7227.1470412811559        1.51599562       2.13395542E-04
   7229.6042484193176        1.48214543       2.10580634E-04
   7232.0614555574793        1.50650084       2.13335647E-04
   7234.5186626956420        1.56729746       2.23257404E-04
   7236.9758698338028        1.69301736       2.37422981E-04
   7239.4330769719654        1.70377600       2.42302995E-04
   7241.8902841101271        1.81565177       2.57258187E-04
   7244.3474912482889        1.91518414       2.70305958E-04
   7246.8046983864506        2.00752783       2.84065783E-04
   7249.2619055246123        2.06261969       2.90273689E-04
   7251.7191126627749        2.06831360       2.93942780E-04
   7254.1763198009367        2.16199684       3.06935428E-04
   7256.6335269390984        2.30992961       3.25422618E-04
   7259.0907340772601        2.35287929       3.31409072E-04
   7261.5479412154218        2.33257627       3.30535608E-04
   7264.0051483535835        2.35965776       3.34487093E-04
   7266.4623554917453        2.40162206       3.37439182E-04
   7268.9195626299079        2.32703590       3.30234499E-04
   7271.3767697680696        2.32686734       3.29132512E-04
   7273.8339769062313        2.32008195       3.28763068E-04
   7276.2911840443930        2.39788723       3.41309467E-04
   7278.7483911825548        2.56521153       3.61527578E-04
   7281.2055983207165        2.65262461       3.74289724E-04
   7283.6628054588782        2.67918110       3.78986646E-04
   7286.1200125970408        2.74242902       3.89053865E-04
   7288.5772197352026        2.81988406       3.96517833E-04
   7291.0344268733643        2.85328579       4.09031549E-04
   7293.4916340115260        3.15654683       4.43147146E-04
   7295.9488411496877        3.22870612       4.56859067E-04
   7298.4060482878504        3.36677670       4.77063440E-04
   7300.8632554260121        3.47172809       4.88698308E-04
   7303.3204625641738        3.52272129       5.01091650E-04
   7305.7776697023355        3.68733883       5.19677880E-04
   7308.2348768404972        3.75511456       5.31098805E-04
   7310.6920839786590        3.84506226       5.45742747E-04
   7313.1492911168207        4.04307175       5.71386598E-04
   7315.6064982549833        4.19232988       5.92055614E-04
   7318.0637053931450        4.29065943       6.06269750E-04
   7320.5209125313067        4.34967852       6.15012366E-04
   7322.9781196694685        4.39397812       6.20498322E-04
   7325.4353268076302        4.38414526       6.20552164E-04
   7327.8925339457928        4.42912674       6.27734582E-04
   7330.3497410839536        4.56110573       6.46438915E-04
   7332.8069482221163        4.77573061       6.75322721E-04
   7335.2641553602780        4.95426035       6.99215278E-04
   7337.7213624984397        5.01800919       7.06716324E-04
   7340.1785696366014        4.88297462       6.89477078E-04
   7342.6357767747631        4.72405815       6.70879497E-04
   7345.0929839129258        4.73611164       6.70992013E-04
   7347.5501910510866        4.79939651       6.77266915E-04
   7350.0073981892492        4.78184891       6.76912197E-04
   7352.4646053274109        4.82204485       6.82639657E-04
   7354.9218124655727        4.87463188       6.88630273E-04
   7357.3790196037344        4.94022322       7.02235149E-04
   7359.8362267418961        5.20771360       7.36348040E-04
   7362.2934338800587        5.41471529       7.63468153E-04
   7364.7506410182204        5.49752808       7.77224137E-04
   7367.2078481563822        5.52252579       7.78609887E-04
   7369.6650552945439        5.42274761       7.67593796E-04
   7372.1222624327056        5.35515070       7.56715599E-04
   7374.5794695708682        5.25020647       7.43589364E-04
   7377.0366767090300        5.27054214       7.48771126E-04
   7379.4938838471917        5.44368219       7.68252066E-04
   7381.9510909853534        5.56192493       7.88003963E-04
   7384.4082981235151        5.67469072       7.97040062E-04
   7386.8655052616768        5.51383162       7.83096533E-04
   7389.3227123998386        5.52784538       7.79553142E-04
   7391.7799195380012        5.40276241       7.65770965E-04
   7394.2371266761629        5.42302895       7.67527788E-04
   7396.6943338143246        5.42875147       7.67379126E-04
   7399.1515409524864        5.44127703       7.68129888E-04
   7401.6087480906481        5.32555962       7.53403467E-04
   7404.0659552288098        5.30879784       7.53375120E-04
   7406.5231623669715        5.35186529       7.53971341E-04
   7408.9803695051341        5.30796862       7.53729779E-04
   7411.4375766432959        5.39246559       7.60391238E-04
   7413.8947837814576        5.33752203       7.53529195E-04
   7416.3519909196193        5.20984602       7.37234834E-04
   7418.8091980577810        5.13031149       7.28284009E-04
   7421.2664051959437        5.26728487       7.48091377E-04
   7423.7236123341045        5.50481415       7.73551234E-04
   7426.1808194722671        5.45621967       7.71953957E-04
   7428.6380266104288        5.44255257       7.69587466E-04
   7431.0952337485905        5.36097574       7.55492656E-04
   7433.5524408867523        5.17145061       7.33642955E-04
   7436.0096480249140        5.10495520       7.22669356E-04
   7438.4668551630766        5.10347557       7.22868950E-04
   7440.9240623012374        5.14306688       7.25572114E-04
   7443.3812694394001        5.07541466       7.18011695E-04
   7445.8384765775618        5.06811190       7.19552860E-04
   7448.2956837157235        5.19905615       7.33929453E-04
   7450.7528908538861        5.23503304       7.38890783E-04
   7453.2100979920478        5.18192291       7.32719549E-04
   7455.6673051302096        5.15034199       7.30161439E-04
   7458.1245122683713        5.19939899       7.34375324E-04
   7460.5817194065330        5.24277687       7.44474120E-04
   7463.0389265446947        5.41184139       7.61341653E-04
   7465.4961336828565        5.33682060       7.55801273E-04
   7467.9533408210191        5.38153028       7.62625248E-04
   7470.4105479591808        5.42220640       7.63183634E-04
   7472.8677550973425        5.33449173       7.58441922E-04
   7475.3249622355042        5.47807646       7.75428023E-04
   7477.7821693736660        5.61954308       7.91610975E-04
   7480.2393765118277        5.58032322       7.90087564E-04
   7482.6965836499894        5.64873695       8.00866575E-04
   7485.1537907881520        5.71648550       8.02646449E-04
   7487.6109979263138        5.56882143       7.94663851E-04
   7490.0682050644755        5.77459383       8.12139770E-04
   7492.5254122026372        5.69181252       8.06283031E-04
   7494.9826193407989        5.78180313       8.20436224E-04
   7497.4398264789606        5.91187334       8.32640624E-04
   7499.8970336171224        5.94539356       8.43810034E-04
   7502.3542407552850        6.05456066       8.52045021E-04
   7504.8114478934467        5.96101570       8.45137576E-04
   7507.2686550316084        6.02428484       8.53546662E-04
   7509.7258621697702        6.07450914       8.53294332E-04
   7512.1830693079319        5.89185286       8.40171648E-04
   7514.6402764460936        6.10712671       8.61832057E-04
   7517.0974835842553        6.09150887       8.56643950E-04
   7519.5546907224179        5.92637300       8.44197231E-04
   7522.0118978605797        6.04778004       8.53248173E-04
   7524.4691049987414        6.08250713       8.61559529E-04
   7526.9263121369040        6.19393015       8.76148173E-04
   7529.3835192750648        6.32980299       8.96218873E-04
   7531.8407264132275        6.48892832       9.15295153E-04
   7534.2979335513892        6.54910278       9.29732108E-04
   7536.7551406895509        6.80506277       9.60106030E-04
   7539.2123478277126        6.84840441       9.65642917E-04
   7541.6695549658743        6.78473139       9.61284095E-04
   7544.1267621040370        6.78707123       9.58986871E-04
   7546.5839692421978        6.73445940       9.50937218E-04
   7549.0411763803604        6.62242413       9.39850754E-04
   7551.4983835185221        6.73375463       9.52595030E-04
   7553.9555906566839        6.77863121       9.55761701E-04
   7556.4127977948456        6.75997400       9.60355275E-04
   7558.8700049330073        6.88503742       9.67533037E-04
   7561.3272120711699        6.67500973       9.45847365E-04
   7563.7844192093316        6.61662245       9.37911042E-04
   7566.2416263474934        6.63651037       9.37459234E-04
   7568.6988334856551        6.65702057       9.44262429E-04
   7571.1560406238168        6.82338905       9.64854436E-04
   7573.6132477619785        6.96568537       9.83399106E-04
   7576.0704549001402        6.99166012       9.87748965E-04
   7578.5276620383029        6.94096088       9.79542267E-04
   7580.9848691764637        6.72573328       9.48023226E-04
   7583.4420763146263        6.26420355       8.81245069E-04
   7585.8992834527880        5.43151188       7.66961952E-04
   7588.3564905909498        4.47640944       6.40426821E-04
   7590.8136977291124        3.84698892       5.48978278E-04
   7593.2709048672732        3.47277999       4.93662374E-04
   7595.7281120054358        3.21171641       4.53492947E-04
   7598.1853191435976        2.90156579       4.12381080E-04
   7600.6425262817593        2.75673389       3.94517265E-04
   7603.0997334199219        2.88380075       4.09072003E-04
   7605.5569405580827        3.09870195       4.40249627E-04
   7608.0141476962453        3.45626330       4.92578431E-04
   7610.4713548344071        3.99523401       5.66008035E-04
   7612.9285619725688        4.47582912       6.29420159E-04
   7615.3857691107305        4.66048717       6.54148113E-04
   7617.8429762488922        4.49879503       6.31475355E-04
   7620.3001833870549        3.99323416       5.62502595E-04
   7622.7573905252157        3.34064388       4.77672875E-04
   7625.2145976633783        2.91772461       4.14969021E-04
   7627.6718048015400        2.63069844       3.75786040E-04
   7630.1290119397017        2.56551814       3.63297382E-04
   7632.5862190778635        2.50977898       3.55202705E-04
   7635.0434262160252        2.51521015       3.57207813E-04
   7637.5006333541878        2.55418324       3.58839781E-04
   7639.9578404923486        2.48007202       3.51726485E-04
   7642.4150476305113        2.47086763       3.50076327E-04
   7644.8722547686730        2.46189570       3.45509732E-04
   7647.3294619068347        2.29985332       3.25601548E-04
   7649.7866690449964        2.15416694       3.04746063E-04
   7652.2438761831581        1.99226797       2.81537505E-04
   7654.7010833213208        1.81227231       2.56220897E-04
   7657.1582904594816        1.60004175       2.26473843E-04
   7659.6154975976442        1.39553022       1.98855327E-04
   7662.0727047358059        1.27055967       1.81310374E-04
   7664.5299118739676        1.26229572       1.80775343E-04
   7666.9871190121294        1.41910291       2.03460324E-04
   7669.4443261502911        1.68016183       2.35678133E-04
   7671.9015332884537        1.79451716       2.53615493E-04
   7674.3587404266145        1.90019584       2.68112839E-04
   7676.8159475647772        1.93163025       2.72258068E-04
   7679.2731547029389        1.95712936       2.78811174E-04
   7681.7303618411006        2.05849934       2.89316493E-04
   7684.1875689792632        2.06226492       2.91485369E-04
   7686.6447761174240        2.02507448       2.84141686E-04
   7689.1019832555867        1.85121977       2.62146612E-04
   7691.5591903937484        1.70072734       2.41400805E-04
   7694.0163975319101        1.57696474       2.22807401E-04
   7696.4736046700727        1.45819104       2.08121855E-04
   7698.9308118082336        1.49248219       2.15146807E-04
   7701.3880189463962        1.76640403       2.50386220E-04
   7703.8452260845579        1.98172832       2.77934014E-04
   7706.3024332227196        2.09673190       2.98681960E-04
   7708.7596403608813        2.29261613       3.22342821E-04
   7711.2168474990431        2.36756897       3.35515302E-04
   7713.6740546372057        2.53434086       3.61565530E-04
   7716.1312617753665        2.82122421       3.96741874E-04
   7718.5884689135291        2.94478440       4.15004499E-04
   7721.0456760516909        2.98554015       4.22777783E-04
   7723.5028831898526        3.08554244       4.38497344E-04
   7725.9600903280143        3.28976750       4.64057841E-04
   7728.4172974661760        3.39045334       4.78546979E-04
   7730.8745046043387        3.47946429       4.94126522E-04
   7733.3317117424995        3.63295174       5.10842889E-04
   7735.7889188806621        3.61274648       5.10765880E-04
   7738.2461260188238        3.58707786       5.06694603E-04
   7740.7033331569855        3.48191190       4.90283710E-04
   7743.1605402951473        3.27694678       4.64828277E-04
   7745.6177474333090        3.13675499       4.43854631E-04
   7748.0749545714716        3.02820754       4.29722364E-04
   7750.5321617096324        3.00479794       4.24888742E-04
   7752.9893688477950        2.97326064       4.20843513E-04
   7755.4465759859568        3.00342178       4.27053019E-04
   7757.9037831241185        3.14625597       4.44287783E-04
   7760.3609902622811        3.26014018       4.61973221E-04
   7762.8181974004419        3.42057395       4.83215292E-04
   7765.2754045386046        3.52185082       4.97350702E-04
   7767.7326116767663        3.61393237       5.12546103E-04
   7770.1898188149280        3.74434614       5.27088123E-04
   7772.6470259530906        3.73424935       5.28148143E-04
   7775.1042330912514        3.72514176       5.26055577E-04
   7777.5614402294141        3.64105153       5.13914565E-04
   7780.0186473675749        3.54658437       5.04168449E-04
   7782.4758545057375        3.56895685       5.03026706E-04
   7784.9330616438992        3.51197219       4.98404668E-04
   7787.3902687820610        3.59035730       5.09357371E-04
   7789.8474759202236        3.70478058       5.20931557E-04
   7792.3046830583844        3.64921832       5.16050786E-04
   7794.7618901965470        3.61675549       5.13449253E-04
   7797.2190973347087        3.69608998       5.23049035E-04
   7799.6763044728705        3.82311296       5.43301052E-04
   7802.1335116110322        4.12454176       5.85380825E-04
   7804.5907187491939        4.50507593       6.36516954E-04
   7807.0479258873565        4.79438829       6.75295305E-04
   7809.5051330255174        4.89522028       6.91357127E-04
   7811.9623401636800        4.95485640       7.00982462E-04
   7814.4195473018417        4.99470282       7.04364676E-04
   7816.8767544400034        4.90024137       6.91009744E-04
   7819.3339615781651        4.67242050       6.60542282E-04
   7821.7911687163269        4.46217203       6.33795280E-04
   7824.2483758544895        4.39509010       6.20833889E-04
   7826.7055829926503        4.27681637       6.05035981E-04
   7829.1627901308129        4.22674465       6.01266278E-04
   7831.6199972689747        4.35543871       6.14591117E-04
   7834.0772044071364        4.39149570       6.20643084E-04
   7836.5344115452981        4.44535208       6.31118077E-04
   7838.9916186834598        4.62647486       6.54051546E-04
   7841.4488258216224        4.78500509       6.75955380E-04
   7843.9060329597842        4.86554241       6.86298183E-04
   7846.3632400979459        4.87668228       6.91981812E-04
   7848.8204472361076        5.00027561       7.05243088E-04
   7851.2776543742693        4.98965836       7.05175102E-04
   7853.7348615124320        4.98664713       7.06237741E-04
   7856.1920686505928        5.00260305       7.05728191E-04
   7858.6492757887554        4.91636896       6.94629794E-04
   7861.1064829269171        4.80969191       6.81537203E-04
   7863.5636900650788        4.74558401       6.69124362E-04
   7866.0208972032406        4.62604856       6.59012876E-04
   7868.4781043414023        4.77528191       6.73693954E-04
   7870.9353114795649        4.80198336       6.79795805E-04
   7873.3925186177257        4.93923569       7.01119541E-04
   7875.8497257558884        5.17282343       7.30574655E-04
   7878.3069328940501        5.35128307       7.55805522E-04
   7880.7641400322118        5.48150396       7.77805515E-04
   7883.2213471703744        5.75546551       8.10932193E-04
   7885.6785543085352        5.72726440       8.05553456E-04
   7888.1357614466979        5.60338306       8.00093752E-04
   7890.5929685848587        5.78294897       8.09961930E-04
   7893.0501757230213        5.51832151       7.81881274E-04
   7895.5073828611830        5.38481903       7.63236079E-04
   7897.9645899993448        5.25050735       7.39109062E-04
   7900.4217971375074        5.02656794       7.16971408E-04
   7902.8790042756682        5.13448811       7.24838581E-04
   7905.3362114138308        5.06393433       7.10084394E-04
   7907.7934185519925        4.74286699       6.77673495E-04
   7910.2506256901543        4.79801702       6.77303411E-04
   7912.7078328283160        4.76304197       6.74412935E-04
   7915.1650399664777        4.83197880       6.84239378E-04
   7917.6222471046403        4.86491728       6.85584208E-04
   7920.0794542428021        4.87206411       6.94400922E-04
   7922.5366613809638        5.13542747       7.24578043E-04
   7924.9938685191255        5.31129694       7.51842745E-04
   7927.4510756572872        5.51485872       7.79497612E-04
   7929.9082827954498        5.68654108       8.03924981E-04
   7932.3654899336107        5.77980280       8.12681799E-04
   7934.8226970717733        5.58404016       7.88881502E-04
   7937.2799042099350        5.31645155       7.50262989E-04
   7939.7371113480967        4.96715689       7.06155028E-04
   7942.1943184862585        4.87163353       6.91417954E-04
   7944.6515256244202        4.90658617       6.95880619E-04
   7947.1087327625828        5.13798809       7.29631865E-04
   7949.5659399007436        5.43849945       7.66436162E-04
   7952.0231470389062        5.69364262       8.10322934E-04
   7954.4803541770680        6.05836916       8.46237817E-04
   7956.9375613152297        5.83829927       8.28763063E-04
   7959.3947684533914        5.85309601       8.30508361E-04
   7961.8519755915531        6.00186110       8.50927667E-04
   7964.3091827297158        6.32431078       8.94059020E-04
   7966.7663898678766        6.48594475       9.12430696E-04
   7969.2235970060392        6.44699049       9.12705087E-04
   7971.6808041442009        6.32912445       8.89156188E-04
   7974.1380112823626        5.95539045       8.47005460E-04
   7976.5952184205253        5.82072258       8.22619651E-04
   7979.0524255586861        5.67863131       8.05225456E-04
   7981.5096326968487        5.65688372       7.99060974E-04
   7983.9668398350095        5.59641075       7.94281310E-04
   7986.4240469731722        5.73106003       8.10397265E-04
   7988.8812541113339        5.79432154       8.18229921E-04
   7991.3384612494956        5.88589764       8.36770341E-04
   7993.7956683876582        6.17605686       8.71951343E-04
   7996.2528755258199        6.36706686       8.99158360E-04
   7998.7100826639817        6.48836136       9.19151003E-04
   8001.1672898021434        6.72642803       9.52679198E-04
   8003.6244969403051        7.00247955       9.89099732E-04
   8006.0817040784677        7.22081947       1.02126866E-03
   8008.5389112166285        7.38679886       1.04239478E-03
   8010.9961183547912        7.49096012       1.06392463E-03
   8013.4533254929529        7.81930161       1.10261759E-03
   8015.9105326311146        7.88926029       1.11358613E-03
   8018.3677397692763        7.95269108       1.13041163E-03
   8020.8249469074381        8.26922703       1.16688409E-03
   8023.2821540456007        8.48762131       1.20298378E-03
   8025.7393611837615        8.80432701       1.24293845E-03
   8028.1965683219241        9.06911469       1.28901703E-03
   8030.6537754600859        9.65926075       1.36132783E-03
   8033.1109825982476        9.78338528      -1.38357934E-03
