   5529.2169088113069        4.79227267E-02  -6.77684557E-06
   5531.6741159494686        5.10300957E-02   7.53859649E-06
   5534.1313230876303        6.18960187E-02   7.95402411E-06
   5536.5885302257930        4.18195426E-02   6.78470269E-06
   5539.0457373639547        5.29804304E-02   7.31999671E-06
   5541.5029445021164        5.37479408E-02   7.52446567E-06
   5543.9601516402781        4.54229414E-02   6.52670769E-06
   5546.4173587784398        4.31413278E-02   6.45542241E-06
   5548.8745659166016        5.83227947E-02   8.32281421E-06
   5551.3317730547642        6.43323734E-02   8.53467736E-06
   5553.7889801929259        4.15881649E-02   6.61168360E-06
   5556.2461873310876        5.10394573E-02   7.67733218E-06
   5558.7033944692494        7.90982246E-02   1.10167157E-05
   5561.1606016074111        9.24787074E-02   1.30737362E-05
   5563.6178087455728       0.101016201       1.39145141E-05
   5566.0750158837354        9.51896161E-02   1.41337769E-05
   5568.5322230218972       0.120522745       1.72880682E-05
   5570.9894301600589       0.138377681       1.83852626E-05
   5573.4466372982206       0.108123347       1.70447001E-05
   5575.9038444363823       0.148032606       2.02099345E-05
   5578.3610515745440       0.154216096       2.16113312E-05
   5580.8182587127058       0.149855584       2.20459733E-05
   5583.2754658508684       0.175193489       2.34297258E-05
   5585.7326729890301       0.144563422       2.12526847E-05
   5588.1898801271918       0.144134194       2.13153107E-05
   5590.6470872653535       0.176524431       2.34511735E-05
   5593.1042944035153       0.145103291       2.12836294E-05
   5595.5615015416770       0.137884825       1.98864636E-05
   5598.0187086798396       0.151237503       2.12375126E-05
   5600.4759158180013       0.160714731       2.29839607E-05
   5602.9331229561631       0.174004361       2.37360946E-05
   5605.3903300943248       0.150864005       2.19065387E-05
   5607.8475372324865       0.147677347       2.09369537E-05
   5610.3047443706482       0.148765236       2.09024038E-05
   5612.7619515088109       0.145435289       2.08261499E-05
   5615.2191586469726       0.147399381       1.99885999E-05
   5617.6763657851343       0.112232909       1.66394875E-05
   5620.1335729232960       0.104144469       1.51630893E-05
   5622.5907800614577       0.117212415       1.62535434E-05
   5625.0479871996195       0.119161986       1.72413911E-05
   5627.5051943377821       0.134636968       1.86676534E-05
   5629.9624014759438       0.133997694       1.90006194E-05
   5632.4196086141055       0.135577232       1.94960976E-05
   5634.8768157522672       0.147644028       2.02231058E-05
   5637.3340228904290       0.132802516       1.91958425E-05
   5639.7912300285907       0.132849947       1.88310187E-05
   5642.2484371667524       0.136991173       1.93888045E-05
   5644.7056443049150       0.143406659       2.05332544E-05
   5647.1628514430768       0.157495648       2.17651450E-05
   5649.6200585812385       0.148947924       2.11091810E-05
   5652.0772657194002       0.140308544       2.01518196E-05
   5654.5344728575619       0.148013592       2.11452443E-05
   5656.9916799957236       0.165547431       2.34208364E-05
   5659.4488871338863       0.183324143       2.58689925E-05
   5661.9060942720480       0.191391811       2.62503781E-05
   5664.3633014102097       0.162795871       2.34946965E-05
   5666.8205085483714       0.147467598       2.08049787E-05
   5669.2777156865332       0.133026153       1.92438929E-05
   5671.7349228246949       0.143606901       2.12316409E-05
   5674.1921299628575       0.179682717       2.36976412E-05
   5676.6493371010192       0.148275569       2.25042295E-05
   5679.1065442391809       0.177878797       2.53305134E-05
   5681.5637513773427       0.206592649       2.82805086E-05
   5684.0209585155044       0.192251191       2.76315695E-05
   5686.4781656536661       0.192741036       2.70152286E-05
   5688.9353727918278       0.183174655       2.57145293E-05
   5691.3925799299905       0.166061580       2.42507886E-05
   5693.8497870681522       0.184354559       2.61045843E-05
   5696.3069942063139       0.200330347       2.78070238E-05
   5698.7642013444756       0.192760378       2.76268838E-05
   5701.2214084826373       0.201570645       2.87138773E-05
   5703.6786156207991       0.216650441       2.98408777E-05
   5706.1358227589617       0.198053017       2.86054837E-05
   5708.5930298971234       0.201521248       2.84793769E-05
   5711.0502370352851       0.204371437       2.86957493E-05
   5713.5074441734469       0.197739705       2.82171677E-05
   5715.9646513116086       0.200145230       2.80332697E-05
   5718.4218584497703       0.189283162       2.65709750E-05
   5720.8790655879329       0.171186641       2.50316516E-05
   5723.3362727260946       0.190883756       2.69933626E-05
   5725.7934798642564       0.203479692       2.80758759E-05
   5728.2506870024181       0.187201574       2.73711321E-05
   5730.7078941405798       0.204015061       2.81386710E-05
   5733.1651012787415       0.194833130       2.78418611E-05
   5735.6223084169033       0.193775877       2.74271915E-05
   5738.0795155550659       0.197361156       2.79467586E-05
   5740.5367226932276       0.198113516       2.75721977E-05
   5742.9939298313893       0.184564084       2.71556000E-05
   5745.4511369695510       0.214880615       2.99337644E-05
   5747.9083441077128       0.224019215       3.15152574E-05
   5750.3655512458745       0.224680901       3.22867418E-05
   5752.8227583840371       0.245305791       3.41449340E-05
   5755.2799655221988       0.238076389       3.31379233E-05
   5757.7371726603606       0.208397642       3.05815738E-05
   5760.1943797985223       0.220729157       3.01261207E-05
   5762.6515869366840       0.190195009       2.75076964E-05
   5765.1087940748457       0.174185157       2.48203214E-05
   5767.5660012130083       0.169953793       2.42255101E-05
   5770.0232083511701       0.177173972       2.55932027E-05
   5772.4804154893318       0.201743454       2.80369641E-05
   5774.9376226274935       0.206421465       2.93670764E-05
   5777.3948297656552       0.216877490       3.09194074E-05
   5779.8520369038170       0.236532554       3.26809095E-05
   5782.3092440419787       0.217392966       3.08348972E-05
   5784.7664511801413       0.201367989       2.99012372E-05
   5787.2236583183030       0.237466648       3.19101782E-05
   5789.6808654564647       0.208346680       3.05391695E-05
   5792.1380725946265       0.221760973       3.20650288E-05
   5794.5952797327882       0.265039384       3.64492189E-05
   5797.0524868709508       0.253633797       3.54278345E-05
   5799.5096940091125       0.225872830       3.40968691E-05
   5801.9669011472743       0.283357829       3.82700637E-05
   5804.4241082854360       0.267110854       3.84487612E-05
   5806.8813154235977       0.266722977       3.73766852E-05
   5809.3385225617594       0.246086404       3.42316343E-05
   5811.7957296999211       0.197131470       3.00849933E-05
   5814.2529368380838       0.235826418       3.17927770E-05
   5816.7101439762455       0.219013110       3.17791601E-05
   5819.1673511144072       0.225422308       3.14176177E-05
   5821.6245582525689       0.216777489       3.08997514E-05
   5824.0817653907307       0.218437478       3.13630881E-05
   5826.5389725288924       0.236398980       3.25341352E-05
   5828.9961796670550       0.216966316       3.12235497E-05
   5831.4533868052167       0.219947428       3.14496428E-05
   5833.9105939433784       0.234395832       3.20969666E-05
   5836.3678010815402       0.206374168       3.01691362E-05
   5838.8250082197019       0.215217650       3.00404572E-05
   5841.2822153578636       0.206901520       2.89801137E-05
   5843.7394224960262       0.183183074       2.65673625E-05
   5846.1966296341880       0.183080748       2.51385845E-05
   5848.6538367723497       0.155033499       2.27032251E-05
   5851.1110439105114       0.154744208       2.15890996E-05
   5853.5682510486731       0.149020284       2.15998007E-05
   5856.0254581868348       0.164405242       2.31234626E-05
   5858.4826653249966       0.174195305       2.44214352E-05
   5860.9398724631592       0.171151385       2.40050904E-05
   5863.3970796013209       0.159219593       2.27880428E-05
   5865.8542867394826       0.158579379       2.25131243E-05
   5868.3114938776444       0.164873540       2.35981424E-05
   5870.7687010158061       0.182270169       2.53250619E-05
   5873.2259081539678       0.174965695       2.43400045E-05
   5875.6831152921304       0.145981789       2.13518615E-05
   5878.1403224302921       0.146815240       2.06649784E-05
   5880.5975295684539       0.144690976       2.01367548E-05
   5883.0547367066156       0.128433436       1.86792004E-05
   5885.5119438447773       0.133259848       1.84738583E-05
   5887.9691509829390       0.116452001       1.60916861E-05
   5890.4263581211017        7.78295398E-02   1.29387518E-05
   5892.8835652592634       0.117278181       1.51932973E-05
   5895.3407723974251        9.61341634E-02   1.39997446E-05
   5897.7979795355868        7.55417645E-02   1.21694811E-05
   5900.2551866737485       0.120684862       1.70089570E-05
   5902.7123938119103       0.151543200       2.06026070E-05
   5905.1696009500720       0.141718060       2.04031167E-05
   5907.6268080882346       0.144322202       2.03824129E-05
   5910.0840152263963       0.144122273       2.01466119E-05
   5912.5412223645581       0.136081725       2.00019749E-05
   5914.9984295027198       0.157815829       2.18371642E-05
   5917.4556366408815       0.160791636       2.28128465E-05
   5919.9128437790432       0.163809896       2.30456844E-05
   5922.3700509172058       0.158258855       2.19355461E-05
   5924.8272580553676       0.135980859       2.03167492E-05
   5927.2844651935293       0.160039097       2.22532854E-05
   5929.7416723316910       0.162627414       2.24605574E-05
   5932.1988794698527       0.140206486       2.08720212E-05
   5934.6560866080144       0.159652919       2.19805424E-05
   5937.1132937461771       0.158478707       2.27261426E-05
   5939.5705008843388       0.166981384       2.35005391E-05
   5942.0277080225005       0.171511412       2.42195201E-05
   5944.4849151606622       0.175003096       2.50272114E-05
   5946.9421222988240       0.188891232       2.62728481E-05
   5949.3993294369857       0.179959416       2.50462763E-05
   5951.8565365751474       0.151524737       2.22317485E-05
   5954.3137437133100       0.157133430       2.22004765E-05
   5956.7709508514718       0.164308041       2.31357462E-05
   5959.2281579896335       0.166097775       2.35456791E-05
   5961.6853651277952       0.170456290       2.41909329E-05
   5964.1425722659569       0.178587362       2.51212059E-05
   5966.5997794041186       0.178842440       2.51730671E-05
   5969.0569865422813       0.175368220       2.51411311E-05
   5971.5141936804430       0.182606727       2.52756254E-05
   5973.9714008186047       0.170544416       2.47524677E-05
   5976.4286079567664       0.180608824       2.48532415E-05
   5978.8858150949281       0.163008824       2.33428127E-05
   5981.3430222330899       0.155882239       2.27587316E-05
   5983.8002293712525       0.181459978       2.54837396E-05
   5986.2574365094142       0.198707134       2.79397173E-05
   5988.7146436475759       0.205815420       2.89883701E-05
   5991.1718507857377       0.203518972       2.83557692E-05
   5993.6290579238994       0.184399575       2.67823907E-05
   5996.0862650620611       0.194262028       2.71764984E-05
   5998.5434722002228       0.189678431       2.64988794E-05
   6001.0006793383855       0.170225576       2.48066681E-05
   6003.4578864765472       0.178572640       2.46892760E-05
   6005.9150936147089       0.171131954       2.51232395E-05
   6008.3723007528706       0.197606578       2.71471963E-05
   6010.8295078910323       0.190522105       2.70038145E-05
   6013.2867150291941       0.181910098       2.61683181E-05
   6015.7439221673567       0.193017870       2.70105829E-05
   6018.2011293055184       0.192191482       2.70470227E-05
   6020.6583364436801       0.183084816       2.60244215E-05
   6023.1155435818418       0.183381125       2.65137442E-05
   6025.5727507200036       0.205900937       2.85003607E-05
   6028.0299578581653       0.203033045       2.88018127E-05
   6030.4871649963279       0.198202804       2.78784210E-05
   6032.9443721344896       0.193188429       2.81758694E-05
   6035.4015792726514       0.221388161       3.05085778E-05
   6037.8587864108131       0.216264993       3.08471208E-05
   6040.3159935489748       0.218181551       3.09877287E-05
   6042.7732006871365       0.226602912       3.20102772E-05
   6045.2304078252982       0.235033378       3.34644174E-05
   6047.6876149634609       0.251442194       3.54846088E-05
   6050.1448221016226       0.264723629       3.72563700E-05
   6052.6020292397843       0.266035795       3.73813127E-05
   6055.0592363779460       0.255366534       3.62189530E-05
   6057.5164435161078       0.248516619       3.52184397E-05
   6059.9736506542704       0.244939327       3.45734188E-05
   6062.4308577924321       0.240433902       3.44275868E-05
   6064.8880649305938       0.256617248       3.64091429E-05
   6067.3452720687555       0.273448735       3.80523779E-05
   6069.8024792069173       0.262653321       3.73834664E-05
   6072.2596863450790       0.261121035       3.72586692E-05
   6074.7168934832407       0.277998418       3.93503178E-05
   6077.1741006214033       0.290006250       4.02109181E-05
   6079.6313077595651       0.268401772       3.86246065E-05
   6082.0885148977268       0.271503866       3.82381222E-05
   6084.5457220358885       0.274929762       3.92598522E-05
   6087.0029291740502       0.287398010       3.96781943E-05
   6089.4601363122119       0.261940151       3.78126606E-05
   6091.9173434503737       0.263309211       3.70520902E-05
   6094.3745505885363       0.264195502       3.78266377E-05
   6096.8317577266980       0.278853655       3.84262239E-05
   6099.2889648648597       0.250571370       3.60584709E-05
   6101.7461720030215       0.245055839       3.52134848E-05
   6104.2033791411832       0.256175727       3.50088521E-05
   6106.6605862793458       0.220135987       3.27266280E-05
   6109.1177934175075       0.245877489       3.39627477E-05
   6111.5750005556692       0.243160293       3.44851869E-05
   6114.0322076938310       0.239634812       3.41206105E-05
   6116.4894148319927       0.247969821       3.48438371E-05
   6118.9466219701544       0.243273377       3.40301849E-05
   6121.4038291083161       0.223591655       3.24020621E-05
   6123.8610362464788       0.236995399       3.31784067E-05
   6126.3182433846405       0.234207824       3.25968031E-05
   6128.7754505228022       0.205707654       2.97631796E-05
   6131.2326576609639       0.207458258       2.96819053E-05
   6133.6898647991256       0.224485412       3.10400064E-05
   6136.1470719372874       0.207360119       2.92584009E-05
   6138.6042790754491       0.185834780       2.71184690E-05
   6141.0614862136117       0.197184190       2.71263671E-05
   6143.5186933517734       0.184166491       2.68714302E-05
   6145.9759004899352       0.196669772       2.66721072E-05
   6148.4331076280969       0.169459984       2.54193274E-05
   6150.8903147662586       0.201040924       2.82342880E-05
   6153.3475219044212       0.211178482       2.88439278E-05
   6155.8047290425829       0.174074367       2.61096138E-05
   6158.2619361807447       0.192347214       2.59626595E-05
   6160.7191433189064       0.166312873       2.43447284E-05
   6163.1763504570681       0.170184419       2.41703365E-05
   6165.6335575952298       0.178482339       2.46018953E-05
   6168.0907647333916       0.163115740       2.41145735E-05
   6170.5479718715542       0.187846854       2.57251631E-05
   6173.0051790097159       0.178906038       2.55810046E-05
   6175.4623861478776       0.174395904       2.43977574E-05
   6177.9195932860393       0.156969294       2.22946328E-05
   6180.3768004242011       0.146454692       2.22587350E-05
   6182.8340075623637       0.189542547       2.48991018E-05
   6185.2912147005254       0.156597167       2.32073617E-05
   6187.7484218386871       0.159581169       2.29337347E-05
   6190.2056289768489       0.178388640       2.44721377E-05
   6192.6628361150106       0.165079132       2.37583645E-05
   6195.1200432531723       0.164161161       2.28842982E-05
   6197.5772503913340       0.153376952       2.21054324E-05
   6200.0344575294966       0.158014014       2.22125400E-05
   6202.4916646676584       0.160616085       2.29884827E-05
   6204.9488718058201       0.173318163       2.41491216E-05
   6207.4060789439818       0.166673943       2.34097333E-05
   6209.8632860821435       0.156788096       2.32364036E-05
   6212.3204932203053       0.179004297       2.32708771E-05
   6214.7777003584670       0.122662000       1.96856272E-05
   6217.2349074966296       0.157235801       2.24741871E-05
   6219.6921146347913       0.182922870       2.45744486E-05
   6222.1493217729530       0.153055683       2.33500032E-05
   6224.6065289111148       0.184371531       2.44414223E-05
   6227.0637360492765       0.155621529       2.30472524E-05
   6229.5209431874382       0.162146881       2.31418726E-05
   6231.9781503256008       0.183563396       2.60528795E-05
   6234.4353574637626       0.203938231       2.80946497E-05
   6236.8925646019243       0.184416115       2.57957417E-05
   6239.3497717400860       0.148485303       2.25034510E-05
   6241.8069788782477       0.173709050       2.36251035E-05
   6244.2641860164094       0.168013990       2.45995452E-05
   6246.7213931545721       0.192271769       2.67694068E-05
   6249.1786002927338       0.197084457       2.77123054E-05
   6251.6358074308955       0.193734691       2.78250973E-05
   6254.0930145690572       0.202537194       2.77186609E-05
   6256.5502217072190       0.174394146       2.55053219E-05
   6259.0074288453807       0.179263622       2.54408023E-05
   6261.4646359835424       0.192050710       2.70370019E-05
   6263.9218431217050       0.198442787       2.82132150E-05
   6266.3790502598667       0.212531447       3.00765114E-05
   6268.8362573980285       0.219582364       2.99846979E-05
   6271.2934645361902       0.181435868       2.68640524E-05
   6273.7506716743519       0.193828300       2.78155185E-05
   6276.2078788125136       0.218641385       2.98918585E-05
   6278.6650859506763       0.202780515       2.97343304E-05
   6281.1222930888380       0.226503536       3.14290919E-05
   6283.5795002269997       0.228952020       3.25549008E-05
   6286.0367073651614       0.231452480       3.23797503E-05
   6288.4939145033231       0.226658553       3.30300245E-05
   6290.9511216414849       0.257034004       3.53162031E-05
   6293.4083287796475       0.251040220       3.67292741E-05
   6295.8655359178092       0.289815754       4.00214194E-05
   6298.3227430559709       0.283863515       4.03243430E-05
   6300.7799501941327       0.281271935       4.05882929E-05
   6303.2371573322944       0.304195136       4.18322816E-05
   6305.6943644704561       0.281377643       4.08351079E-05
   6308.1515716086178       0.297611177       4.19138851E-05
   6310.6087787467804       0.315176904       4.47889106E-05
   6313.0659858849422       0.331248075       4.59357107E-05
   6315.5231930231039       0.311024487       4.47762177E-05
   6317.9804001612656       0.322068185       4.54914552E-05
   6320.4376072994273       0.333523989       4.69219813E-05
   6322.8948144375890       0.334123075       4.75854358E-05
   6325.3520215757508       0.347782344       4.88181759E-05
   6327.8092287139134       0.342156082       4.79318260E-05
   6330.2664358520751       0.315359473       4.54412911E-05
   6332.7236429902368       0.330450147       4.75092347E-05
   6335.1808501283986       0.378029913       5.25142787E-05
   6337.6380572665603       0.379608750       5.35647050E-05
   6340.0952644047229       0.374935865       5.38753811E-05
   6342.5524715428846       0.404436737       5.63208414E-05
   6345.0096786810464       0.394674867       5.57142957E-05
   6347.4668858192081       0.382541478       5.53476166E-05
   6349.9240929573698       0.420333296       5.80086926E-05
   6352.3813000955315       0.395321250       5.62196437E-05
   6354.8385072336932       0.383779109       5.58753018E-05
   6357.2957143718559       0.430289119       5.84478075E-05
   6359.7529215100176       0.380335033       5.52449419E-05
   6362.2101286481793       0.381416470       5.41423287E-05
   6364.6673357863410       0.398457140       5.59644141E-05
   6367.1245429245027       0.394089848       5.55739716E-05
   6369.5817500626654       0.387931257       5.58936190E-05
   6372.0389572008271       0.421673924       5.83229848E-05
   6374.4961643389888       0.398205161       5.67910029E-05
   6376.9533714771505       0.395593673       5.71483288E-05
   6379.4105786153123       0.427955240       5.78883446E-05
   6381.8677857534740       0.357940972       5.33086677E-05
   6384.3249928916357       0.388141632       5.37126689E-05
   6386.7822000297983       0.380404741       5.43596470E-05
   6389.2394071679601       0.391194463       5.57436106E-05
   6391.6966143061218       0.417480499       5.82202301E-05
   6394.1538214442835       0.408747107       5.80739616E-05
   6396.6110285824452       0.407025456       5.77975152E-05
   6399.0682357206069       0.427066296       6.12594449E-05
   6401.5254428587687       0.464555085       6.31470321E-05
   6403.9826499969313       0.402158380       5.94768026E-05
   6406.4398571350930       0.441703647       6.17395272E-05
   6408.8970642732547       0.446149766       6.18276172E-05
   6411.3542714114164       0.391647041       5.74723854E-05
   6413.8114785495782       0.424178690       5.93378172E-05
   6416.2686856877408       0.434555322       6.09149247E-05
   6418.7258928259025       0.409416229       5.76732637E-05
   6421.1830999640642       0.382039636       5.59254149E-05
   6423.6403071022260       0.432251215       5.96454556E-05
   6426.0975142403877       0.419495314       5.93106415E-05
   6428.5547213785494       0.396745950       5.66937924E-05
   6431.0119285167111       0.401872516       5.68350770E-05
   6433.4691356548738       0.412039429       5.85340094E-05
   6435.9263427930355       0.429482341       6.01797583E-05
   6438.3835499311972       0.421215147       5.94149569E-05
   6440.8407570693589       0.404714525       5.77441460E-05
   6443.2979642075206       0.413051099       5.85870366E-05
   6445.7551713456824       0.427977234       6.02500368E-05
   6448.2123784838450       0.435039520       6.18587510E-05
   6450.6695856220067       0.443269998       6.12710719E-05
   6453.1267927601684       0.402207702       5.92204779E-05
   6455.5839998983301       0.450134397       6.19301209E-05
   6458.0412070364919       0.436010182       6.29028000E-05
   6460.4984141746536       0.465849459       6.54339892E-05
   6462.9556213128162       0.469307989       6.54495743E-05
   6465.4128284509779       0.433601111       6.30723735E-05
   6467.8700355891397       0.463632554       6.41173392E-05
   6470.3272427273014       0.445423096       6.44347456E-05
   6472.7844498654631       0.482917547       6.79621371E-05
   6475.2416570036248       0.505720556       7.04301783E-05
   6477.6988641417865       0.472499758       6.71053422E-05
   6480.1560712799492       0.456190109       6.61445592E-05
   6482.6132784181109       0.504834771       6.94240662E-05
   6485.0704855562726       0.468730599       6.66816195E-05
   6487.5276926944343       0.442786902       6.39281643E-05
   6489.9848998325961       0.472638130       6.58151621E-05
   6492.4421069707587       0.469716370       6.77874923E-05
   6494.8993141089204       0.518236518       7.24659330E-05
   6497.3565212470821       0.531534314       7.51236948E-05
   6499.8137283852438       0.544648886       7.82796487E-05
   6502.2709355234056       0.606699169       8.46632611E-05
   6504.7281426615673       0.618715763       8.74695834E-05
   6507.1853497997290       0.623665154       8.83079119E-05
   6509.6425569378916       0.629388690       8.84537585E-05
   6512.0997640760534       0.620164931       8.94783734E-05
   6514.5569712142151       0.687839687       9.70157198E-05
   6517.0141783523768       0.743753076       1.04924657E-04
   6519.4713854905385       0.782950222       1.10716319E-04
   6521.9285926287002       0.813944638       1.14497976E-04
   6524.3857997668620       0.821994662       1.17187250E-04
   6526.8430069050246       0.868953526       1.22992715E-04
   6529.3002140431863       0.926885068       1.31179157E-04
   6531.7574211813480       0.970441580       1.35297450E-04
   6534.2146283195098       0.938996911       1.35119742E-04
   6536.6718354576715       0.997929752       1.39825788E-04
   6539.1290425958341        1.00325775       1.41523851E-04
   6541.5862497339958       0.983479619       1.38894204E-04
   6544.0434568721575       0.938583910       1.31116001E-04
   6546.5006640103193       0.831002951       1.21310797E-04
   6548.9578711484810       0.878547192       1.22401310E-04
   6551.4150782866427       0.860500157       1.22255224E-04
   6553.8722854248044       0.875118673       1.28059313E-04
   6556.3294925629671        1.09327424       1.56481226E-04
   6558.7866997011288        1.32987320       1.82017277E-04
   6561.2439068392905        1.26304638       1.76905058E-04
   6563.7011139774522        1.06406176       1.51404616E-04
   6566.1583211156139       0.879514456       1.25922728E-04
   6568.6155282537766       0.748098671       1.07547829E-04
   6571.0727353919374       0.705148160       1.00937163E-04
   6573.5299425301000       0.716379762       9.96579911E-05
   6575.9871496682617       0.661482275       9.48714805E-05
   6578.4443568064235       0.657586277       9.33873016E-05
   6580.9015639445852       0.671550214       9.44290368E-05
   6583.3587710827469       0.670196533       9.61964179E-05
   6585.8159782209095       0.720192373       1.00560144E-04
   6588.2731853590703       0.719234705       1.01837788E-04
   6590.7303924972330       0.713235080       1.00506790E-04
   6593.1875996353947       0.690709531       9.75773219E-05
   6595.6448067735564       0.666926324       9.54678108E-05
   6598.1020139117181       0.694630265       9.76310039E-05
   6600.5592210498799       0.691052556       9.70354522E-05
   6603.0164281880425       0.660566986       9.51588663E-05
   6605.4736353262042       0.698093653       9.73447677E-05
   6607.9308424643659       0.686277628       9.79782417E-05
   6610.3880496025276       0.709624469       1.00485297E-04
   6612.8452567406894       0.739173949       1.03600192E-04
   6615.3024638788520       0.721871436       1.01923746E-04
   6617.7596710170128       0.696221471       9.90957415E-05
   6620.2168781551754       0.692583442       9.68698223E-05
   6622.6740852933372       0.646769702       9.26220164E-05
   6625.1312924314989       0.652236938       9.27603760E-05
   6627.5884995696606       0.674403310       9.35387070E-05
   6630.0457067078223       0.619733691       8.89869116E-05
   6632.5029138459849       0.614684284       8.68019270E-05
   6634.9601209841458       0.613383055       8.71432203E-05
   6637.4173281223084       0.633695364       9.01070889E-05
   6639.8745352604701       0.663653255       9.20909661E-05
   6642.3317423986318       0.626909494       9.05690031E-05
   6644.7889495367936       0.655749083       9.05001580E-05
   6647.2461566749553       0.594448805       8.50058932E-05
   6649.7033638131179       0.561669111       8.05183299E-05
   6652.1605709512796       0.573893905       7.97695466E-05
   6654.6177780894413       0.537060142       7.77851019E-05
   6657.0749852276031       0.569273651       7.92963037E-05
   6659.5321923657648       0.559857011       7.99282643E-05
   6661.9893995039274       0.580758452       8.27287367E-05
   6664.4466066420882       0.627007544       8.77151542E-05
   6666.9038137802509       0.628456116       8.90273586E-05
   6669.3610209184126       0.639608860       9.14065095E-05
   6671.8182280565743       0.680502772       9.40393365E-05
   6674.2754351947360       0.630539954       9.04702974E-05
   6676.7326423328977       0.623761714       8.75556361E-05
   6679.1898494710604       0.586045682       8.23042647E-05
   6681.6470566092212       0.526089787       7.72117855E-05
   6684.1042637473838       0.580220878       7.99376576E-05
   6686.5614708855455       0.553310871       7.89390033E-05
   6689.0186780237073       0.545855582       7.74985892E-05
   6691.4758851618690       0.549161673       7.66218727E-05
   6693.9330923000307       0.517195821       7.54145512E-05
   6696.3902994381933       0.581331015       8.15636959E-05
   6698.8475065763550       0.616815507       8.67548879E-05
   6701.3047137145168       0.629125178       8.96090933E-05
   6703.7619208526785       0.657670796       9.14222692E-05
   6706.2191279908402       0.621228874       8.87391361E-05
   6708.6763351290019       0.612912595       8.62802626E-05
   6711.1335422671636       0.593631268       8.42525260E-05
   6713.5907494053263       0.584979355       8.26354444E-05
   6716.0479565434880       0.567492068       7.95105661E-05
   6718.5051636816497       0.520525813       7.49104875E-05
   6720.9623708198114       0.524209976       7.37441223E-05
   6723.4195779579732       0.530154467       7.67648016E-05
   6725.8767850961358       0.600513220       8.26940231E-05
   6728.3339922342975       0.573402703       8.14773593E-05
   6730.7911993724592       0.555258989       7.98182155E-05
   6733.2484065106210       0.586970031       8.14253217E-05
   6735.7056136487827       0.563817799       8.16590546E-05
   6738.1628207869444       0.612646997       8.55264516E-05
   6740.6200279251061       0.623087943       8.86252456E-05
   6743.0772350632687       0.645138502       9.05135821E-05
   6745.5344422014305       0.632510066       8.88719514E-05
   6747.9916493395922       0.591555893       8.46497569E-05
   6750.4488564777539       0.594724298       8.42469090E-05
   6752.9060636159156       0.609165668       8.60502842E-05
   6755.3632707540773       0.619890034       8.78718711E-05
   6757.8204778922391       0.637101114       8.96026104E-05
   6760.2776850304017       0.632447541       8.98173239E-05
   6762.7348921685634       0.649854422       9.28984155E-05
   6765.1920993067251       0.703664660       9.81167686E-05
   6767.6493064448869       0.700452387       9.99414260E-05
   6770.1065135830486       0.734488010       1.04239887E-04
   6772.5637207212112       0.773842275       1.07294465E-04
   6775.0209278593729       0.721441805       1.03273662E-04
   6777.4781349975347       0.708324134       9.93147187E-05
   6779.9353421356964       0.664344490       9.44848653E-05
   6782.3925492738581       0.641688406       9.15846394E-05
   6784.8497564120198       0.652829409       9.11459938E-05
   6787.3069635501815       0.617981791       8.84453912E-05
   6789.7641706883442       0.628914237       8.94957629E-05
   6792.2213778265059       0.664604306       9.30072129E-05
   6794.6785849646676       0.661199033       9.42798506E-05
   6797.1357921028293       0.682151735       9.56598597E-05
   6799.5929992409910       0.677853763       9.70599795E-05
   6802.0502063791528       0.717165887       1.00242833E-04
   6804.5074135173145       0.706993043       1.00394755E-04
   6806.9646206554771       0.712251067       1.01204358E-04
   6809.4218277936388       0.725792587       1.00826262E-04
   6811.8790349318006       0.667475402       9.64510109E-05
   6814.3362420699623       0.688203812       9.65994768E-05
   6816.7934492081240       0.694130599       9.89411783E-05
   6819.2506563462866       0.721709073       1.00874029E-04
   6821.7078634844484       0.702242851       1.00087433E-04
   6824.1650706226101       0.718812108       1.02579885E-04
   6826.6222777607718       0.766929686       1.06295760E-04
   6829.0794848989335       0.725248337       1.04069361E-04
   6831.5366920370961       0.746122599       1.06221873E-04
   6833.9938991752570       0.793645918       1.10445762E-04
   6836.4511063134196       0.765371859       1.09421235E-04
   6838.9083134515813       0.785674334       1.11441535E-04
   6841.3655205897430       0.818189144       1.14253271E-04
   6843.8227277279047       0.785818696       1.11588211E-04
   6846.2799348660665       0.763294339       1.07645050E-04
   6848.7371420042291       0.734011531       1.04594474E-04
   6851.1943491423908       0.738814414       1.04268343E-04
   6853.6515562805525       0.731391609       1.02824175E-04
   6856.1087634187143       0.705047905       1.01815000E-04
   6858.5659705568760       0.769641221       1.08069187E-04
   6861.0231776950377       0.795502901       1.10958092E-04
   6863.4803848331994       0.747751296       1.06776541E-04
   6865.9375919713621       0.741795182       1.05290950E-04
   6868.3947991095238       0.759061933       1.07322288E-04
   6870.8520062476855       0.778518975       1.10558227E-04
   6873.3092133858472       0.818270683       1.15734838E-04
   6875.7664205240089       0.855938435       1.20271230E-04
   6878.2236276621707       0.851202846       1.19885117E-04
   6880.6808348003324       0.827220142       1.18116834E-04
   6883.1380419384950       0.844054937       1.17867239E-04
   6885.5952490766567       0.801919222       1.14452610E-04
   6888.0524562148184       0.803551972       1.14237220E-04
   6890.5096633529802       0.826723635       1.15247545E-04
   6892.9668704911419       0.784135222       1.12695692E-04
   6895.4240776293036       0.816343248       1.15323994E-04
   6897.8812847674662       0.845530450       1.18900251E-04
   6900.3384919056280       0.847786129       1.20826800E-04
   6902.7956990437897       0.879588902       1.22830112E-04
   6905.2529061819514       0.850442290       1.21664256E-04
   6907.7101133201131       0.884044111       1.25762526E-04
   6910.1673204582748       0.936136067       1.29474618E-04
   6912.6245275964375       0.867112875       1.24761311E-04
   6915.0817347345992       0.874985993       1.23152087E-04
   6917.5389418727609       0.874579549       1.24591505E-04
   6919.9961490109226       0.907012522       1.27751118E-04
   6922.4533561490844       0.922620773       1.31026332E-04
   6924.9105632872470       0.957440853       1.35000155E-04
   6927.3677704254078       0.977047563       1.38909862E-04
   6929.8249775635704        1.03391194       1.46856706E-04
   6932.2821847017321        1.10188270       1.53496003E-04
   6934.7393918398939        1.06496716       1.51412445E-04
   6937.1965989780556        1.07041121       1.54341469E-04
   6939.6538061162173        1.20763040       1.69079256E-04
   6942.1110132543799        1.25828886       1.77117414E-04
   6944.5682203925408        1.26752543       1.80637973E-04
   6947.0254275307034        1.32616460       1.86041987E-04
   6949.4826346688651        1.32257152       1.86878387E-04
   6951.9398418070268        1.29544413       1.82518866E-04
   6954.3970489451885        1.24349558       1.76944508E-04
   6956.8542560833503        1.23228836       1.74060187E-04
   6959.3114632215129        1.23516166       1.77071081E-04
   6961.7686703596746        1.32791221       1.85270124E-04
   6964.2258774978363        1.32285392       1.88835445E-04
   6966.6830846359981        1.39061177       1.97149799E-04
   6969.1402917741598        1.35696495       2.02948824E-04
   6971.5974989123215        1.38129067       1.98322188E-04
   6974.0547060504832        1.41623783       1.99400820E-04
   6976.5119131886458        1.42507696       2.01437506E-04
   6978.9691203268076        1.42873216       2.03080432E-04
   6981.4263274649693        1.47043550       2.06538039E-04
   6983.8835346031310        1.45895374       2.07493140E-04
   6986.3407417412927        1.48920548       2.09719496E-04
   6988.7979488794554        1.47894669       2.08405283E-04
   6991.2551560176171        1.43849576       2.05286196E-04
   6993.7123631557788        1.47436762       2.07294870E-04
   6996.1695702939405        1.46520436       2.07731180E-04
   6998.6267774321022        1.47786224       2.09998616E-04
   7001.0839845702640        1.53736925       2.16616463E-04
   7003.5411917084257        1.55290651       2.18915957E-04
   7005.9983988465883        1.56051838       2.24845586E-04
   7008.4556059847500        1.72391415       2.38711742E-04
   7010.9128131229118        1.67160165       2.38254215E-04
   7013.3700202610735        1.69009149       2.41453643E-04
   7015.8272273992352        1.78888035       2.47918535E-04
   7018.2844345373978        1.69423938       2.44982337E-04
   7020.7416416755586        1.81167102       2.54662591E-04
   7023.1988488137213        1.88057125       2.65554321E-04
   7025.6560559518830        1.92056167       2.72643665E-04
   7028.1132630900447        2.01021791       2.84751877E-04
   7030.5704702282064        2.12250614       3.00282962E-04
   7033.0276773663682        2.23135686       3.14436824E-04
   7035.4848845045308        2.27414918       3.20507737E-04
   7037.9420916426916        2.28213620       3.26224545E-04
   7040.3992987808542        2.42909718       3.40698025E-04
   7042.8565059190159        2.45115304       3.45750741E-04
   7045.3137130571777        2.41028357       3.39652004E-04
   7047.7709201953394        2.28068924       3.18784092E-04
   7050.2281273335011        1.96063924       2.79857370E-04
   7052.6853344716637        1.67718220       2.34782419E-04
   7055.1425416098255        1.25603271       1.83955766E-04
   7057.5997487479872        1.03907144       1.50252410E-04
   7060.0569558861489       0.990084946       1.38991803E-04
   7062.5141630243106       0.911960363       1.30996297E-04
   7064.9713701624732       0.925641000       1.31787747E-04
   7067.4285773006350       0.984963059       1.38280448E-04
   7069.8857844387967       0.996534050       1.40902775E-04
   7072.3429915769584        1.00546253       1.42844554E-04
   7074.8001987151201        1.04251313       1.47407336E-04
   7077.2574058532819        1.08884859       1.54730093E-04
   7079.7146129914436        1.14097655       1.57839400E-04
   7082.1718201296062        1.04921579       1.50436652E-04
   7084.6290272677679        1.00352144       1.39311931E-04
   7087.0862344059296       0.886100829       1.30299391E-04
   7089.5434415440914       0.924884439       1.23387261E-04
   7092.0006486822531       0.820678473       1.14541406E-04
   7094.4578558204148       0.820593119       1.45925093E-04
   7096.9150629585765       0.832354963       1.50224616E-04
   7099.3722700967392       0.769096553       1.21055935E-04
   7101.8294772349009       0.905240238       1.22497542E-04
   7104.2866843730626       0.879529357       1.27639840E-04
   7106.7438915112243       0.946510196       1.31898123E-04
   7109.2010986493860       0.955915511       1.36300543E-04
   7111.6583057875478       0.999169350       1.41181896E-04
   7114.1155129257095        1.03973222       1.46335398E-04
   7116.5727200638721        1.04881775       1.48811800E-04
   7119.0299272020338        1.06410074       1.48286446E-04
   7121.4871343401956       0.980387270       1.39212352E-04
   7123.9443414783573       0.904565454       1.28753789E-04
   7126.4015486165190       0.866604149       1.22097816E-04
   7128.8587557546816       0.807784617       1.14426170E-04
   7131.3159628928424       0.755027473       1.07629203E-04
   7133.7731700310051       0.749458015       1.07281412E-04
   7136.2303771691668       0.799696445       1.12246373E-04
   7138.6875843073285       0.816498101       1.15440773E-04
   7141.1447914454911       0.824321508       1.16416326E-04
   7143.6019985836519       0.827776730       1.17545802E-04
   7146.0592057218146       0.856755435       1.22080091E-04
   7148.5164128599763       0.929068267       1.30864748E-04
   7150.9736199981380       0.959474504       1.33672191E-04
   7153.4308271362997       0.907548547       1.30689135E-04
   7155.8880342744615       0.940150082       1.31007371E-04
   7158.3452414126241       0.909137249       1.30474407E-04
   7160.8024485507858       0.943644285       1.31922323E-04
   7163.2596556889475       0.923396647       1.31596476E-04
   7165.7168628271093       0.939972222       1.33005771E-04
   7168.1740699652710       0.959417999       1.35324284E-04
   7170.6312771034327       0.971141934       1.38645613E-04
   7173.0884842415944        1.02665854       1.43712998E-04
   7175.5456913797570        1.03084040       1.47139493E-04
   7178.0028985179188        1.07775390       1.51070286E-04
   7180.4601056560805        1.07872820       1.53898800E-04
   7182.9173127942422        1.13315010       1.60180673E-04
   7185.3745199324039        1.18419671       1.66641577E-04
   7187.8317270705656        1.19695950       1.69622755E-04
   7190.2889342087274        1.21345007       1.70047104E-04
   7192.7461413468900        1.15695989       1.63992197E-04
   7195.2033484850517        1.12513912       1.61752367E-04
   7197.6605556232134        1.19290459       1.64869052E-04
   7200.1177627613752        1.10619962       1.58661423E-04
   7202.5749698995369        1.10246158       1.56813156E-04
   7205.0321770376986        1.14062595       1.59949312E-04
   7207.4893841758603        1.13725328       1.63441538E-04
   7209.9465913140230        1.22161210       1.69465493E-04
   7212.4037984521847        1.18813920       1.71259948E-04
   7214.8610055903464        1.27381432       1.78320101E-04
   7217.3182127285090        1.28804874       1.82330215E-04
   7219.7754198666698        1.30549383       1.85986370E-04
   7222.2326270048325        1.37333333       1.92304025E-04
   7224.6898341429942        1.36061752       1.92978143E-04
   7227.1470412811559        1.36908960       1.94722947E-04
   7229.6042484193176        1.42885959       2.00845985E-04
   7232.0614555574793        1.42545283       2.00962837E-04
   7234.5186626956420        1.40342653       2.01209943E-04
   7236.9758698338028        1.49118686       2.09334539E-04
   7239.4330769719654        1.53728545       2.20072965E-04
   7241.8902841101271        1.68097830       2.35863103E-04
   7244.3474912482889        1.74038160       2.45721167E-04
   7246.8046983864506        1.78013968       2.53464008E-04
   7249.2619055246123        1.88020778       2.63899652E-04
   7251.7191126627749        1.91376555       2.73583457E-04
   7254.1763198009367        2.05477715       2.88262236E-04
   7256.6335269390984        2.09802556       2.96959159E-04
   7259.0907340772601        2.14378715       3.03947134E-04
   7261.5479412154218        2.21150184       3.10472795E-04
   7264.0051483535835        2.18035555       3.09252238E-04
   7266.4623554917453        2.18288088       3.09151452E-04
   7268.9195626299079        2.20124459       3.09430412E-04
   7271.3767697680696        2.14218497       3.05105350E-04
   7273.8339769062313        2.19006896       3.12273245E-04
   7276.2911840443930        2.34789968       3.29858274E-04
   7278.7483911825548        2.40992332       3.40443745E-04
   7281.2055983207165        2.43318272       3.43302730E-04
   7283.6628054588782        2.42956662       3.45107517E-04
   7286.1200125970408        2.48997593       3.52366595E-04
   7288.5772197352026        2.58054852       3.66666267E-04
   7291.0344268733643        2.73225594       3.84082959E-04
   7293.4916340115260        2.77778745       3.93155788E-04
   7295.9488411496877        2.84590006       4.05500847E-04
   7298.4060482878504        3.02885795       4.25197388E-04
   7300.8632554260121        3.09553099       4.40803735E-04
   7303.3204625641738        3.26841331       4.60048788E-04
   7305.7776697023355        3.34667969       4.72997839E-04
   7308.2348768404972        3.41258049       4.85174824E-04
   7310.6920839786590        3.58106875       5.04879281E-04
   7313.1492911168207        3.69709754       5.24019997E-04
   7315.6064982549833        3.82779074       5.37923712E-04
   7318.0637053931450        3.82639003       5.44087088E-04
   7320.5209125313067        3.93264985       5.54588565E-04
   7322.9781196694685        3.98138666       5.62916801E-04
   7325.4353268076302        4.00921202       5.66696108E-04
   7327.8925339457928        4.03284502       5.72323217E-04
   7330.3497410839536        4.16221142       5.90719224E-04
   7332.8069482221163        4.37168264       6.14984368E-04
   7335.2641553602780        4.42309523       6.23670465E-04
   7337.7213624984397        4.37387133       6.19605882E-04
   7340.1785696366014        4.36824226       6.17733866E-04
   7342.6357767747631        4.36290169       6.17114594E-04
   7345.0929839129258        4.37898636       6.21020386E-04
   7347.5501910510866        4.43929052       6.22521446E-04
   7350.0073981892492        4.28635120       6.11042196E-04
   7352.4646053274109        4.34805965       6.17340847E-04
   7354.9218124655727        4.51785564       6.34724216E-04
   7357.3790196037344        4.52333975       6.43684994E-04
   7359.8362267418961        4.68181181       6.60411722E-04
   7362.2934338800587        4.77634954       6.75640418E-04
   7364.7506410182204        4.88681936       6.93553418E-04
   7367.2078481563822        5.06000090       7.08216161E-04
   7369.6650552945439        4.92199230       6.99724071E-04
   7372.1222624327056        4.90936375       6.93599577E-04
   7374.5794695708682        4.87333679       6.87444233E-04
   7377.0366767090300        4.77867126       6.80989178E-04
   7379.4938838471917        4.90237904       6.91091060E-04
   7381.9510909853534        4.95860434       7.02379737E-04
   7384.4082981235151        5.03901148       7.10730324E-04
   7386.8655052616768        5.03525305       7.11392204E-04
   7389.3227123998386        4.98894358       7.06126040E-04
   7391.7799195380012        4.97215033       7.03889993E-04
   7394.2371266761629        4.98909616       7.04408216E-04
   7396.6943338143246        4.93969059       6.96910545E-04
   7399.1515409524864        4.82714891       6.85945328E-04
   7401.6087480906481        4.84178019       6.82238489E-04
   7404.0659552288098        4.77278471       6.77531469E-04
   7406.5231623669715        4.81294441       6.81080797E-04
   7408.9803695051341        4.86404467       6.84238970E-04
   7411.4375766432959        4.75693464       6.74954499E-04
   7413.8947837814576        4.73577642       6.70098059E-04
   7416.3519909196193        4.74326897       6.70520705E-04
   7418.8091980577810        4.74422789       6.71988353E-04
   7421.2664051959437        4.78738737       6.76213007E-04
   7423.7236123341045        4.80173111       6.79568213E-04
   7426.1808194722671        4.82677317       6.81355828E-04
   7428.6380266104288        4.79607821       6.78384909E-04
   7431.0952337485905        4.77039766       6.75481569E-04
   7433.5524408867523        4.77332973       6.73124800E-04
   7436.0096480249140        4.69495535       6.64742431E-04
   7438.4668551630766        4.64126539       6.56665186E-04
   7440.9240623012374        4.61373901       6.53697120E-04
   7443.3812694394001        4.64473915       6.56855758E-04
   7445.8384765775618        4.67174053       6.58975041E-04
   7448.2956837157235        4.61653137       6.53046067E-04
   7450.7528908538861        4.57407522       6.49418740E-04
   7453.2100979920478        4.65475655       6.58313045E-04
   7455.6673051302096        4.73693180       6.68249209E-04
   7458.1245122683713        4.74465799       6.71876071E-04
   7460.5817194065330        4.78578043       6.76624535E-04
   7463.0389265446947        4.81280470       6.78997254E-04
   7465.4961336828565        4.76904106       6.75954856E-04
   7467.9533408210191        4.79240274       6.78222685E-04
   7470.4105479591808        4.83733225       6.83104678E-04
   7472.8677550973425        4.85273981       6.88666361E-04
   7475.3249622355042        4.96167707       6.99527562E-04
   7477.7821693736660        4.97653961       7.03522121E-04
   7480.2393765118277        4.98625040       7.08273612E-04
   7482.6965836499894        5.12292385       7.21388846E-04
   7485.1537907881520        5.12463665       7.24185084E-04
   7487.6109979263138        5.09052420       7.21578312E-04
   7490.0682050644755        5.13766241       7.27037492E-04
   7492.5254122026372        5.21164799       7.36480637E-04
   7494.9826193407989        5.25564051       7.42759032E-04
   7497.4398264789606        5.28083086       7.48141902E-04
   7499.8970336171224        5.36605835       7.59057351E-04
   7502.3542407552850        5.46140194       7.71336141E-04
   7504.8114478934467        5.49863482       7.76599045E-04
   7507.2686550316084        5.49656296       7.79103313E-04
   7509.7258621697702        5.55366135       7.82522722E-04
   7512.1830693079319        5.49397850       7.78310059E-04
   7514.6402764460936        5.48006392       7.75124005E-04
   7517.0974835842553        5.48089170       7.74819986E-04
   7519.5546907224179        5.46179533       7.71813618E-04
   7522.0118978605797        5.42409992       7.69167382E-04
   7524.4691049987414        5.48654652       7.76435831E-04
   7526.9263121369040        5.57203722       7.87030440E-04
   7529.3835192750648        5.63306427       7.99419533E-04
   7531.8407264132275        5.79990196       8.18212458E-04
   7534.2979335513892        5.90071678       8.36626801E-04
   7536.7551406895509        6.07382202       8.56961822E-04
   7539.2123478277126        6.15380430       8.68593634E-04
   7541.6695549658743        6.14087963       8.68309056E-04
   7544.1267621040370        6.11521387       8.65359383E-04
   7546.5839692421978        6.12715101       8.68315459E-04
   7549.0411763803604        6.21421909       8.76535953E-04
   7551.4983835185221        6.18954706       8.73708341E-04
   7553.9555906566839        6.09914255       8.66544200E-04
   7556.4127977948456        6.17985821       8.72268283E-04
   7558.8700049330073        6.19194269       8.73495883E-04
   7561.3272120711699        6.07978868       8.59419117E-04
   7563.7844192093316        5.97435808       8.50426382E-04
   7566.2416263474934        6.10336494       8.59069172E-04
   7568.6988334856551        6.06439590       8.58314801E-04
   7571.1560406238168        6.07333994       8.65140755E-04
   7573.6132477619785        6.33577919       8.90128431E-04
   7576.0704549001402        6.36257839       9.00457788E-04
   7578.5276620383029        6.34627676       8.91285366E-04
   7580.9848691764637        6.03645706       8.52236233E-04
   7583.4420763146263        5.59296227       7.89946585E-04
   7585.8992834527880        5.04010487       7.10483931E-04
   7588.3564905909498        4.31399822       6.15172728E-04
   7590.8136977291124        3.73469710       5.32137114E-04
   7593.2709048672732        3.31048822       4.69789375E-04
   7595.7281120054358        2.96144152       4.23990801E-04
   7598.1853191435976        2.85220575       4.04931518E-04
   7600.6425262817593        2.83864093       4.02620441E-04
   7603.0997334199219        2.94018006       4.24889149E-04
   7605.5569405580827        3.42288160       4.81712690E-04
   7608.0141476962453        3.79032254       5.37430868E-04
   7610.4713548344071        4.16450262       5.86237293E-04
   7612.9285619725688        4.33866739       6.04577537E-04
   7615.3857691107305        4.08094978       5.79176471E-04
   7617.8429762488922        3.86573124       5.48081938E-04
   7620.3001833870549        3.71872473       5.24294272E-04
   7622.7573905252157        3.47360277       4.88794933E-04
   7625.2145976633783        3.08566618       4.38853807E-04
   7627.6718048015400        2.77842617       3.96072021E-04
   7630.1290119397017        2.61556745       3.70604888E-04
   7632.5862190778635        2.50497031       3.56356526E-04
   7635.0434262160252        2.49697232       3.53433104E-04
   7637.5006333541878        2.49966550       3.51595896E-04
   7639.9578404923486        2.42777371       3.45704320E-04
   7642.4150476305113        2.44747376       3.44610773E-04
   7644.8722547686730        2.40535450       3.39208462E-04
   7647.3294619068347        2.29907608       3.24071472E-04
   7649.7866690449964        2.12774563       3.00298096E-04
   7652.2438761831581        1.90414298       2.69745447E-04
   7654.7010833213208        1.67959738       2.38652152E-04
   7657.1582904594816        1.48837507       2.11745428E-04
   7659.6154975976442        1.35781622       1.94173743E-04
   7662.0727047358059        1.32255578       1.86087331E-04
   7664.5299118739676        1.25550222       1.78775255E-04
   7666.9871190121294        1.25671983       1.81227268E-04
   7669.4443261502911        1.41460979       1.99211107E-04
   7671.9015332884537        1.53671813       2.17523833E-04
   7674.3587404266145        1.65938449       2.35912405E-04
   7676.8159475647772        1.82316017       2.56238913E-04
   7679.2731547029389        1.89685977       2.66700285E-04
   7681.7303618411006        1.89417553       2.68796255E-04
   7684.1875689792632        1.92121267       2.70529563E-04
   7686.6447761174240        1.89070058       2.65616691E-04
   7689.1019832555867        1.75748491       2.47608463E-04
   7691.5591903937484        1.57134342       2.25008713E-04
   7694.0163975319101        1.50488520       2.13662104E-04
   7696.4736046700727        1.49286282       2.11474107E-04
   7698.9308118082336        1.50595379       2.13881445E-04
   7701.3880189463962        1.55892372       2.20548216E-04
   7703.8452260845579        1.63859951       2.34947205E-04
   7706.3024332227196        1.85023153       2.61120789E-04
   7708.7596403608813        2.03427982       2.88220006E-04
   7711.2168474990431        2.21406221       3.11118813E-04
   7713.6740546372057        2.28115940       3.21961677E-04
   7716.1312617753665        2.35010648       3.38213635E-04
   7718.5884689135291        2.61684513       3.61757120E-04
   7721.0456760516909        2.56032705       3.68920068E-04
   7723.5028831898526        2.77572489       3.92937334E-04
   7725.9600903280143        2.99346471       4.19298769E-04
   7728.4172974661760        3.02389574       4.29207343E-04
   7730.8745046043387        3.09810185       4.37710260E-04
   7733.3317117424995        3.17903924       4.50870575E-04
   7735.7889188806621        3.27054262       4.57162765E-04
   7738.2461260188238        3.14599538       4.48729901E-04
   7740.7033331569855        3.14890432       4.42119665E-04
   7743.1605402951473        3.02380037       4.27696359E-04
   7745.6177474333090        2.88911486       4.10960492E-04
   7748.0749545714716        2.85004139       4.00740391E-04
   7750.5321617096324        2.73272538       3.89845809E-04
   7752.9893688477950        2.75798011       3.90043162E-04
   7755.4465759859568        2.79900026       3.95741517E-04
   7757.9037831241185        2.84910560       4.05494007E-04
   7760.3609902622811        3.00159574       4.22370242E-04
   7762.8181974004419        3.06747508       4.34402871E-04
   7765.2754045386046        3.15020227       4.46071383E-04
   7767.7326116767663        3.25579143       4.59511124E-04
   7770.1898188149280        3.32001901       4.69774677E-04
   7772.6470259530906        3.38120198       4.76503221E-04
   7775.1042330912514        3.35988712       4.74307453E-04
   7777.5614402294141        3.29313564       4.66669881E-04
   7780.0186473675749        3.26996756       4.62344848E-04
   7782.4758545057375        3.23310518       4.56155598E-04
   7784.9330616438992        3.18265629       4.55414673E-04
   7787.3902687820610        3.33240867       4.64685960E-04
   7789.8474759202236        3.21779394       4.58428287E-04
   7792.3046830583844        3.23033357       4.58568800E-04
   7794.7618901965470        3.31492758       4.65971039E-04
   7797.2190973347087        3.31592512       4.75357607E-04
   7799.6763044728705        3.56395721       4.99735470E-04
   7802.1335116110322        3.65511942       5.19948546E-04
   7804.5907187491939        3.87891173       5.51832258E-04
   7807.0479258873565        4.21172523       5.89600066E-04
   7809.5051330255174        4.29355049       6.11275376E-04
   7811.9623401636800        4.49749279       6.30187860E-04
   7814.4195473018417        4.43264627       6.25436485E-04
   7816.8767544400034        4.28992224       6.11199997E-04
   7819.3339615781651        4.31290722       6.03838416E-04
   7821.7911687163269        4.09676456       5.83157991E-04
   7824.2483758544895        4.00743484       5.65990515E-04
   7826.7055829926503        3.91787624       5.55321283E-04
   7829.1627901308129        3.87152815       5.47534495E-04
   7831.6199972689747        3.85763168       5.48803655E-04
   7834.0772044071364        3.97677588       5.60290879E-04
   7836.5344115452981        4.03392220       5.73704892E-04
   7838.9916186834598        4.20998240       5.92554396E-04
   7841.4488258216224        4.25970650       6.01507083E-04
   7843.9060329597842        4.25551748       6.03160181E-04
   7846.3632400979459        4.31675529       6.11759198E-04
   7848.8204472361076        4.44523335       6.27820787E-04
   7851.2776543742693        4.50890017       6.34785043E-04
   7853.7348615124320        4.46758604       6.36033481E-04
   7856.1920686505928        4.56108475       6.38481753E-04
   7858.6492757887554        4.40428209       6.27588946E-04
   7861.1064829269171        4.41282749       6.21466665E-04
   7863.5636900650788        4.31961393       6.09635783E-04
   7866.0208972032406        4.16468811       5.92912955E-04
   7868.4781043414023        4.19682360       5.95140678E-04
   7870.9353114795649        4.33238029       6.13781274E-04
   7873.3925186177257        4.51084757       6.36888086E-04
   7875.8497257558884        4.64010811       6.56499877E-04
   7878.3069328940501        4.79124165       6.80235738E-04
   7880.7641400322118        5.03792572       7.08429783E-04
   7883.2213471703744        5.09656858       7.20217649E-04
   7885.6785543085352        5.11634398       7.24875776E-04
   7888.1357614466979        5.18275213       7.31098989E-04
   7890.5929685848587        5.17622900       7.31673616E-04
   7893.0501757230213        5.09898758       7.15792994E-04
   7895.5073828611830        4.81981802       6.90457528E-04
   7897.9645899993448        4.90937757       6.91593334E-04
   7900.4217971375074        4.88643551       6.86127634E-04
   7902.8790042756682        4.62944078       6.59186975E-04
   7905.3362114138308        4.55558157       6.44803979E-04
   7907.7934185519925        4.53629780       6.40954939E-04
   7910.2506256901543        4.46192408       6.27829984E-04
   7912.7078328283160        4.26967764       6.10352261E-04
   7915.1650399664777        4.37203741       6.19253260E-04
   7917.6222471046403        4.52645636       6.36834651E-04
   7920.0794542428021        4.54142284       6.45345834E-04
   7922.5366613809638        4.69045496       6.64347375E-04
   7924.9938685191255        4.88556290       6.88776316E-04
   7927.4510756572872        4.98060417       7.05054263E-04
   7929.9082827954498        5.09613371       7.20107171E-04
   7932.3654899336107        5.15993071       7.25647260E-04
   7934.8226970717733        5.03711224       7.13599904E-04
   7937.2799042099350        4.93897820       6.96665957E-04
   7939.7371113480967        4.75761271       6.72449009E-04
   7942.1943184862585        4.55967140       6.49503781E-04
   7944.6515256244202        4.60723734       6.55832002E-04
   7947.1087327625828        4.84355783       6.80359197E-04
   7949.5659399007436        4.88989687       6.94415765E-04
   7952.0231470389062        5.06210613       7.17687653E-04
   7954.4803541770680        5.27281189       7.38007133E-04
   7956.9375613152297        5.16482878       7.36743270E-04
   7959.3947684533914        5.32646322       7.55545625E-04
   7961.8519755915531        5.59440136       7.86482589E-04
   7964.3091827297158        5.63808823       7.96630629E-04
   7966.7663898678766        5.62949800       7.97398679E-04
   7969.2235970060392        5.68442202       8.04219977E-04
   7971.6808041442009        5.74432468       8.09582300E-04
   7974.1380112823626        5.66478872       7.99737521E-04
   7976.5952184205253        5.51034975       7.80100585E-04
   7979.0524255586861        5.37066984       7.57837552E-04
   7981.5096326968487        5.17788601       7.36488553E-04
   7983.9668398350095        5.16636229       7.30374944E-04
   7986.4240469731722        5.17747164       7.34157453E-04
   7988.8812541113339        5.27725601       7.46697653E-04
   7991.3384612494956        5.40067244       7.63743359E-04
   7993.7956683876582        5.52701855       7.82369054E-04
   7996.2528755258199        5.67851877       8.02672177E-04
   7998.7100826639817        5.81697321       8.23242241E-04
   8001.1672898021434        5.98157215       8.47420422E-04
   8003.6244969403051        6.22402668       8.81442626E-04
   8006.0817040784677        6.50553942       9.17550758E-04
   8008.5389112166285        6.65162516       9.38235607E-04
   8010.9961183547912        6.69308996       9.50289192E-04
   8013.4533254929529        6.87816525       9.69653600E-04
   8015.9105326311146        6.94485474       9.83894221E-04
   8018.3677397692763        7.08058786       1.00225664E-03
   8020.8249469074381        7.26047468       1.02742424E-03
   8023.2821540456007        7.50198221       1.06469309E-03
   8025.7393611837615        7.84560728       1.09994877E-03
   8028.1965683219241        7.77092314       1.10333145E-03
   8030.6537754600859        7.92758846       1.13471283E-03
   8033.1109825982476        8.68297863       1.21996133E-03
