   5529.2169088113069        3.44416574E-02   4.76129071E-06
   5531.6741159494686        3.18109095E-02   4.52227414E-06
   5534.1313230876303        3.30836251E-02   4.89817057E-06
   5536.5885302257930        5.70695922E-02   7.83609084E-06
   5539.0457373639547        4.19244841E-02   6.10703455E-06
   5541.5029445021164        4.90765050E-02   6.85802661E-06
   5543.9601516402781        2.69002728E-02   4.03897548E-06
   5546.4173587784398        3.57843526E-02   5.09936899E-06
   5548.8745659166016        4.87274639E-02   6.77234220E-06
   5551.3317730547642        3.93618457E-02   5.61234719E-06
   5553.7889801929259        2.82269288E-02   4.12019654E-06
   5556.2461873310876        3.37468609E-02   4.78274842E-06
   5558.7033944692494        4.37871180E-02   6.47405113E-06
   5561.1606016074111        8.03431123E-02   1.10283427E-05
   5563.6178087455728        6.76279962E-02   9.62725699E-06
   5566.0750158837354        7.09949732E-02   1.03408220E-05
   5568.5322230218972       0.110580876       1.53849342E-05
   5570.9894301600589       0.123592980       1.72900272E-05
   5573.4466372982206       0.113098599       1.62976557E-05
   5575.9038444363823       0.145841926       2.03076797E-05
   5578.3610515745440       0.134821028       1.91895979E-05
   5580.8182587127058       0.140827328       1.98547714E-05
   5583.2754658508684       0.135934427       1.92437637E-05
   5585.7326729890301       0.132264897       1.88809881E-05
   5588.1898801271918       0.153867379       2.14940101E-05
   5590.6470872653535       0.130201444       1.86341531E-05
   5593.1042944035153       0.131892920       1.86673551E-05
   5595.5615015416770       0.137548015       1.93612377E-05
   5598.0187086798396       0.118278466       1.71322718E-05
   5600.4759158180013       0.159543082       2.22270264E-05
   5602.9331229561631       0.147965819       2.09219761E-05
   5605.3903300943248       0.123762347       1.76455305E-05
   5607.8475372324865       0.113239020       1.63989480E-05
   5610.3047443706482       0.152870178       2.12646974E-05
   5612.7619515088109       0.145784974       2.05738634E-05
   5615.2191586469726       0.117010280       1.68773513E-05
   5617.6763657851343       0.137165457       1.92712523E-05
   5620.1335729232960       0.136775449       1.93006090E-05
   5622.5907800614577       0.127621695       1.80759271E-05
   5625.0479871996195       0.116691820       1.66250938E-05
   5627.5051943377821       0.120151483       1.69544583E-05
   5629.9624014759438       0.122656636       1.74257875E-05
   5632.4196086141055       0.137406662       1.92698553E-05
   5634.8768157522672       0.134386912       1.90482460E-05
   5637.3340228904290       0.139014125       1.97122972E-05
   5639.7912300285907       0.156846702       2.20089059E-05
   5642.2484371667524       0.149531230       2.11896840E-05
   5644.7056443049150       0.147811234       2.09031587E-05
   5647.1628514430768       0.141048580       1.99869955E-05
   5649.6200585812385       0.134902373       1.91216513E-05
   5652.0772657194002       0.135883689       1.92780390E-05
   5654.5344728575619       0.145633742       2.04963162E-05
   5656.9916799957236       0.143790945       2.03499512E-05
   5659.4488871338863       0.144333616       2.04868011E-05
   5661.9060942720480       0.158284992       2.22319068E-05
   5664.3633014102097       0.147210598       2.09192804E-05
   5666.8205085483714       0.150167361       2.12132745E-05
   5669.2777156865332       0.145762935       2.06502573E-05
   5671.7349228246949       0.146902591       2.08116599E-05
   5674.1921299628575       0.154839292       2.18473851E-05
   5676.6493371010192       0.158616886       2.24105297E-05
   5679.1065442391809       0.161995873       2.29430334E-05
   5681.5637513773427       0.171564624       2.40986792E-05
   5684.0209585155044       0.147723645       2.11311872E-05
   5686.4781656536661       0.160602868       2.27302262E-05
   5688.9353727918278       0.177514881       2.48787892E-05
   5691.3925799299905       0.158013269       2.25480671E-05
   5693.8497870681522       0.171866432       2.43299164E-05
   5696.3069942063139       0.195245102       2.74401445E-05
   5698.7642013444756       0.200924516       2.83497611E-05
   5701.2214084826373       0.202262700       2.86456107E-05
   5703.6786156207991       0.212692618       2.99606727E-05
   5706.1358227589617       0.205831453       2.92102868E-05
   5708.5930298971234       0.211558580       2.97917686E-05
   5711.0502370352851       0.187794998       2.67464002E-05
   5713.5074441734469       0.184832901       2.61920468E-05
   5715.9646513116086       0.189728022       2.68648510E-05
   5718.4218584497703       0.200026706       2.81303383E-05
   5720.8790655879329       0.185970888       2.64558366E-05
   5723.3362727260946       0.192647129       2.71772333E-05
   5725.7934798642564       0.187614426       2.65908147E-05
   5728.2506870024181       0.194696531       2.75202183E-05
   5730.7078941405798       0.201002106       2.83782792E-05
   5733.1651012787415       0.201618031       2.84263751E-05
   5735.6223084169033       0.169977307       2.42534607E-05
   5738.0795155550659       0.168513596       2.39396668E-05
   5740.5367226932276       0.182644963       2.58951786E-05
   5742.9939298313893       0.216271847       3.02153931E-05
   5745.4511369695510       0.193310916       2.76029787E-05
   5747.9083441077128       0.213662505       3.00475258E-05
   5750.3655512458745       0.211282641       2.99935764E-05
   5752.8227583840371       0.226269096       3.17574049E-05
   5755.2799655221988       0.195858210       2.79145988E-05
   5757.7371726603606       0.185630038       2.63997808E-05
   5760.1943797985223       0.193379819       2.72284469E-05
   5762.6515869366840       0.178385541       2.54488532E-05
   5765.1087940748457       0.197263390       2.77751315E-05
   5767.5660012130083       0.204699874       2.88877691E-05
   5770.0232083511701       0.200393006       2.83074187E-05
   5772.4804154893318       0.190482602       2.70286946E-05
   5774.9376226274935       0.191372305       2.72188354E-05
   5777.3948297656552       0.220172167       3.08504241E-05
   5779.8520369038170       0.208443716       2.95678328E-05
   5782.3092440419787       0.216853976       3.08546441E-05
   5784.7664511801413       0.260329187       3.64036387E-05
   5787.2236583183030       0.241103560       3.41245068E-05
   5789.6808654564647       0.219417885       3.12656848E-05
   5792.1380725946265       0.227437630       3.21601183E-05
   5794.5952797327882       0.240260422       3.39211620E-05
   5797.0524868709508       0.250961185       3.54146614E-05
   5799.5096940091125       0.253797203       3.58255784E-05
   5801.9669011472743       0.244517818       3.46375346E-05
   5804.4241082854360       0.234940127       3.32593991E-05
   5806.8813154235977       0.221879497       3.14437057E-05
   5809.3385225617594       0.204549685       2.90602184E-05
   5811.7957296999211       0.203596294       2.87744606E-05
   5814.2529368380838       0.193759888       2.75749935E-05
   5816.7101439762455       0.212190032       2.97839415E-05
   5819.1673511144072       0.192719206       2.74556296E-05
   5821.6245582525689       0.203124344       2.85863298E-05
   5824.0817653907307       0.194760963       2.77914387E-05
   5826.5389725288924       0.233044818       3.27677626E-05
   5828.9961796670550       0.256574064       3.59861406E-05
   5831.4533868052167       0.234125108       3.32028176E-05
   5833.9105939433784       0.216383904       3.07982336E-05
   5836.3678010815402       0.223206028       3.14613899E-05
   5838.8250082197019       0.209240764       2.96777635E-05
   5841.2822153578636       0.204495609       2.89210275E-05
   5843.7394224960262       0.189629897       2.68502663E-05
   5846.1966296341880       0.164297983       2.34276431E-05
   5848.6538367723497       0.158564657       2.25085259E-05
   5851.1110439105114       0.166268602       2.35005082E-05
   5853.5682510486731       0.173755929       2.44112343E-05
   5856.0254581868348       0.157938227       2.25376989E-05
   5858.4826653249966       0.169993266       2.39313176E-05
   5860.9398724631592       0.165854305       2.33885621E-05
   5863.3970796013209       0.135847449       1.94743861E-05
   5865.8542867394826       0.143496975       2.02949250E-05
   5868.3114938776444       0.154966652       2.18408495E-05
   5870.7687010158061       0.160399228       2.25815947E-05
   5873.2259081539678       0.148477018       2.10409780E-05
   5875.6831152921304       0.132811055       1.89636939E-05
   5878.1403224302921       0.146677941       2.06561017E-05
   5880.5975295684539       0.143352449       2.02076444E-05
   5883.0547367066156       0.124567024       1.77562633E-05
   5885.5119438447773       0.118391894       1.68261668E-05
   5887.9691509829390       0.119437739       1.67942126E-05
   5890.4263581211017       0.101432905       1.48527979E-05
   5892.8835652592634       0.150231302       2.08493148E-05
   5895.3407723974251       0.145871103       2.05354227E-05
   5897.7979795355868       0.105842955       1.54396366E-05
   5900.2551866737485       0.134016261       1.88138420E-05
   5902.7123938119103       0.143954352       2.02260799E-05
   5905.1696009500720       0.140342698       1.99302722E-05
   5907.6268080882346       0.150698543       2.12179257E-05
   5910.0840152263963       0.147780493       2.08926303E-05
   5912.5412223645581       0.148102462       2.11601237E-05
   5914.9984295027198       0.182632208       2.55209598E-05
   5917.4556366408815       0.175706938       2.48083415E-05
   5919.9128437790432       0.152304366       2.17486249E-05
   5922.3700509172058       0.155818775       2.20461261E-05
   5924.8272580553676       0.156722292       2.21430255E-05
   5927.2844651935293       0.158664465       2.24564592E-05
   5929.7416723316910       0.163310975       2.30877449E-05
   5932.1988794698527       0.170130730       2.39606998E-05
   5934.6560866080144       0.160173088       2.28133540E-05
   5937.1132937461771       0.176284000       2.47857315E-05
   5939.5705008843388       0.173467770       2.46294658E-05
   5942.0277080225005       0.187777281       2.63800721E-05
   5944.4849151606622       0.171636775       2.43662580E-05
   5946.9421222988240       0.162787423       2.31185550E-05
   5949.3993294369857       0.164435759       2.32306011E-05
   5951.8565365751474       0.163079277       2.31698577E-05
   5954.3137437133100       0.179430604       2.51868041E-05
   5956.7709508514718       0.169652626       2.40834961E-05
   5959.2281579896335       0.171214446       2.42035894E-05
   5961.6853651277952       0.168224469       2.37376280E-05
   5964.1425722659569       0.149285316       2.13613257E-05
   5966.5997794041186       0.167142689       2.35511416E-05
   5969.0569865422813       0.175622582       2.46709769E-05
   5971.5141936804430       0.153837606       2.21157698E-05
   5973.9714008186047       0.185728088       2.59495609E-05
   5976.4286079567664       0.171495244       2.44717357E-05
   5978.8858150949281       0.189868271       2.65889103E-05
   5981.3430222330899       0.160035104       2.29203979E-05
   5983.8002293712525       0.173337728       2.45744213E-05
   5986.2574365094142       0.199250638       2.78804109E-05
   5988.7146436475759       0.178130254       2.53462586E-05
   5991.1718507857377       0.174952850       2.47797288E-05
   5993.6290579238994       0.175460622       2.47407716E-05
   5996.0862650620611       0.160631955       2.31505783E-05
   5998.5434722002228       0.206652299       2.87241637E-05
   6001.0006793383855       0.169414327       2.42859351E-05
   6003.4578864765472       0.182217568       2.58173150E-05
   6005.9150936147089       0.205218151       2.88082156E-05
   6008.3723007528706       0.201477483       2.85205479E-05
   6010.8295078910323       0.195707545       2.76029987E-05
   6013.2867150291941       0.166310817       2.38111224E-05
   6015.7439221673567       0.169304192       2.40580976E-05
   6018.2011293055184       0.195548400       2.73842743E-05
   6020.6583364436801       0.169808492       2.43528830E-05
   6023.1155435818418       0.201205775       2.81945831E-05
   6025.5727507200036       0.187499553       2.65972867E-05
   6028.0299578581653       0.180505008       2.54909010E-05
   6030.4871649963279       0.160708278       2.31068043E-05
   6032.9443721344896       0.193193689       2.70730779E-05
   6035.4015792726514       0.200778171       2.83163736E-05
   6037.8587864108131       0.198241204       2.82840738E-05
   6040.3159935489748       0.238289595       3.32549498E-05
   6042.7732006871365       0.205166355       2.94491711E-05
   6045.2304078252982       0.238459900       3.34248871E-05
   6047.6876149634609       0.230261639       3.26190784E-05
   6050.1448221016226       0.228344455       3.23700115E-05
   6052.6020292397843       0.248652011       3.51510971E-05
   6055.0592363779460       0.265680879       3.72921240E-05
   6057.5164435161078       0.244707868       3.48669382E-05
   6059.9736506542704       0.258159399       3.63897379E-05
   6062.4308577924321       0.254815787       3.60201957E-05
   6064.8880649305938       0.244775370       3.47612622E-05
   6067.3452720687555       0.256115615       3.61302373E-05
   6069.8024792069173       0.258221745       3.65521555E-05
   6072.2596863450790       0.266776502       3.77016331E-05
   6074.7168934832407       0.280865669       3.95710122E-05
   6077.1741006214033       0.259095639       3.67119246E-05
   6079.6313077595651       0.245257303       3.48293470E-05
   6082.0885148977268       0.240525827       3.41645973E-05
   6084.5457220358885       0.263258517       3.69298723E-05
   6087.0029291740502       0.237994701       3.41745399E-05
   6089.4601363122119       0.290383905       4.05138562E-05
   6091.9173434503737       0.254750878       3.62463034E-05
   6094.3745505885363       0.236216217       3.35166078E-05
   6096.8317577266980       0.229850024       3.26178015E-05
   6099.2889648648597       0.237454072       3.36161902E-05
   6101.7461720030215       0.260719985       3.66390632E-05
   6104.2033791411832       0.247088090       3.49722650E-05
   6106.6605862793458       0.231313482       3.28470305E-05
   6109.1177934175075       0.233332425       3.30319745E-05
   6111.5750005556692       0.238271281       3.36155608E-05
   6114.0322076938310       0.238426015       3.37367965E-05
   6116.4894148319927       0.236059487       3.33249263E-05
   6118.9466219701544       0.225256771       3.19457358E-05
   6121.4038291083161       0.219488114       3.10912692E-05
   6123.8610362464788       0.220835671       3.11371041E-05
   6126.3182433846405       0.202828929       2.89973632E-05
   6128.7754505228022       0.230401456       3.22258275E-05
   6131.2326576609639       0.198332682       2.83603986E-05
   6133.6898647991256       0.211793244       2.99161838E-05
   6136.1470719372874       0.224534571       3.15673606E-05
   6138.6042790754491       0.204245791       2.90325170E-05
   6141.0614862136117       0.205089077       2.90449825E-05
   6143.5186933517734       0.213135511       3.00183001E-05
   6145.9759004899352       0.193430126       2.74896902E-05
   6148.4331076280969       0.196010470       2.77206218E-05
   6150.8903147662586       0.190567538       2.69596112E-05
   6153.3475219044212       0.186632425       2.63382080E-05
   6155.8047290425829       0.160123974       2.30308069E-05
   6158.2619361807447       0.190061048       2.65632807E-05
   6160.7191433189064       0.171978712       2.45281644E-05
   6163.1763504570681       0.187977523       2.64934242E-05
   6165.6335575952298       0.194452718       2.73482419E-05
   6168.0907647333916       0.169683695       2.42352180E-05
   6170.5479718715542       0.178658813       2.51754263E-05
   6173.0051790097159       0.168115139       2.37949898E-05
   6175.4623861478776       0.156193137       2.22641029E-05
   6177.9195932860393       0.172683552       2.43283175E-05
   6180.3768004242011       0.177602604       2.50239355E-05
   6182.8340075623637       0.171754256       2.43561717E-05
   6185.2912147005254       0.174311087       2.45995961E-05
   6187.7484218386871       0.170022979       2.41432481E-05
   6190.2056289768489       0.179240197       2.51902384E-05
   6192.6628361150106       0.160168365       2.28087720E-05
   6195.1200432531723       0.162147239       2.30140377E-05
   6197.5772503913340       0.176173985       2.47015669E-05
   6200.0344575294966       0.148376897       2.12283758E-05
   6202.4916646676584       0.156466335       2.21514547E-05
   6204.9488718058201       0.169842348       2.38634657E-05
   6207.4060789439818       0.161023960       2.28616373E-05
   6209.8632860821435       0.167120144       2.35988737E-05
   6212.3204932203053       0.171406463       2.42507413E-05
   6214.7777003584670       0.181389540       2.56142957E-05
   6217.2349074966296       0.187914193       2.64164901E-05
   6219.6921146347913       0.159352943       2.27617220E-05
   6222.1493217729530       0.161242530       2.29113648E-05
   6224.6065289111148       0.180297107       2.53186317E-05
   6227.0637360492765       0.170164630       2.40675345E-05
   6229.5209431874382       0.157632515       2.24709984E-05
   6231.9781503256008       0.170435622       2.40946065E-05
   6234.4353574637626       0.186932117       2.62337944E-05
   6236.8925646019243       0.171208173       2.43696541E-05
   6239.3497717400860       0.176944807       2.49432996E-05
   6241.8069788782477       0.166513667       2.36881660E-05
   6244.2641860164094       0.176731810       2.49390087E-05
   6246.7213931545721       0.182710245       2.58155560E-05
   6249.1786002927338       0.186821997       2.63717629E-05
   6251.6358074308955       0.180116683       2.54489587E-05
   6254.0930145690572       0.158340752       2.26087341E-05
   6256.5502217072190       0.165538445       2.34946347E-05
   6259.0074288453807       0.192381352       2.70494074E-05
   6261.4646359835424       0.202086076       2.84780272E-05
   6263.9218431217050       0.204404831       2.89413474E-05
   6266.3790502598667       0.214539200       3.03130437E-05
   6268.8362573980285       0.223931506       3.15503639E-05
   6271.2934645361902       0.216534302       3.07408554E-05
   6273.7506716743519       0.225594789       3.18523162E-05
   6276.2078788125136       0.231005087       3.26177251E-05
   6278.6650859506763       0.227352723       3.23230452E-05
   6281.1222930888380       0.252996802       3.55138764E-05
   6283.5795002269997       0.234197229       3.32947857E-05
   6286.0367073651614       0.240170419       3.39214857E-05
   6288.4939145033231       0.239485070       3.39877988E-05
   6290.9511216414849       0.259930730       3.66407003E-05
   6293.4083287796475       0.268846780       3.79158882E-05
   6295.8655359178092       0.259970605       3.69004047E-05
   6298.3227430559709       0.277282715       3.92361471E-05
   6300.7799501941327       0.302353829       4.25006256E-05
   6303.2371573322944       0.287846625       4.07570114E-05
   6305.6943644704561       0.275972635       3.93015143E-05
   6308.1515716086178       0.306856185       4.32233610E-05
   6310.6087787467804       0.322286665       4.55032387E-05
   6313.0659858849422       0.332081646       4.68547332E-05
   6315.5231930231039       0.325874537       4.61234486E-05
   6317.9804001612656       0.320321977       4.54018518E-05
   6320.4376072994273       0.332807630       4.70376363E-05
   6322.8948144375890       0.343880773       4.85502205E-05
   6325.3520215757508       0.348044991       4.92166218E-05
   6327.8092287139134       0.353781879       5.00279748E-05
   6330.2664358520751       0.363363862       5.13873129E-05
   6332.7236429902368       0.380966395       5.38218919E-05
   6335.1808501283986       0.398323298       5.61444213E-05
   6337.6380572665603       0.388886482       5.50751320E-05
   6340.0952644047229       0.391524196       5.54482358E-05
   6342.5524715428846       0.412751079       5.82572247E-05
   6345.0096786810464       0.422355413       5.96254977E-05
   6347.4668858192081       0.418649703       5.92207616E-05
   6349.9240929573698       0.411502898       5.82213834E-05
   6352.3813000955315       0.398267686       5.63356189E-05
   6354.8385072336932       0.372164756       5.29624012E-05
   6357.2957143718559       0.393802494       5.55670777E-05
   6359.7529215100176       0.398017466       5.61850720E-05
   6362.2101286481793       0.388962120       5.52104866E-05
   6364.6673357863410       0.415850252       5.86785500E-05
   6367.1245429245027       0.430849850       6.07264155E-05
   6369.5817500626654       0.414747238       5.88111943E-05
   6372.0389572008271       0.417108625       5.89032315E-05
   6374.4961643389888       0.397999763       5.64206384E-05
   6376.9533714771505       0.389052212       5.50897130E-05
   6379.4105786153123       0.387532890       5.48239441E-05
   6381.8677857534740       0.385098815       5.45231997E-05
   6384.3249928916357       0.395578474       5.58112297E-05
   6386.7822000297983       0.388411641       5.51518715E-05
   6389.2394071679601       0.425863832       6.00257335E-05
   6391.6966143061218       0.450406492       6.34904791E-05
   6394.1538214442835       0.448359728       6.33364907E-05
   6396.6110285824452       0.435932696       6.17518672E-05
   6399.0682357206069       0.432296753       6.12416916E-05
   6401.5254428587687       0.449306726       6.34018361E-05
   6403.9826499969313       0.443835288       6.27797490E-05
   6406.4398571350930       0.440028191       6.22457082E-05
   6408.8970642732547       0.436596811       6.18368358E-05
   6411.3542714114164       0.444931358       6.27710324E-05
   6413.8114785495782       0.426536471       6.04533852E-05
   6416.2686856877408       0.415695995       5.88293260E-05
   6418.7258928259025       0.406471521       5.76066668E-05
   6421.1830999640642       0.411018431       5.81613931E-05
   6423.6403071022260       0.424732655       5.98797487E-05
   6426.0975142403877       0.406758636       5.77424544E-05
   6428.5547213785494       0.422547966       5.96025093E-05
   6431.0119285167111       0.414565802       5.86792921E-05
   6433.4691356548738       0.413840592       5.86225615E-05
   6435.9263427930355       0.436169177       6.15646786E-05
   6438.3835499311972       0.447230488       6.31528310E-05
   6440.8407570693589       0.452463567       6.39605350E-05
   6443.2979642075206       0.450081915       6.35617471E-05
   6445.7551713456824       0.423989564       6.01304528E-05
   6448.2123784838450       0.412685752       5.85675552E-05
   6450.6695856220067       0.429742366       6.05925015E-05
   6453.1267927601684       0.422717869       5.99455961E-05
   6455.5839998983301       0.447863460       6.32360679E-05
   6458.0412070364919       0.471624970       6.65870684E-05
   6460.4984141746536       0.486803144       6.86684070E-05
   6462.9556213128162       0.473370194       6.69504880E-05
   6465.4128284509779       0.446172327       6.34194148E-05
   6467.8700355891397       0.465192884       6.57627024E-05
   6470.3272427273014       0.485509098       6.84762490E-05
   6472.7844498654631       0.476829439       6.74680414E-05
   6475.2416570036248       0.468535870       6.63700994E-05
   6477.6988641417865       0.470788807       6.66181877E-05
   6480.1560712799492       0.477345347       6.74833427E-05
   6482.6132784181109       0.484196305       6.85579435E-05
   6485.0704855562726       0.505121291       7.12362526E-05
   6487.5276926944343       0.494680077       7.00943856E-05
   6489.9848998325961       0.507590234       7.19836971E-05
   6492.4421069707587       0.558683336       7.85966913E-05
   6494.8993141089204       0.560781121       7.94252628E-05
   6497.3565212470821       0.587727547       8.30725039E-05
   6499.8137283852438       0.620000958       8.74268153E-05
   6502.2709355234056       0.617927372       8.75957558E-05
   6504.7281426615673       0.655240178       9.23883708E-05
   6507.1853497997290       0.656424224       9.28874069E-05
   6509.6425569378916       0.669342399       9.46447690E-05
   6512.0997640760534       0.692352653       9.79294564E-05
   6514.5569712142151       0.725321293       1.02385915E-04
   6517.0141783523768       0.755288541       1.06814339E-04
   6519.4713854905385       0.810025573       1.14522802E-04
   6521.9285926287002       0.889318466       1.25113322E-04
   6524.3857997668620       0.892445803       1.26259183E-04
   6526.8430069050246       0.909109235       1.28498359E-04
   6529.3002140431863       0.942663848       1.33482361E-04
   6531.7574211813480        1.02803969       1.44899401E-04
   6534.2146283195098        1.07636714       1.51559463E-04
   6536.6718354576715        1.01410449       1.43971993E-04
   6539.1290425958341        1.01516724       1.43321609E-04
   6541.5862497339958       0.937383413       1.33067108E-04
   6544.0434568721575       0.890733778       1.26311963E-04
   6546.5006640103193       0.882786453       1.24952057E-04
   6548.9578711484810       0.872551084       1.23550126E-04
   6551.4150782866427       0.898941219       1.27043852E-04
   6553.8722854248044       0.941356897       1.33470137E-04
   6556.3294925629671        1.08825779       1.53052941E-04
   6558.7866997011288        1.16286230       1.63495701E-04
   6561.2439068392905        1.05884659       1.49886080E-04
   6563.7011139774522       0.842507124       1.20706907E-04
   6566.1583211156139       0.743409455       1.06220592E-04
   6568.6155282537766       0.778736889       1.09802044E-04
   6571.0727353919374       0.748142064       1.05865729E-04
   6573.5299425301000       0.710691214       1.00618905E-04
   6575.9871496682617       0.666032553       9.47165463E-05
   6578.4443568064235       0.690292299       9.74324430E-05
   6580.9015639445852       0.705360949       9.97415773E-05
   6583.3587710827469       0.732077181       1.03303304E-04
   6585.8159782209095       0.744531631       1.05056824E-04
   6588.2731853590703       0.714687467       1.01330239E-04
   6590.7303924972330       0.717774868       1.01335441E-04
   6593.1875996353947       0.685987711       9.73093556E-05
   6595.6448067735564       0.695450008       9.82598722E-05
   6598.1020139117181       0.707076788       9.98836986E-05
   6600.5592210498799       0.705652118       9.98115429E-05
   6603.0164281880425       0.721950591       1.01965612E-04
   6605.4736353262042       0.722302139       1.02277489E-04
   6607.9308424643659       0.752391517       1.06059044E-04
   6610.3880496025276       0.738177478       1.04528030E-04
   6612.8452567406894       0.742237806       1.04859981E-04
   6615.3024638788520       0.727030575       1.02847909E-04
   6617.7596710170128       0.699536502       9.91831912E-05
   6620.2168781551754       0.701086938       9.89560358E-05
   6622.6740852933372       0.653085232       9.27819710E-05
   6625.1312924314989       0.665349483       9.41615654E-05
   6627.5884995696606       0.694545209       9.78465396E-05
   6630.0457067078223       0.653629124       9.25940622E-05
   6632.5029138459849       0.620420933       8.80946172E-05
   6634.9601209841458       0.634658575       8.98007565E-05
   6637.4173281223084       0.667782664       9.42014012E-05
   6639.8745352604701       0.683143020       9.64888241E-05
   6642.3317423986318       0.679978192       9.59665995E-05
   6644.7889495367936       0.621675670       8.81895976E-05
   6647.2461566749553       0.568359911       8.09953708E-05
   6649.7033638131179       0.598284543       8.43093803E-05
   6652.1605709512796       0.576832294       8.16114989E-05
   6654.6177780894413       0.554005086       7.86622913E-05
   6657.0749852276031       0.582345724       8.21488065E-05
   6659.5321923657648       0.590030849       8.35066749E-05
   6661.9893995039274       0.628682077       8.87582719E-05
   6664.4466066420882       0.662300944       9.32963303E-05
   6666.9038137802509       0.650734484       9.21135143E-05
   6669.3610209184126       0.659312427       9.33468109E-05
   6671.8182280565743       0.686671972       9.67118467E-05
   6674.2754351947360       0.637120783       9.02994507E-05
   6676.7326423328977       0.586479485       8.33651429E-05
   6679.1898494710604       0.580184042       8.21299909E-05
   6681.6470566092212       0.579527318       8.19345369E-05
   6684.1042637473838       0.576575458       8.16489337E-05
   6686.5614708855455       0.592921674       8.36656109E-05
   6689.0186780237073       0.581506968       8.23361406E-05
   6691.4758851618690       0.587789774       8.31879079E-05
   6693.9330923000307       0.609918118       8.60562650E-05
   6696.3902994381933       0.614216030       8.69571377E-05
   6698.8475065763550       0.647619843       9.14451302E-05
   6701.3047137145168       0.676020861       9.53111448E-05
   6703.7619208526785       0.666018188       9.42661936E-05
   6706.2191279908402       0.669173419       9.45871870E-05
   6708.6763351290019       0.651425481       9.20750681E-05
   6711.1335422671636       0.597283602       8.47814517E-05
   6713.5907494053263       0.558609784       7.93201034E-05
   6716.0479565434880       0.550536633       7.80045521E-05
   6718.5051636816497       0.563328683       7.96353706E-05
   6720.9623708198114       0.575693011       8.13338629E-05
   6723.4195779579732       0.588176310       8.32051664E-05
   6725.8767850961358       0.615859151       8.69485448E-05
   6728.3339922342975       0.633102238       8.92981261E-05
   6730.7911993724592       0.612473190       8.68340358E-05
   6733.2484065106210       0.624882042       8.83053435E-05
   6735.7056136487827       0.632558346       8.95925914E-05
   6738.1628207869444       0.671307147       9.46021682E-05
   6740.6200279251061       0.665528476       9.40051250E-05
   6743.0772350632687       0.626878083       8.89543226E-05
   6745.5344422014305       0.620849073       8.78412975E-05
   6747.9916493395922       0.609704316       8.63077512E-05
   6750.4488564777539       0.612418354       8.67872732E-05
   6752.9060636159156       0.656331718       9.26451467E-05
   6755.3632707540773       0.692957401       9.76518058E-05
   6757.8204778922391       0.690267861       9.76366282E-05
   6760.2776850304017       0.692387998       9.79758115E-05
   6762.7348921685634       0.710974395       1.00491503E-04
   6765.1920993067251       0.731284618       1.03305421E-04
   6767.6493064448869       0.752440989       1.06405423E-04
   6770.1065135830486       0.787812531       1.11133370E-04
   6772.5637207212112       0.787368059       1.11198759E-04
   6775.0209278593729       0.746134698       1.05764630E-04
   6777.4781349975347       0.707738042       1.00239238E-04
   6779.9353421356964       0.657845855       9.34569543E-05
   6782.3925492738581       0.650425494       9.21525789E-05
   6784.8497564120198       0.673799515       9.52357077E-05
   6787.3069635501815       0.698322415       9.86190862E-05
   6789.7641706883442       0.708427191       9.99241820E-05
   6792.2213778265059       0.671755016       9.54868447E-05
   6794.6785849646676       0.712393284       1.00619742E-04
   6797.1357921028293       0.752830029       1.06085659E-04
   6799.5929992409910       0.737498105       1.04322222E-04
   6802.0502063791528       0.724640906       1.02591468E-04
   6804.5074135173145       0.719536781       1.01978585E-04
   6806.9646206554771       0.755822420       1.06584244E-04
   6809.4218277936388       0.754183710       1.06687112E-04
   6811.8790349318006       0.760292113       1.07441876E-04
   6814.3362420699623       0.760340989       1.07582164E-04
   6816.7934492081240       0.761202991       1.07573600E-04
   6819.2506563462866       0.750357091       1.06214880E-04
   6821.7078634844484       0.748462737       1.06054875E-04
   6824.1650706226101       0.786856651       1.10923975E-04
   6826.6222777607718       0.778494239       1.10269939E-04
   6829.0794848989335       0.810521781       1.14474969E-04
   6831.5366920370961       0.836500704       1.18101540E-04
   6833.9938991752570       0.839078665       1.18632008E-04
   6836.4511063134196       0.846108556       1.19662815E-04
   6838.9083134515813       0.849061430       1.19981669E-04
   6841.3655205897430       0.837547183       1.18563396E-04
   6843.8227277279047       0.832047164       1.17639254E-04
   6846.2799348660665       0.804485321       1.13788032E-04
   6848.7371420042291       0.753332078       1.07148800E-04
   6851.1943491423908       0.785913050       1.10913919E-04
   6853.6515562805525       0.792382658       1.12125614E-04
   6856.1087634187143       0.822049081       1.16185882E-04
   6858.5659705568760       0.862613618       1.21596961E-04
   6861.0231776950377       0.835040569       1.18061114E-04
   6863.4803848331994       0.772550046       1.09664958E-04
   6865.9375919713621       0.742277980       1.05392006E-04
   6868.3947991095238       0.768283367       1.08529392E-04
   6870.8520062476855       0.796865761       1.12800757E-04
   6873.3092133858472       0.866633058       1.22039986E-04
   6875.7664205240089       0.884323955       1.24751939E-04
   6878.2236276621707       0.855047345       1.21310790E-04
   6880.6808348003324       0.883165002       1.24533341E-04
   6883.1380419384950       0.841885149       1.19322132E-04
   6885.5952490766567       0.828566372       1.17519543E-04
   6888.0524562148184       0.869705260       1.22711528E-04
   6890.5096633529802       0.871801972       1.23227248E-04
   6892.9668704911419       0.860361814       1.21735473E-04
   6895.4240776293036       0.850481629       1.20476703E-04
   6897.8812847674662       0.865471661       1.22273224E-04
   6900.3384919056280       0.871930838       1.23469188E-04
   6902.7956990437897       0.918362439       1.29919586E-04
   6905.2529061819514       0.992627203       1.39610303E-04
   6907.7101133201131       0.945648491       1.33983092E-04
   6910.1673204582748       0.903107643       1.28057582E-04
   6912.6245275964375       0.887042165       1.25609702E-04
   6915.0817347345992       0.883669257       1.25324383E-04
   6917.5389418727609       0.949694812       1.33871814E-04
   6919.9961490109226       0.973430753       1.37842653E-04
   6922.4533561490844        1.05787027       1.49157466E-04
   6924.9105632872470        1.10713112       1.56244394E-04
   6927.3677704254078        1.12645054       1.59212257E-04
   6929.8249775635704        1.14176524       1.61330157E-04
   6932.2821847017321        1.12780643       1.59562187E-04
   6934.7393918398939        1.12511194       1.59651128E-04
   6937.1965989780556        1.22845244       1.73328051E-04
   6939.6538061162173        1.31962991       1.86122386E-04
   6942.1110132543799        1.38103271       1.94905850E-04
   6944.5682203925408        1.40050733       1.97779635E-04
   6947.0254275307034        1.36914420       1.93826592E-04
   6949.4826346688651        1.33735430       1.89335464E-04
   6951.9398418070268        1.31079161       1.85692188E-04
   6954.3970489451885        1.32307899       1.87317142E-04
   6956.8542560833503        1.37856984       1.94590451E-04
   6959.3114632215129        1.39815223       1.97837115E-04
   6961.7686703596746        1.45440018       2.05311546E-04
   6964.2258774978363        1.46683490       2.07198027E-04
   6966.6830846359981        1.42807245       2.02323761E-04
   6969.1402917741598        1.43838692       2.03512580E-04
   6971.5974989123215        1.46682513       2.07392630E-04
   6974.0547060504832        1.50314045       2.12444924E-04
   6976.5119131886458        1.53703749       2.17173962E-04
   6978.9691203268076        1.54881871       2.18965433E-04
   6981.4263274649693        1.55419672       2.19800480E-04
   6983.8835346031310        1.55322909       2.19766225E-04
   6986.3407417412927        1.56218040       2.20665432E-04
   6988.7979488794554        1.49784768       2.12394167E-04
   6991.2551560176171        1.50069380       2.12508879E-04
   6993.7123631557788        1.53900194       2.17507943E-04
   6996.1695702939405        1.56808269       2.21633672E-04
   6998.6267774321022        1.58831000       2.24860050E-04
   7001.0839845702640        1.66502333       2.34957566E-04
   7003.5411917084257        1.68279767       2.38074776E-04
   7005.9983988465883        1.72966623       2.44476629E-04
   7008.4556059847500        1.77521443       2.50908342E-04
   7010.9128131229118        1.81283200       2.56062020E-04
   7013.3700202610735        1.82042658       2.57533393E-04
   7015.8272273992352        1.85982537       2.62926507E-04
   7018.2844345373978        1.91845524       2.70719582E-04
   7020.7416416755586        1.92593670       2.72727222E-04
   7023.1988488137213        2.04135823       2.88137235E-04
   7025.6560559518830        2.16245127       3.05306574E-04
   7028.1132630900447        2.29648948       3.23897140E-04
   7030.5704702282064        2.39196348       3.37575912E-04
   7033.0276773663682        2.44948840       3.46177141E-04
   7035.4848845045308        2.53650212       3.58061166E-04
   7037.9420916426916        2.57532120       3.64027277E-04
   7040.3992987808542        2.62864161       3.71400616E-04
   7042.8565059190159        2.64372468       3.73140065E-04
   7045.3137130571777        2.45882177       3.48378409E-04
   7047.7709201953394        2.16314650       3.07362614E-04
   7050.2281273335011        1.73435235       2.47973599E-04
   7052.6853344716637        1.31194949       1.88536418E-04
   7055.1425416098255        1.03972065       1.49198531E-04
   7057.5997487479872       0.953882515       1.35681257E-04
   7060.0569558861489       0.957794011       1.35578797E-04
   7062.5141630243106        1.00021243       1.41025434E-04
   7064.9713701624732        1.01665831       1.43787503E-04
   7067.4285773006350        1.08175397       1.52373192E-04
   7069.8857844387967        1.09804511       1.55040529E-04
   7072.3429915769584        1.12257659       1.58605762E-04
   7074.8001987151201        1.16151249       1.63884208E-04
   7077.2574058532819        1.18355942       1.66975413E-04
   7079.7146129914436        1.15368068       1.63264529E-04
   7082.1718201296062        1.13871670       1.60663229E-04
   7084.6290272677679        1.00147438       1.42319244E-04
   7087.0862344059296       0.898257852       1.27685940E-04
   7089.5434415440914       0.846357644       1.20334626E-04
   7092.0006486822531       0.884856761       1.24767583E-04
   7094.4578558204148       0.875832677       1.23957478E-04
   7096.9150629585765       0.889437556       1.25856823E-04
   7099.3722700967392       0.938401341       1.32451518E-04
   7101.8294772349009       0.979378641       1.38319374E-04
   7104.2866843730626        1.02779150       1.44999794E-04
   7106.7438915112243        1.05740762       1.49486063E-04
   7109.2010986493860        1.10958016       1.56518814E-04
   7111.6583057875478        1.12682724       1.59221410E-04
   7114.1155129257095        1.13517344       1.60468262E-04
   7116.5727200638721        1.13672602       1.60535696E-04
   7119.0299272020338        1.06933355       1.51450935E-04
   7121.4871343401956       0.980574846       1.39310665E-04
   7123.9443414783573       0.928921223       1.31625260E-04
   7126.4015486165190       0.870855689       1.23634658E-04
   7128.8587557546816       0.859942615       1.21945523E-04
   7131.3159628928424       0.900048912       1.26870815E-04
   7133.7731700310051       0.872739553       1.23575708E-04
   7136.2303771691668       0.857794404       1.21471865E-04
   7138.6875843073285       0.873266280       1.23727412E-04
   7141.1447914454911       0.938692391       1.32218644E-04
   7143.6019985836519       0.952814877       1.34711750E-04
   7146.0592057218146       0.974686384       1.37726674E-04
   7148.5164128599763       0.993621826       1.40298391E-04
   7150.9736199981380       0.987870336       1.40048374E-04
   7153.4308271362997        1.04100466       1.46649545E-04
   7155.8880342744615        1.01638567       1.43889469E-04
   7158.3452414126241        1.00068152       1.41750046E-04
   7160.8024485507858        1.02778733       1.45143291E-04
   7163.2596556889475        1.01618469       1.43909187E-04
   7165.7168628271093        1.04047394       1.46806473E-04
   7168.1740699652710       0.999282360       1.41849596E-04
   7170.6312771034327        1.04463208       1.47649596E-04
   7173.0884842415944        1.10054600       1.55270303E-04
   7175.5456913797570        1.12750411       1.59536867E-04
   7178.0028985179188        1.19203961       1.67956983E-04
   7180.4601056560805        1.16672587       1.65249716E-04
   7182.9173127942422        1.18485773       1.67673687E-04
   7185.3745199324039        1.23142207       1.73943467E-04
   7187.8317270705656        1.26371014       1.78386181E-04
   7190.2889342087274        1.23729336       1.75111025E-04
   7192.7461413468900        1.21415734       1.71760767E-04
   7195.2033484850517        1.15522242       1.64018289E-04
   7197.6605556232134        1.18010211       1.66595593E-04
   7200.1177627613752        1.13372159       1.60985786E-04
   7202.5749698995369        1.19312418       1.68397819E-04
   7205.0321770376986        1.22027767       1.72840140E-04
   7207.4893841758603        1.30983937       1.84419550E-04
   7209.9465913140230        1.29355180       1.83264448E-04
   7212.4037984521847        1.33034992       1.88057122E-04
   7214.8610055903464        1.37743509       1.94643537E-04
   7217.3182127285090        1.41400945       1.99935355E-04
   7219.7754198666698        1.46987939       2.07518431E-04
   7222.2326270048325        1.49199486       2.11234379E-04
   7224.6898341429942        1.54681718       2.17962719E-04
   7227.1470412811559        1.46459007       2.07982113E-04
   7229.6042484193176        1.48581254       2.10323080E-04
   7232.0614555574793        1.55363739       2.19349342E-04
   7234.5186626956420        1.58774495       2.24957053E-04
   7236.9758698338028        1.72950506       2.43552000E-04
   7239.4330769719654        1.74804950       2.47309275E-04
   7241.8902841101271        1.82294607       2.58134765E-04
   7244.3474912482889        1.86126661       2.80421926E-04
   7246.8046983864506        1.95989597       2.77442683E-04
   7249.2619055246123        1.99042082       2.82053923E-04
   7251.7191126627749        2.13516259       3.01091670E-04
   7254.1763198009367        2.20140505       3.11101467E-04
   7256.6335269390984        2.26367235       3.19932093E-04
   7259.0907340772601        2.32228303       3.28113121E-04
   7261.5479412154218        2.33061886       3.29658622E-04
   7264.0051483535835        2.34590173       3.31879593E-04
   7266.4623554917453        2.35591555       3.33192322E-04
   7268.9195626299079        2.32490087       3.28718888E-04
   7271.3767697680696        2.24149561       3.18770326E-04
   7273.8339769062313        2.42639542       3.42454819E-04
   7276.2911840443930        2.55898976       3.60627164E-04
   7278.7483911825548        2.51380587       3.56636185E-04
   7281.2055983207165        2.66038895       3.75232747E-04
   7283.6628054588782        2.65983152       3.76518845E-04
   7286.1200125970408        2.73102760       3.86136788E-04
   7288.5772197352026        2.82318592       3.99163458E-04
   7291.0344268733643        2.96114826       4.18538839E-04
   7293.4916340115260        3.15217400       4.44999983E-04
   7295.9488411496877        3.29770350       4.65338351E-04
   7298.4060482878504        3.34566689       4.73473454E-04
   7300.8632554260121        3.49349332       4.93609172E-04
   7303.3204625641738        3.63828993       5.13722538E-04
   7305.7776697023355        3.71549201       5.25098527E-04
   7308.2348768404972        3.79088283       5.36315667E-04
   7310.6920839786590        3.95209670       5.58377127E-04
   7313.1492911168207        4.10569334       5.79797837E-04
   7315.6064982549833        4.19803476       5.93507371E-04
   7318.0637053931450        4.31295538       6.09298586E-04
   7320.5209125313067        4.36887360       6.17612037E-04
   7322.9781196694685        4.36218214       6.16673555E-04
   7325.4353268076302        4.29566431       6.08797243E-04
   7327.8925339457928        4.41620445       6.24645618E-04
   7330.3497410839536        4.63178062       6.53844560E-04
   7332.8069482221163        4.76689863       6.74313516E-04
   7335.2641553602780        5.01903915       7.07182975E-04
   7337.7213624984397        4.85115433       6.86796615E-04
   7340.1785696366014        4.67648411       6.62914768E-04
   7342.6357767747631        4.63698053       6.56058663E-04
   7345.0929839129258        4.58314228       6.49465946E-04
   7347.5501910510866        4.75064182       6.70895330E-04
   7350.0073981892492        4.81746054       6.80663972E-04
   7352.4646053274109        4.79324532       6.78196142E-04
   7354.9218124655727        4.84767628       6.86073850E-04
   7357.3790196037344        5.05306673       7.13749439E-04
   7359.8362267418961        5.25804567       7.42604781E-04
   7362.2934338800587        5.45108843       7.69845210E-04
   7364.7506410182204        5.56475115       7.85826647E-04
   7367.2078481563822        5.52106667       7.80426082E-04
   7369.6650552945439        5.33837080       7.57019443E-04
   7372.1222624327056        5.42202950       7.65408040E-04
   7374.5794695708682        5.23553610       7.42368225E-04
   7377.0366767090300        5.34689903       7.55922927E-04
   7379.4938838471917        5.47700930       7.73780106E-04
   7381.9510909853534        5.52833652       7.81013630E-04
   7384.4082981235151        5.46168995       7.73088250E-04
   7386.8655052616768        5.47931910       7.74831686E-04
   7389.3227123998386        5.45416212       7.71052786E-04
   7391.7799195380012        5.33544302       7.55232642E-04
   7394.2371266761629        5.24622583       7.43164797E-04
   7396.6943338143246        5.36686134       7.58153270E-04
   7399.1515409524864        5.35429716       7.56950350E-04
   7401.6087480906481        5.30966330       7.51036569E-04
   7404.0659552288098        5.24847364       7.43054203E-04
   7406.5231623669715        5.32879496       7.52848515E-04
   7408.9803695051341        5.30887556       7.51059677E-04
   7411.4375766432959        5.32901955       7.52900552E-04
   7413.8947837814576        5.19140196       7.34775735E-04
   7416.3519909196193        5.06271648       7.17436895E-04
   7418.8091980577810        5.16787386       7.30545667E-04
   7421.2664051959437        5.28067589       7.46230362E-04
   7423.7236123341045        5.40227890       7.62898475E-04
   7426.1808194722671        5.37244272       7.59555842E-04
   7428.6380266104288        5.27851343       7.46993464E-04
   7431.0952337485905        5.19103909       7.34695583E-04
   7433.5524408867523        5.11225843       7.23014236E-04
   7436.0096480249140        4.98458481       7.06546532E-04
   7438.4668551630766        5.07141066       7.16305338E-04
   7440.9240623012374        5.02402925       7.10605120E-04
   7443.3812694394001        4.94493580       7.00451608E-04
   7445.8384765775618        5.06015444       7.14578724E-04
   7448.2956837157235        5.02793121       7.11994304E-04
   7450.7528908538861        5.18477726       7.31406733E-04
   7453.2100979920478        5.07489014       7.19155709E-04
   7455.6673051302096        5.19984150       7.34413159E-04
   7458.1245122683713        5.21142483       7.37180526E-04
   7460.5817194065330        5.28506851       7.47344980E-04
   7463.0389265446947        5.39394522       7.61766045E-04
   7465.4961336828565        5.36152697       7.58351816E-04
   7467.9533408210191        5.32356787       7.53318658E-04
   7470.4105479591808        5.32559872       7.52656197E-04
   7472.8677550973425        5.20875454       7.38522329E-04
   7475.3249622355042        5.40068054       7.62516749E-04
   7477.7821693736660        5.46659517       7.72861182E-04
   7480.2393765118277        5.54777098       7.84430769E-04
   7482.6965836499894        5.65866709       7.98776513E-04
   7485.1537907881520        5.50435495       7.79821072E-04
   7487.6109979263138        5.55355930       7.85394106E-04
   7490.0682050644755        5.62110615       7.94996566E-04
   7492.5254122026372        5.74673033       8.11800011E-04
   7494.9826193407989        5.80272341       8.20654619E-04
   7497.4398264789606        5.90138912       8.34313862E-04
   7499.8970336171224        6.02275276       8.50527140E-04
   7502.3542407552850        5.93685102       8.40306049E-04
   7504.8114478934467        5.96675968       8.43960675E-04
   7507.2686550316084        5.99713516       8.48108029E-04
   7509.7258621697702        6.03396940       8.52610043E-04
   7512.1830693079319        5.90466499       8.36513238E-04
   7514.6402764460936        5.96700811       8.43021960E-04
   7517.0974835842553        5.84611893       8.28107935E-04
   7519.5546907224179        5.90258646       8.34185455E-04
   7522.0118978605797        5.86166573       8.29700788E-04
   7524.4691049987414        5.95659447       8.42259848E-04
   7526.9263121369040        6.11251307       8.63959489E-04
   7529.3835192750648        6.28344345       8.87344358E-04
   7531.8407264132275        6.36675310       9.00305109E-04
   7534.2979335513892        6.51199055       9.20360966E-04
   7536.7551406895509        6.65433693       9.39696736E-04
   7539.2123478277126        6.62406540       9.37343808E-04
   7541.6695549658743        6.66975498       9.42274462E-04
   7544.1267621040370        6.54095411       9.26601060E-04
   7546.5839692421978        6.62943125       9.36652767E-04
   7549.0411763803604        6.61717224       9.36059281E-04
   7551.4983835185221        6.65982628       9.41439008E-04
   7553.9555906566839        6.69424915       9.45898646E-04
   7556.4127977948456        6.60745382       9.35116259E-04
   7558.8700049330073        6.65628958       9.40971833E-04
   7561.3272120711699        6.69191456       9.45308770E-04
   7563.7844192093316        6.54993153       9.26773180E-04
   7566.2416263474934        6.50501347       9.20831691E-04
   7568.6988334856551        6.66432667       9.41631617E-04
   7571.1560406238168        6.83011532       9.64127714E-04
   7573.6132477619785        6.81572342       9.64349194E-04
   7576.0704549001402        6.94234133       9.80177312E-04
   7578.5276620383029        6.80307055       9.61740152E-04
   7580.9848691764637        6.38059950       9.03832435E-04
   7583.4420763146263        5.73813534       8.14355968E-04
   7585.8992834527880        5.45072269       6.85209292E-04
   7588.3564905909498        3.95404506       5.65277005E-04
   7590.8136977291124        3.52000856       5.00786642E-04
   7593.2709048672732        3.24643731       4.60373820E-04
   7595.7281120054358        2.97790980       4.22695710E-04
   7598.1853191435976        2.82886338       4.01053956E-04
   7600.6425262817593        2.84427595       4.02139820E-04
   7603.0997334199219        2.95491338       4.18423995E-04
   7605.5569405580827        3.38872981       4.77556285E-04
   7608.0141476962453        3.87916398       5.45774819E-04
   7610.4713548344071        4.28008938       6.01636537E-04
   7612.9285619725688        4.37104940       6.17469836E-04
   7615.3857691107305        4.49385452       6.33265183E-04
   7617.8429762488922        4.22796059       5.98226266E-04
   7620.3001833870549        3.74689484       5.32147649E-04
   7622.7573905252157        3.22725105       4.59515577E-04
   7625.2145976633783        2.82128310       4.01502271E-04
   7627.6718048015400        2.55647373       3.63972707E-04
   7630.1290119397017        2.56536865       3.62435268E-04
   7632.5862190778635        2.49271393       3.52862262E-04
   7635.0434262160252        2.47061563       3.49855749E-04
   7637.5006333541878        2.53001738       3.56958190E-04
   7639.9578404923486        2.47507858       3.50296526E-04
   7642.4150476305113        2.44212532       3.45258450E-04
   7644.8722547686730        2.37441468       3.36007943E-04
   7647.3294619068347        2.27435350       3.21910426E-04
   7649.7866690449964        2.14979553       3.04197165E-04
   7652.2438761831581        1.88491464       2.68015079E-04
   7654.7010833213208        1.68993342       2.39889501E-04
   7657.1582904594816        1.45586431       2.07248086E-04
   7659.6154975976442        1.29735494       1.84524135E-04
   7662.0727047358059        1.26167059       1.79341034E-04
   7664.5299118739676        1.39573836       1.96836394E-04
   7666.9871190121294        1.54098761       2.17069042E-04
   7669.4443261502911        1.65233207       2.33237006E-04
   7671.9015332884537        1.79977012       2.53639417E-04
   7674.3587404266145        1.90645099       2.69182929E-04
   7676.8159475647772        2.02422285       2.85266637E-04
   7679.2731547029389        2.04854584       2.89653079E-04
   7681.7303618411006        2.08112693       2.94035563E-04
   7684.1875689792632        2.06641603       2.92104960E-04
   7686.6447761174240        1.96155894       2.77935760E-04
   7689.1019832555867        1.82442129       2.58716202E-04
   7691.5591903937484        1.63100076       2.32024293E-04
   7694.0163975319101        1.49429095       2.12600818E-04
   7696.4736046700727        1.48321474       2.10639773E-04
   7698.9308118082336        1.61641300       2.28667515E-04
   7701.3880189463962        1.83734369       2.58989632E-04
   7703.8452260845579        2.03250194       2.86542345E-04
   7706.3024332227196        2.20182800       3.10613366E-04
   7708.7596403608813        2.36075044       3.33321310E-04
   7711.2168474990431        2.53305006       3.57183017E-04
   7713.6740546372057        2.63424373       3.71859729E-04
   7716.1312617753665        2.69904518       3.81828024E-04
   7718.5884689135291        2.85532451       4.03135200E-04
   7721.0456760516909        3.00617242       4.24781028E-04
   7723.5028831898526        3.20639968       4.52255626E-04
   7725.9600903280143        3.32616162       4.69795632E-04
   7728.4172974661760        3.43660688       4.85935423E-04
   7730.8745046043387        3.59414864       5.06938784E-04
   7733.3317117424995        3.55506325       5.02918847E-04
   7735.7889188806621        3.49170089       4.94592648E-04
   7738.2461260188238        3.49194193       4.93541884E-04
   7740.7033331569855        3.33935499       4.73092776E-04
   7743.1605402951473        3.18182874       4.50924999E-04
   7745.6177474333090        3.01222444       4.27210354E-04
   7748.0749545714716        2.91719460       4.13592585E-04
   7750.5321617096324        2.93601131       4.15490853E-04
   7752.9893688477950        3.01811194       4.26703569E-04
   7755.4465759859568        3.14310455       4.43842524E-04
   7757.9037831241185        3.23746133       4.57284390E-04
   7760.3609902622811        3.30901003       4.67788515E-04
   7762.8181974004419        3.42421627       4.83874494E-04
   7765.2754045386046        3.55971217       5.02608134E-04
   7767.7326116767663        3.63716960       5.14009851E-04
   7770.1898188149280        3.69689751       5.22227027E-04
   7772.6470259530906        3.66262627       5.18285087E-04
   7775.1042330912514        3.64257288       5.15119347E-04
   7777.5614402294141        3.56129694       5.04444062E-04
   7780.0186473675749        3.56160164       5.03819552E-04
   7782.4758545057375        3.55078316       5.02504001E-04
   7784.9330616438992        3.59562564       5.08461555E-04
   7787.3902687820610        3.62467337       5.12374507E-04
   7789.8474759202236        3.60465574       5.09619073E-04
   7792.3046830583844        3.50419283       4.96725377E-04
   7794.7618901965470        3.57926393       5.06130222E-04
   7797.2190973347087        3.69713068       5.22840011E-04
   7799.6763044728705        3.94196844       5.56813320E-04
   7802.1335116110322        4.27536964       6.03474095E-04
   7804.5907187491939        4.62714863       6.51921902E-04
   7807.0479258873565        4.77565908       6.74171373E-04
   7809.5051330255174        4.80920553       6.80174970E-04
   7811.9623401636800        4.89601469       6.91684487E-04
   7814.4195473018417        4.85559464       6.86878746E-04
   7816.8767544400034        4.76285553       6.73251692E-04
   7819.3339615781651        4.43928146       6.30492810E-04
   7821.7911687163269        4.38634682       6.21108571E-04
   7824.2483758544895        4.38282919       6.19637140E-04
   7826.7055829926503        4.26988173       6.04390458E-04
   7829.1627901308129        4.17306709       5.91200078E-04
   7831.6199972689747        4.21411943       5.96588594E-04
   7834.0772044071364        4.40828609       6.22529653E-04
   7836.5344115452981        4.55800247       6.43483247E-04
   7838.9916186834598        4.61161184       6.51977491E-04
   7841.4488258216224        4.69608736       6.64132007E-04
   7843.9060329597842        4.84225035       6.83760387E-04
   7846.3632400979459        4.87636042       6.89205714E-04
   7848.8204472361076        4.86408234       6.87947497E-04
   7851.2776543742693        4.85812187       6.87902153E-04
   7853.7348615124320        5.01968098       7.08494626E-04
   7856.1920686505928        4.95766544       7.00924371E-04
   7858.6492757887554        4.79096699       6.78784098E-04
   7861.1064829269171        4.70939302       6.66725799E-04
   7863.5636900650788        4.66446304       6.59651996E-04
   7866.0208972032406        4.55120802       6.44857413E-04
   7868.4781043414023        4.60882807       6.51962415E-04
   7870.9353114795649        4.76663399       6.73612172E-04
   7873.3925186177257        4.96154547       7.00859062E-04
   7875.8497257558884        5.21025372       7.35851761E-04
   7878.3069328940501        5.47951317       7.73444539E-04
   7880.7641400322118        5.66226435       7.98351073E-04
   7883.2213471703744        5.52819777       7.83925701E-04
   7885.6785543085352        5.74145937       8.09805235E-04
   7888.1357614466979        5.61386442       7.94115011E-04
   7890.5929685848587        5.40666437       7.66565790E-04
   7893.0501757230213        5.43021584       7.67641992E-04
   7895.5073828611830        5.31894493       7.52530701E-04
   7897.9645899993448        5.16377974       7.31901149E-04
   7900.4217971375074        5.20864773       7.35996466E-04
   7902.8790042756682        5.06380320       7.16463663E-04
   7905.3362114138308        4.87441444       6.90798683E-04
   7907.7934185519925        4.74818230       6.72093302E-04
   7910.2506256901543        4.65529299       6.59281854E-04
   7912.7078328283160        4.67003107       6.61485188E-04
   7915.1650399664777        4.90163565       6.91048510E-04
   7917.6222471046403        4.87337017       6.89828594E-04
   7920.0794542428021        5.01178503       7.08245323E-04
   7922.5366613809638        5.19752312       7.34551053E-04
   7924.9938685191255        5.42565393       7.65738252E-04
   7927.4510756572872        5.55594254       7.84431992E-04
   7929.9082827954498        5.53653622       7.84476579E-04
   7932.3654899336107        5.77396011       8.13407358E-04
   7934.8226970717733        5.40610361       7.66275218E-04
   7937.2799042099350        5.04442453       7.15860631E-04
   7939.7371113480967        4.86849022       6.90464920E-04
   7942.1943184862585        4.88954210       6.91426103E-04
   7944.6515256244202        4.89339447       6.92244561E-04
   7947.1087327625828        5.02683926       7.12664507E-04
   7949.5659399007436        5.60659742       7.89666839E-04
   7952.0231470389062        5.93770504       8.36089486E-04
   7954.4803541770680        5.78079224       8.18589702E-04
   7956.9375613152297        5.76722670       8.15610925E-04
   7959.3947684533914        5.73260975       8.12221377E-04
   7961.8519755915531        5.99809170       8.47402029E-04
   7964.3091827297158        6.28965855       8.87131726E-04
   7966.7663898678766        6.31151676       8.92902259E-04
   7969.2235970060392        6.42694998       9.07235313E-04
   7971.6808041442009        6.15372753       8.71855533E-04
   7974.1380112823626        5.95556927       8.43372720E-04
   7976.5952184205253        5.72693586       8.11996695E-04
   7979.0524255586861        5.66868496       8.02183582E-04
   7981.5096326968487        5.60518694       7.93880783E-04
   7983.9668398350095        5.67015886       8.01610644E-04
   7986.4240469731722        5.68150520       8.03958043E-04
   7988.8812541113339        5.79169703       8.19629699E-04
   7991.3384612494956        6.08123159       8.58272135E-04
   7993.7956683876582        6.20986080       8.77827231E-04
   7996.2528755258199        6.36552763       8.99884501E-04
   7998.7100826639817        6.56660366       9.28146706E-04
   8001.1672898021434        6.79340363       9.59556666E-04
   8003.6244969403051        6.96732521       9.85298306E-04
   8006.0817040784677        7.23430490       1.02076388E-03
   8008.5389112166285        7.24069977       1.02552201E-03
   8010.9961183547912        7.57515764       1.06963317E-03
   8013.4533254929529        7.78574371       1.10011792E-03
   8015.9105326311146        7.96748543       1.12599297E-03
   8018.3677397692763        8.11509418       1.14739663E-03
   8020.8249469074381        8.33438683       1.17807742E-03
   8023.2821540456007        8.56967545       1.21118617E-03
   8025.7393611837615        8.84759426       1.24966807E-03
   8028.1965683219241        9.03021812       1.27804454E-03
   8030.6537754600859        9.54954052       1.34562259E-03
   8033.1109825982476        1.00000000      -1703559.75    
