   5529.2169088113069        3.79205123E-02   5.24956749E-06
   5531.6741159494686        2.90083662E-02   4.15746854E-06
   5534.1313230876303        2.78304871E-02   3.87559794E-06
   5536.5885302257930        2.89034434E-02   4.34321510E-06
   5539.0457373639547        5.92147708E-02   8.11498739E-06
   5541.5029445021164        2.49782056E-02   3.84078567E-06
   5543.9601516402781        3.30961198E-02   4.82620726E-06
   5546.4173587784398        3.57581228E-02   4.91591709E-06
   5548.8745659166016        2.79893205E-02   4.04145749E-06
   5551.3317730547642        4.15588282E-02   6.05764490E-06
   5553.7889801929259        6.09160885E-02   8.34398361E-06
   5556.2461873310876        4.62693758E-02   6.84680026E-06
   5558.7033944692494        7.83027634E-02   1.09417651E-05
   5561.1606016074111        6.68486878E-02   9.52978280E-06
   5563.6178087455728        7.58010298E-02   1.06068810E-05
   5566.0750158837354        5.76505326E-02   8.37290554E-06
   5568.5322230218972       0.102725141       1.47433957E-05
   5570.9894301600589       0.117666215       1.62910401E-05
   5573.4466372982206       0.109306023       1.57367267E-05
   5575.9038444363823       0.128532618       1.79820690E-05
   5578.3610515745440       0.117202990       1.66935260E-05
   5580.8182587127058       0.136367351       1.93396336E-05
   5583.2754658508684       0.141993761       1.99280239E-05
   5585.7326729890301       0.138361394       1.97081663E-05
   5588.1898801271918       0.148355171       2.08511719E-05
   5590.6470872653535       0.133370966       1.88600970E-05
   5593.1042944035153       0.122809529       1.73973440E-05
   5595.5615015416770       0.113829643       1.61257594E-05
   5598.0187086798396       0.117358193       1.66652244E-05
   5600.4759158180013       0.120661356       1.69524465E-05
   5602.9331229561631       0.112596691       1.60037998E-05
   5605.3903300943248       0.114095122       1.60964992E-05
   5607.8475372324865       0.120695919       1.72691289E-05
   5610.3047443706482       0.153895408       2.16270946E-05
   5612.7619515088109       0.141873986       1.99349997E-05
   5615.2191586469726       0.118623435       1.68378083E-05
   5617.6763657851343       0.104922906       1.49580374E-05
   5620.1335729232960       0.114388481       1.61900080E-05
   5622.5907800614577       0.118845113       1.67974868E-05
   5625.0479871996195       0.124869056       1.76383946E-05
   5627.5051943377821       0.124116294       1.75704263E-05
   5629.9624014759438       0.131413966       1.85965982E-05
   5632.4196086141055       0.133491144       1.88293197E-05
   5634.8768157522672       0.130565718       1.84926175E-05
   5637.3340228904290       0.136959031       1.94228705E-05
   5639.7912300285907       0.140182495       1.96624351E-05
   5642.2484371667524       0.122890085       1.75231617E-05
   5644.7056443049150       0.135758102       1.92265616E-05
   5647.1628514430768       0.140700474       1.98673915E-05
   5649.6200585812385       0.155124813       2.20568691E-05
   5652.0772657194002       0.173305467       2.43406812E-05
   5654.5344728575619       0.157292306       2.21830105E-05
   5656.9916799957236       0.138886750       1.97607824E-05
   5659.4488871338863       0.142499551       2.01950606E-05
   5661.9060942720480       0.144930586       2.04215958E-05
   5664.3633014102097       0.141803682       2.01608746E-05
   5666.8205085483714       0.159635484       2.25629119E-05
   5669.2777156865332       0.151950747       2.12508548E-05
   5671.7349228246949       0.117563710       1.68334427E-05
   5674.1921299628575       0.119091570       1.69476698E-05
   5676.6493371010192       0.139913499       1.98700345E-05
   5679.1065442391809       0.157895103       2.21222308E-05
   5681.5637513773427       0.144570649       2.05516008E-05
   5684.0209585155044       0.150778890       2.12760315E-05
   5686.4781656536661       0.147065789       2.08519268E-05
   5688.9353727918278       0.148049265       2.08300462E-05
   5691.3925799299905       0.149135500       2.14350803E-05
   5693.8497870681522       0.197728217       2.76798382E-05
   5696.3069942063139       0.160349146       2.26123484E-05
   5698.7642013444756       0.152782038       2.19634840E-05
   5701.2214084826373       0.174289942       2.44915627E-05
   5703.6786156207991       0.192923933       2.75245457E-05
   5706.1358227589617       0.220582426       3.07843111E-05
   5708.5930298971234       0.175319910       2.49202330E-05
   5711.0502370352851       0.168821082       2.40726768E-05
   5713.5074441734469       0.177997157       2.50872308E-05
   5715.9646513116086       0.177217692       2.50662906E-05
   5718.4218584497703       0.177397206       2.51134097E-05
   5720.8790655879329       0.177734241       2.50532812E-05
   5723.3362727260946       0.170050770       2.41923208E-05
   5725.7934798642564       0.192530185       2.72309117E-05
   5728.2506870024181       0.194465965       2.73515325E-05
   5730.7078941405798       0.183916301       2.61031200E-05
   5733.1651012787415       0.186684519       2.64052342E-05
   5735.6223084169033       0.190935150       2.70037308E-05
   5738.0795155550659       0.187961653       2.64654591E-05
   5740.5367226932276       0.166678652       2.36637097E-05
   5742.9939298313893       0.182182729       2.60345405E-05
   5745.4511369695510       0.221319333       3.11023032E-05
   5747.9083441077128       0.221810982       3.13965902E-05
   5750.3655512458745       0.230902895       3.25738365E-05
   5752.8227583840371       0.209086224       2.94655401E-05
   5755.2799655221988       0.191618472       2.73510414E-05
   5757.7371726603606       0.211683884       2.99231524E-05
   5760.1943797985223       0.218326852       3.07546252E-05
   5762.6515869366840       0.200560153       2.83164482E-05
   5765.1087940748457       0.187824413       2.67421037E-05
   5767.5660012130083       0.198913842       2.80377790E-05
   5770.0232083511701       0.188066646       2.65776380E-05
   5772.4804154893318       0.179869309       2.54728657E-05
   5774.9376226274935       0.184080929       2.61964451E-05
   5777.3948297656552       0.217601180       3.07671471E-05
   5779.8520369038170       0.230617046       3.24765460E-05
   5782.3092440419787       0.224029332       3.16776059E-05
   5784.7664511801413       0.223280847       3.16810947E-05
   5787.2236583183030       0.231330961       3.25390065E-05
   5789.6808654564647       0.202703908       2.87140065E-05
   5792.1380725946265       0.211876690       3.03279703E-05
   5794.5952797327882       0.263557464       3.70974631E-05
   5797.0524868709508       0.255324274       3.58607431E-05
   5799.5096940091125       0.229456156       3.27133639E-05
   5801.9669011472743       0.243392259       3.43506508E-05
   5804.4241082854360       0.230259225       3.24779176E-05
   5806.8813154235977       0.221296147       3.14753925E-05
   5809.3385225617594       0.232912689       3.28293245E-05
   5811.7957296999211       0.218458623       3.08278832E-05
   5814.2529368380838       0.200692415       2.84838698E-05
   5816.7101439762455       0.204371929       2.89762993E-05
   5819.1673511144072       0.212719753       3.00260963E-05
   5821.6245582525689       0.219539046       3.11268632E-05
   5824.0817653907307       0.225039884       3.16477854E-05
   5826.5389725288924       0.217226878       3.09614334E-05
   5828.9961796670550       0.239090964       3.35898585E-05
   5831.4533868052167       0.221680015       3.15254729E-05
   5833.9105939433784       0.248440340       3.51128110E-05
   5836.3678010815402       0.232508883       3.26231748E-05
   5838.8250082197019       0.200335711       2.85766582E-05
   5841.2822153578636       0.203895718       2.88716219E-05
   5843.7394224960262       0.204944760       2.88357442E-05
   5846.1966296341880       0.174982101       2.47480457E-05
   5848.6538367723497       0.159319207       2.26908960E-05
   5851.1110439105114       0.154437736       2.17143352E-05
   5853.5682510486731       0.141709253       2.02256051E-05
   5856.0254581868348       0.154418275       2.17418292E-05
   5858.4826653249966       0.148767039       2.11005317E-05
   5860.9398724631592       0.155025303       2.18360674E-05
   5863.3970796013209       0.140981615       2.00213799E-05
   5865.8542867394826       0.159547806       2.26647189E-05
   5868.3114938776444       0.157648861       2.19551275E-05
   5870.7687010158061       0.120164812       1.72767359E-05
   5873.2259081539678       0.127676412       1.81164178E-05
   5875.6831152921304       0.140150994       1.98161142E-05
   5878.1403224302921       0.140174270       1.96453329E-05
   5880.5975295684539       0.121536411       1.73932021E-05
   5883.0547367066156       0.134207591       1.88500599E-05
   5885.5119438447773       0.113600366       1.61325315E-05
   5887.9691509829390       0.127371639       1.81824234E-05
   5890.4263581211017       0.134761721       1.87256428E-05
   5892.8835652592634        9.25036892E-02   1.32566884E-05
   5895.3407723974251        9.48867351E-02   1.37858551E-05
   5897.7979795355868       0.135689750       1.89465754E-05
   5900.2551866737485       0.117281854       1.65662459E-05
   5902.7123938119103       0.113353223       1.61873668E-05
   5905.1696009500720       0.131685168       1.86434609E-05
   5907.6268080882346       0.137666404       1.92633615E-05
   5910.0840152263963       0.119349636       1.70733856E-05
   5912.5412223645581       0.135689571       1.91406616E-05
   5914.9984295027198       0.131457165       1.86162870E-05
   5917.4556366408815       0.148549378       2.10731559E-05
   5919.9128437790432       0.148934335       2.08721576E-05
   5922.3700509172058       0.140853345       2.01189923E-05
   5924.8272580553676       0.149750441       2.10138605E-05
   5927.2844651935293       0.144353926       2.06101085E-05
   5929.7416723316910       0.159866691       2.23546431E-05
   5932.1988794698527       0.126306325       1.80169573E-05
   5934.6560866080144       0.144759953       2.07302091E-05
   5937.1132937461771       0.172841251       2.42391106E-05
   5939.5705008843388       0.175076947       2.47835305E-05
   5942.0277080225005       0.162890941       2.28226399E-05
   5944.4849151606622       0.176024899       1.88380072E-05
   5946.9421222988240       0.147983849       2.09717036E-05
   5949.3993294369857       0.160607919       2.26858738E-05
   5951.8565365751474       0.166240156       2.34226609E-05
   5954.3137437133100       0.164071903       2.33497576E-05
   5956.7709508514718       0.183196768       2.57939610E-05
   5959.2281579896335       0.176604092       2.49829754E-05
   5961.6853651277952       0.165725872       2.32686834E-05
   5964.1425722659569       0.136796013       1.96307155E-05
   5966.5997794041186       0.153416336       2.15706768E-05
   5969.0569865422813       0.135797650       1.92982916E-05
   5971.5141936804430       0.156030819       2.21824885E-05
   5973.9714008186047       0.170871511       2.40717145E-05
   5976.4286079567664       0.178548619       2.52090922E-05
   5978.8858150949281       0.165923789       2.34110430E-05
   5981.3430222330899       0.159422442       2.26596712E-05
   5983.8002293712525       0.165592864       2.34313520E-05
   5986.2574365094142       0.183643699       2.60666602E-05
   5988.7146436475759       0.199178740       2.79213527E-05
   5991.1718507857377       0.165897071       2.34932195E-05
   5993.6290579238994       0.169199109       2.43008108E-05
   5996.0862650620611       0.197581455       2.74934064E-05
   5998.5434722002228       0.152321920       2.17810812E-05
   6001.0006793383855       0.167910010       2.39809087E-05
   6003.4578864765472       0.194497421       2.73332626E-05
   6005.9150936147089       0.190468788       2.68932999E-05
   6008.3723007528706       0.193157628       2.74890645E-05
   6010.8295078910323       0.205134824       2.87210351E-05
   6013.2867150291941       0.176346764       2.51454821E-05
   6015.7439221673567       0.180728599       2.54553488E-05
   6018.2011293055184       0.170590773       2.43450595E-05
   6020.6583364436801       0.197324768       2.77253348E-05
   6023.1155435818418       0.176474258       2.50124704E-05
   6025.5727507200036       0.183077514       2.59117714E-05
   6028.0299578581653       0.176348016       2.49664427E-05
   6030.4871649963279       0.191695422       2.71286208E-05
   6032.9443721344896       0.184649214       2.60129818E-05
   6035.4015792726514       0.193425700       2.76414066E-05
   6037.8587864108131       0.226229027       3.17670820E-05
   6040.3159935489748       0.214646712       3.03335219E-05
   6042.7732006871365       0.211880788       3.00809406E-05
   6045.2304078252982       0.225652099       3.19215069E-05
   6047.6876149634609       0.237868264       3.35691620E-05
   6050.1448221016226       0.228688627       3.22886990E-05
   6052.6020292397843       0.232927158       3.31538540E-05
   6055.0592363779460       0.246226966       3.45257286E-05
   6057.5164435161078       0.232385024       3.32313357E-05
   6059.9736506542704       0.275476396       3.87342006E-05
   6062.4308577924321       0.247106165       3.48686990E-05
   6064.8880649305938       0.249247521       3.55963239E-05
   6067.3452720687555       0.274056137       3.84517007E-05
   6069.8024792069173       0.253539026       3.59439218E-05
   6072.2596863450790       0.259985983       3.68941000E-05
   6074.7168934832407       0.272172123       3.83096267E-05
   6077.1741006214033       0.252573341       3.57683784E-05
   6079.6313077595651       0.261358380       3.71647038E-05
   6082.0885148977268       0.281924337       3.96352953E-05
   6084.5457220358885       0.268425822       3.80900856E-05
   6087.0029291740502       0.284984142       4.02976402E-05
   6089.4601363122119       0.277231902       3.90350942E-05
   6091.9173434503737       0.258968771       3.67678658E-05
   6094.3745505885363       0.253863245       3.58140387E-05
   6096.8317577266980       0.245268598       3.48701360E-05
   6099.2889648648597       0.267081708       3.76903699E-05
   6101.7461720030215       0.255264819       3.59985897E-05
   6104.2033791411832       0.255153924       3.63184117E-05
   6106.6605862793458       0.261360228       3.65930609E-05
   6109.1177934175075       0.223184347       3.18489110E-05
   6111.5750005556692       0.229443744       3.23229178E-05
   6114.0322076938310       0.203949660       2.89475247E-05
   6116.4894148319927       0.218928069       3.10506439E-05
   6118.9466219701544       0.209026709       2.93201301E-05
   6121.4038291083161       0.207409173       2.98184987E-05
   6123.8610362464788       0.248936415       3.47293717E-05
   6126.3182433846405       0.205595136       2.92545265E-05
   6128.7754505228022       0.212634683       3.02173630E-05
   6131.2326576609639       0.221825451       3.12649463E-05
   6133.6898647991256       0.211427584       2.97549759E-05
   6136.1470719372874       0.183360577       2.61586738E-05
   6138.6042790754491       0.199987158       2.82833025E-05
   6141.0614862136117       0.200680956       2.83289864E-05
   6143.5186933517734       0.194797590       2.74742415E-05
   6145.9759004899352       0.187743872       2.67806099E-05
   6148.4331076280969       0.204482615       2.85901097E-05
   6150.8903147662586       0.160203800       2.28590434E-05
   6153.3475219044212       0.170110360       2.42224596E-05
   6155.8047290425829       0.183229491       2.58141354E-05
   6158.2619361807447       0.179403961       2.52085429E-05
   6160.7191433189064       0.148205653       2.11640599E-05
   6163.1763504570681       0.174020752       2.48046890E-05
   6165.6335575952298       0.189999327       2.65330636E-05
   6168.0907647333916       0.165205777       2.35302396E-05
   6170.5479718715542       0.173699096       2.46291438E-05
   6173.0051790097159       0.177520633       2.49796685E-05
   6175.4623861478776       0.171641976       2.43749146E-05
   6177.9195932860393       0.169718906       2.38207485E-05
   6180.3768004242011       0.146512270       2.09273712E-05
   6182.8340075623637       0.163876429       2.31719987E-05
   6185.2912147005254       0.156009808       2.18969290E-05
   6187.7484218386871       0.137887865       1.96732053E-05
   6190.2056289768489       0.152050003       2.16199387E-05
   6192.6628361150106       0.179883569       2.53864000E-05
   6195.1200432531723       0.186232194       2.62368358E-05
   6197.5772503913340       0.178948060       2.52999216E-05
   6200.0344575294966       0.167878449       2.37125478E-05
   6202.4916646676584       0.152393311       2.15934251E-05
   6204.9488718058201       0.153138414       2.17869438E-05
   6207.4060789439818       0.166368410       2.34055278E-05
   6209.8632860821435       0.157067671       2.22646722E-05
   6212.3204932203053       0.169817731       2.41038524E-05
   6214.7777003584670       0.173147961       2.42386159E-05
   6217.2349074966296       0.146262616       2.08720430E-05
   6219.6921146347913       0.162969857       2.32116417E-05
   6222.1493217729530       0.188044235       2.64297614E-05
   6224.6065289111148       0.178599268       2.51882666E-05
   6227.0637360492765       0.169176176       2.40866830E-05
   6229.5209431874382       0.189181387       2.67374999E-05
   6231.9781503256008       0.179872051       2.51996225E-05
   6234.4353574637626       0.156239867       2.24188116E-05
   6236.8925646019243       0.178981274       2.51854035E-05
   6239.3497717400860       0.164210424       2.31832673E-05
   6241.8069788782477       0.160240591       2.27707515E-05
   6244.2641860164094       0.165408850       2.34045383E-05
   6246.7213931545721       0.186701268       2.65138515E-05
   6249.1786002927338       0.199456006       2.79144206E-05
   6251.6358074308955       0.168516591       2.39418932E-05
   6254.0930145690572       0.164892942       2.34349573E-05
   6256.5502217072190       0.176413655       2.49812529E-05
   6259.0074288453807       0.192805603       2.72197340E-05
   6261.4646359835424       0.189935252       2.67597406E-05
   6263.9218431217050       0.180070966       2.56056082E-05
   6266.3790502598667       0.204868048       2.90955486E-05
   6268.8362573980285       0.219735801       3.07559312E-05
   6271.2934645361902       0.197539255       2.81971952E-05
   6273.7506716743519       0.221062481       3.11798176E-05
   6276.2078788125136       0.208518326       2.94344554E-05
   6278.6650859506763       0.216103762       3.07835580E-05
   6281.1222930888380       0.236837491       3.33096978E-05
   6283.5795002269997       0.235015616       3.33077696E-05
   6286.0367073651614       0.236053959       3.32385534E-05
   6288.4939145033231       0.221031055       3.14759527E-05
   6290.9511216414849       0.262326032       3.72703907E-05
   6293.4083287796475       0.284619987       3.97953809E-05
   6295.8655359178092       0.243343592       3.46441921E-05
   6298.3227430559709       0.264526665       3.76914795E-05
   6300.7799501941327       0.299154133       4.20039469E-05
   6303.2371573322944       0.283043116       4.00465615E-05
   6305.6943644704561       0.275323033       3.89755187E-05
   6308.1515716086178       0.283504337       4.02917140E-05
   6310.6087787467804       0.321047783       4.53066932E-05
   6313.0659858849422       0.324550450       4.58170434E-05
   6315.5231930231039       0.329616815       4.66813581E-05
   6317.9804001612656       0.332062632       4.68718099E-05
   6320.4376072994273       0.334498584       4.74693661E-05
   6322.8948144375890       0.356344849       5.02394178E-05
   6325.3520215757508       0.332938284       4.69578808E-05
   6327.8092287139134       0.322460830       4.59853254E-05
   6330.2664358520751       0.357067078       5.02947150E-05
   6332.7236429902368       0.361691058       5.13481318E-05
   6335.1808501283986       0.403437227       5.69216281E-05
   6337.6380572665603       0.388042152       5.46872652E-05
   6340.0952644047229       0.380465627       5.41568770E-05
   6342.5524715428846       0.412711620       5.82103057E-05
   6345.0096786810464       0.415107399       5.86914393E-05
   6347.4668858192081       0.415225923       5.86481401E-05
   6349.9240929573698       0.398271084       5.63317517E-05
   6352.3813000955315       0.398490399       5.65220471E-05
   6354.8385072336932       0.413491964       5.82931534E-05
   6357.2957143718559       0.382900089       5.40101864E-05
   6359.7529215100176       0.350547582       4.98865484E-05
   6362.2101286481793       0.375015229       5.31068108E-05
   6364.6673357863410       0.392134607       5.53137288E-05
   6367.1245429245027       0.391801506       5.54285907E-05
   6369.5817500626654       0.387193739       5.46754454E-05
   6372.0389572008271       0.380778521       5.40279289E-05
   6374.4961643389888       0.403440624       5.70002521E-05
   6376.9533714771505       0.401146084       5.65940572E-05
   6379.4105786153123       0.382364899       5.41224726E-05
   6381.8677857534740       0.382604063       5.42848938E-05
   6384.3249928916357       0.405947447       5.73124817E-05
   6386.7822000297983       0.406658232       5.74989281E-05
   6389.2394071679601       0.409742594       5.79171792E-05
   6391.6966143061218       0.404383212       5.72236277E-05
   6394.1538214442835       0.415633172       5.88626281E-05
   6396.6110285824452       0.433334261       6.12522999E-05
   6399.0682357206069       0.443239212       6.25787143E-05
   6401.5254428587687       0.423803777       5.98576589E-05
   6403.9826499969313       0.417325586       5.93171972E-05
   6406.4398571350930       0.447276115       6.30852010E-05
   6408.8970642732547       0.441838413       6.25001267E-05
   6411.3542714114164       0.447798640       6.32822339E-05
   6413.8114785495782       0.423373103       5.97327926E-05
   6416.2686856877408       0.406552643       5.78108957E-05
   6418.7258928259025       0.421089232       5.93222867E-05
   6421.1830999640642       0.405587524       5.75291742E-05
   6423.6403071022260       0.418503404       5.90737654E-05
   6426.0975142403877       0.405241817       5.73748766E-05
   6428.5547213785494       0.417091310       5.90076525E-05
   6431.0119285167111       0.413443297       5.83966685E-05
   6433.4691356548738       0.420012414       5.95634774E-05
   6435.9263427930355       0.437242776       6.17155092E-05
   6438.3835499311972       0.442931354       6.26881592E-05
   6440.8407570693589       0.439565629       6.19595521E-05
   6443.2979642075206       0.420951217       5.98160368E-05
   6445.7551713456824       0.446377724       6.29720089E-05
   6448.2123784838450       0.427588016       6.04579400E-05
   6450.6695856220067       0.438418478       6.22149455E-05
   6453.1267927601684       0.447481006       6.29151837E-05
   6455.5839998983301       0.412326515       5.85879825E-05
   6458.0412070364919       0.445056796       6.31379517E-05
   6460.4984141746536       0.465109348       6.53228926E-05
   6462.9556213128162       0.432247788       6.14970049E-05
   6465.4128284509779       0.482261062       6.83435501E-05
   6467.8700355891397       0.500365853       7.02849429E-05
   6470.3272427273014       0.467391372       6.64070394E-05
   6472.7844498654631       0.484293938       6.83841790E-05
   6475.2416570036248       0.459605813       6.48600908E-05
   6477.6988641417865       0.442022413       6.28107300E-05
   6480.1560712799492       0.461386412       6.51296577E-05
   6482.6132784181109       0.459015697       6.49656649E-05
   6485.0704855562726       0.476729810       6.75017873E-05
   6487.5276926944343       0.493437052       6.96492061E-05
   6489.9848998325961       0.493904084       6.99577213E-05
   6492.4421069707587       0.526552618       7.46170554E-05
   6494.8993141089204       0.562973022       7.93901490E-05
   6497.3565212470821       0.560601830       7.93318904E-05
   6499.8137283852438       0.579719722       8.20382265E-05
   6502.2709355234056       0.588661671       8.31630241E-05
   6504.7281426615673       0.618169785       8.78077699E-05
   6507.1853497997290       0.675920486       9.51179027E-05
   6509.6425569378916       0.647538722       9.17098223E-05
   6512.0997640760534       0.682830870       9.69029570E-05
   6514.5569712142151       0.740185618       1.04481645E-04
   6517.0141783523768       0.770175099       1.08961656E-04
   6519.4713854905385       0.806150079       1.14042203E-04
   6521.9285926287002       0.851543546       1.20488025E-04
   6524.3857997668620       0.894261420       1.26285362E-04
   6526.8430069050246       0.887685061       1.25356572E-04
   6529.3002140431863       0.885690451       1.25723280E-04
   6531.7574211813480       0.966482699       1.36721952E-04
   6534.2146283195098        1.01881659       1.43822195E-04
   6536.6718354576715        1.02691829       1.45101440E-04
   6539.1290425958341        1.00392914       1.41816505E-04
   6541.5862497339958       0.949536979       1.34242538E-04
   6544.0434568721575       0.903878868       1.28000058E-04
   6546.5006640103193       0.858053088       1.21048986E-04
   6548.9578711484810       0.798024952       1.13484311E-04
   6551.4150782866427       0.848407030       1.19971541E-04
   6553.8722854248044       0.883230627       1.25166698E-04
   6556.3294925629671       0.997516334       1.41269964E-04
   6558.7866997011288        1.05625355       1.48542487E-04
   6561.2439068392905       0.970240772       1.36943258E-04
   6563.7011139774522       0.831683695       1.17700976E-04
   6566.1583211156139       0.726810515       1.03371924E-04
   6568.6155282537766       0.720059276       1.01994279E-04
   6571.0727353919374       0.721100450       1.01834019E-04
   6573.5299425301000       0.697224081       9.85294828E-05
   6575.9871496682617       0.661341131       9.36013384E-05
   6578.4443568064235       0.659516871       9.35830176E-05
   6580.9015639445852       0.706778109       9.99173208E-05
   6583.3587710827469       0.724409044       1.02268910E-04
   6585.8159782209095       0.734122276       1.04004903E-04
   6588.2731853590703       0.744429886       1.04825980E-04
   6590.7303924972330       0.681346774       9.65860163E-05
   6593.1875996353947       0.700058758       9.94252187E-05
   6595.6448067735564       0.742459953       1.04551298E-04
   6598.1020139117181       0.707060277       9.99749464E-05
   6600.5592210498799       0.687987685       9.74834184E-05
   6603.0164281880425       0.693362951       9.80604382E-05
   6605.4736353262042       0.710943282       1.00689234E-04
   6607.9308424643659       0.738413572       1.04232531E-04
   6610.3880496025276       0.733327389       1.03761260E-04
   6612.8452567406894       0.739009500       1.04421764E-04
   6615.3024638788520       0.718380928       1.01536600E-04
   6617.7596710170128       0.695583463       9.83725549E-05
   6620.2168781551754       0.665527642       9.40769532E-05
   6622.6740852933372       0.627902210       8.88026116E-05
   6625.1312924314989       0.608324647       8.63666937E-05
   6627.5884995696606       0.652763724       9.23863554E-05
   6630.0457067078223       0.685354590       9.67388842E-05
   6632.5029138459849       0.677097380       9.55045834E-05
   6634.9601209841458       0.621544361       8.79411091E-05
   6637.4173281223084       0.604251385       8.58466738E-05
   6639.8745352604701       0.643388629       9.09727532E-05
   6642.3317423986318       0.673271179       9.51528418E-05
   6644.7889495367936       0.670748889       9.44864296E-05
   6647.2461566749553       0.599936604       8.48595810E-05
   6649.7033638131179       0.555393279       7.88603720E-05
   6652.1605709512796       0.557879686       7.89662154E-05
   6654.6177780894413       0.574387491       8.12246071E-05
   6657.0749852276031       0.569915652       8.03859293E-05
   6659.5321923657648       0.556315362       7.91005732E-05
   6661.9893995039274       0.631178439       8.93752294E-05
   6664.4466066420882       0.659903169       9.27706351E-05
   6666.9038137802509       0.635475039       9.02971442E-05
   6669.3610209184126       0.673322618       9.50056638E-05
   6671.8182280565743       0.657155931       9.29465314E-05
   6674.2754351947360       0.667212963       9.43941413E-05
   6676.7326423328977       0.635522723       8.94239056E-05
   6679.1898494710604       0.554772794       7.88056641E-05
   6681.6470566092212       0.540399373       7.66291269E-05
   6684.1042637473838       0.551650822       7.80165064E-05
   6686.5614708855455       0.568343818       8.04154042E-05
   6689.0186780237073       0.577164292       8.14405430E-05
   6691.4758851618690       0.561911583       7.95927335E-05
   6693.9330923000307       0.581163704       8.23133523E-05
   6696.3902994381933       0.606185079       8.55951585E-05
   6698.8475065763550       0.608428180       8.60704677E-05
   6701.3047137145168       0.634194434       8.99250736E-05
   6703.7619208526785       0.681170464       9.60709367E-05
   6706.2191279908402       0.661705732       9.33782721E-05
   6708.6763351290019       0.627111375       8.88141876E-05
   6711.1335422671636       0.604891777       8.54908649E-05
   6713.5907494053263       0.576623023       8.15956009E-05
   6716.0479565434880       0.556008458       7.86468227E-05
   6718.5051636816497       0.543952286       7.70543338E-05
   6720.9623708198114       0.555655479       7.85706288E-05
   6723.4195779579732       0.553907692       7.83022624E-05
   6725.8767850961358       0.575205743       8.16496977E-05
   6728.3339922342975       0.619454145       8.72731835E-05
   6730.7911993724592       0.607042372       8.59467327E-05
   6733.2484065106210       0.624367237       8.83012399E-05
   6735.7056136487827       0.623327315       8.81011511E-05
   6738.1628207869444       0.637266219       9.02671673E-05
   6740.6200279251061       0.645325243       9.09565497E-05
   6743.0772350632687       0.614490032       8.70557051E-05
   6745.5344422014305       0.617091656       8.73380341E-05
   6747.9916493395922       0.622897923       8.80421358E-05
   6750.4488564777539       0.618538201       8.74340112E-05
   6752.9060636159156       0.621031165       8.80698790E-05
   6755.3632707540773       0.668446302       9.45092397E-05
   6757.8204778922391       0.679903805       9.59036843E-05
   6760.2776850304017       0.678561926       9.62696649E-05
   6762.7348921685634       0.722869217       1.02135833E-04
   6765.1920993067251       0.730529726       1.03133170E-04
   6767.6493064448869       0.717483819       1.01525693E-04
   6770.1065135830486       0.723555386       1.02498569E-04
   6772.5637207212112       0.760367036       1.07531057E-04
   6775.0209278593729       0.774146140       1.09207598E-04
   6777.4781349975347       0.734831214       1.03782106E-04
   6779.9353421356964       0.679363489       9.61863552E-05
   6782.3925492738581       0.645006955       9.13010226E-05
   6784.8497564120198       0.626592219       8.87366405E-05
   6787.3069635501815       0.638533652       9.04085828E-05
   6789.7641706883442       0.655470848       9.26080465E-05
   6792.2213778265059       0.669945002       9.49007444E-05
   6794.6785849646676       0.702137172       9.91708584E-05
   6797.1357921028293       0.709179401       1.00322155E-04
   6799.5929992409910       0.726502061       1.02702557E-04
   6802.0502063791528       0.725961626       1.02663500E-04
   6804.5074135173145       0.748686790       1.06054249E-04
   6806.9646206554771       0.765361249       1.07867199E-04
   6809.4218277936388       0.736777127       1.04408544E-04
   6811.8790349318006       0.740006149       1.04500854E-04
   6814.3362420699623       0.714104712       1.01157093E-04
   6816.7934492081240       0.745479763       1.05606807E-04
   6819.2506563462866       0.762206197       1.07426320E-04
   6821.7078634844484       0.747978151       1.06103274E-04
   6824.1650706226101       0.786119461       1.11133966E-04
   6826.6222777607718       0.805490077       1.13879651E-04
   6829.0794848989335       0.824637830       1.16586147E-04
   6831.5366920370961       0.826486647       1.16822877E-04
   6833.9938991752570       0.828293979       1.17134063E-04
   6836.4511063134196       0.804256082       1.13509021E-04
   6838.9083134515813       0.776934683       1.10351328E-04
   6841.3655205897430       0.828931808       1.17171468E-04
   6843.8227277279047       0.839857459       1.18538446E-04
   6846.2799348660665       0.819241822       1.15786512E-04
   6848.7371420042291       0.780241072       1.10392131E-04
   6851.1943491423908       0.775319338       1.09893146E-04
   6853.6515562805525       0.787385345       1.11169480E-04
   6856.1087634187143       0.798016846       1.13278846E-04
   6858.5659705568760       0.870932519       1.22933765E-04
   6861.0231776950377       0.854317546       1.20373908E-04
   6863.4803848331994       0.785301387       1.11146575E-04
   6865.9375919713621       0.720251203       1.01910169E-04
   6868.3947991095238       0.692713857       9.84391663E-05
   6870.8520062476855       0.746522069       1.05638144E-04
   6873.3092133858472       0.790380716       1.11710746E-04
   6875.7664205240089       0.838419318       1.18673372E-04
   6878.2236276621707       0.864927590       1.21838668E-04
   6880.6808348003324       0.817914307       1.15842224E-04
   6883.1380419384950       0.829663813       1.17615113E-04
   6885.5952490766567       0.860694349       1.21450423E-04
   6888.0524562148184       0.837851882       1.18399956E-04
   6890.5096633529802       0.825327516       1.17028823E-04
   6892.9668704911419       0.853915870       1.20552540E-04
   6895.4240776293036       0.823795736       1.16380630E-04
   6897.8812847674662       0.818423450       1.16210205E-04
   6900.3384919056280       0.870704472       1.22979443E-04
   6902.7956990437897       0.904919147       1.28201718E-04
   6905.2529061819514       0.969893217       1.36940507E-04
   6907.7101133201131       0.966961265       1.36517527E-04
   6910.1673204582748       0.937331498       1.32526839E-04
   6912.6245275964375       0.898555219       1.27132414E-04
   6915.0817347345992       0.877042949       1.24105514E-04
   6917.5389418727609       0.878286004       1.24451879E-04
   6919.9961490109226       0.919412315       1.30005574E-04
   6922.4533561490844       0.962743938       1.36363436E-04
   6924.9105632872470        1.02873862       1.45221871E-04
   6927.3677704254078        1.03844309       1.46955717E-04
   6929.8249775635704        1.09633505       1.55238842E-04
   6932.2821847017321        1.15009928       1.62423283E-04
   6934.7393918398939        1.17480361       1.66105165E-04
   6937.1965989780556        1.17705715       1.66397978E-04
   6939.6538061162173        1.21890247       1.73036460E-04
   6942.1110132543799        1.35153842       1.90902560E-04
   6944.5682203925408        1.39212894       1.96480745E-04
   6947.0254275307034        1.38611889       1.96019202E-04
   6949.4826346688651        1.35600984       1.91551007E-04
   6951.9398418070268        1.30834246       1.85217184E-04
   6954.3970489451885        1.28667843       1.81942232E-04
   6956.8542560833503        1.28347647       1.81964831E-04
   6959.3114632215129        1.37762141       1.94993409E-04
   6961.7686703596746        1.43617976       2.02550247E-04
   6964.2258774978363        1.42896104       2.02292431E-04
   6966.6830846359981        1.42948520       2.01762101E-04
   6969.1402917741598        1.39251184       1.97538204E-04
   6971.5974989123215        1.48870897       2.10738261E-04
   6974.0547060504832        1.56037545       2.20307658E-04
   6976.5119131886458        1.57984376       2.23281022E-04
   6978.9691203268076        1.55557549       2.19855428E-04
   6981.4263274649693        1.53622675       2.17498440E-04
   6983.8835346031310        1.54558671       2.18479909E-04
   6986.3407417412927        1.53426087       2.16929417E-04
   6988.7979488794554        1.52347302       2.15589374E-04
   6991.2551560176171        1.54586017       2.18710236E-04
   6993.7123631557788        1.56176901       2.20652466E-04
   6996.1695702939405        1.56450164       2.21605311E-04
   6998.6267774321022        1.62609875       2.29773621E-04
   7001.0839845702640        1.60445404       2.26549251E-04
   7003.5411917084257        1.60458195       2.27858836E-04
   7005.9983988465883        1.73599172       2.45151401E-04
   7008.4556059847500        1.75403130       2.47746822E-04
   7010.9128131229118        1.76842713       2.50372570E-04
   7013.3700202610735        1.78795433       2.52490514E-04
   7015.8272273992352        1.78061807       2.52295606E-04
   7018.2844345373978        1.86085868       2.63126189E-04
   7020.7416416755586        1.89056528       2.67144904E-04
   7023.1988488137213        1.95539141       2.77381128E-04
   7025.6560559518830        2.12991166       3.00871121E-04
   7028.1132630900447        2.20309043       3.11409007E-04
   7030.5704702282064        2.29657006       3.25151603E-04
   7033.0276773663682        2.40684271       3.39948572E-04
   7035.4848845045308        2.43158317       3.43744963E-04
   7037.9420916426916        2.45784950       3.47859139E-04
   7040.3992987808542        2.53323221       3.58318852E-04
   7042.8565059190159        2.58890915       3.65738029E-04
   7045.3137130571777        2.55333376       3.60569451E-04
   7047.7709201953394        2.37715936       3.35285411E-04
   7050.2281273335011        2.00233817       2.82736990E-04
   7052.6853344716637        1.48448884       2.10547572E-04
   7055.1425416098255        1.03591299       1.48965381E-04
   7057.5997487479872       0.930986822       1.32581277E-04
   7060.0569558861489       0.927983582       1.31144843E-04
   7062.5141630243106       0.921834886       1.30461936E-04
   7064.9713701624732       0.953687489       1.35285096E-04
   7067.4285773006350        1.04229581       1.47182072E-04
   7069.8857844387967        1.06801724       1.50960463E-04
   7072.3429915769584        1.09322381       1.54546724E-04
   7074.8001987151201        1.10077310       1.55779984E-04
   7077.2574058532819        1.14774346       1.62450378E-04
   7079.7146129914436        1.19336164       1.68572995E-04
   7082.1718201296062        1.17514288       1.65544770E-04
   7084.6290272677679        1.02106428       1.44275793E-04
   7087.0862344059296       0.895155251       1.27396881E-04
   7089.5434415440914       0.884541035       1.25052466E-04
   7092.0006486822531       0.845881581       1.19542456E-04
   7094.4578558204148       0.830356061       1.17883254E-04
   7096.9150629585765       0.883942902       1.24916478E-04
   7099.3722700967392       0.893432558       1.26190047E-04
   7101.8294772349009       0.923381984       1.31109540E-04
   7104.2866843730626        1.01050556       1.42542922E-04
   7106.7438915112243        1.01983643       1.44225240E-04
   7109.2010986493860        1.04971516       1.48527703E-04
   7111.6583057875478        1.07956123       1.52664317E-04
   7114.1155129257095        1.10684562       1.56442838E-04
   7116.5727200638721        1.12336147       1.58972442E-04
   7119.0299272020338        1.13177133       1.59519725E-04
   7121.4871343401956        1.02835667       1.45337137E-04
   7123.9443414783573       0.931273818       1.31863460E-04
   7126.4015486165190       0.846290171       1.19932680E-04
   7128.8587557546816       0.848161936       1.20437355E-04
   7131.3159628928424       0.876071215       1.23345613E-04
   7133.7731700310051       0.837587535       1.18851429E-04
   7136.2303771691668       0.877521098       1.24081882E-04
   7138.6875843073285       0.882920563       1.24734259E-04
   7141.1447914454911       0.895680606       1.26868516E-04
   7143.6019985836519       0.928885341       1.31309920E-04
   7146.0592057218146       0.951622069       1.34543778E-04
   7148.5164128599763       0.973506033       1.37787982E-04
   7150.9736199981380        1.00748777       1.42291028E-04
   7153.4308271362997       0.995377898       1.40790144E-04
   7155.8880342744615        1.03323567       1.46493447E-04
   7158.3452414126241        1.05738044       1.48610838E-04
   7160.8024485507858       0.943587542       1.33845679E-04
   7163.2596556889475       0.934854686       1.32544956E-04
   7165.7168628271093       0.945884287       1.33621696E-04
   7168.1740699652710       0.951146126       1.34595277E-04
   7170.6312771034327       0.964948773       1.36569113E-04
   7173.0884842415944        1.02047086       1.44547710E-04
   7175.5456913797570        1.07884777       1.52196502E-04
   7178.0028985179188        1.06884360       1.51172877E-04
   7180.4601056560805        1.09748423       1.55567992E-04
   7182.9173127942422        1.15719497       1.63387478E-04
   7185.3745199324039        1.18119061       1.67216800E-04
   7187.8317270705656        1.22438800       1.72903878E-04
   7190.2889342087274        1.20919526       1.70903979E-04
   7192.7461413468900        1.17747283       1.66329366E-04
   7195.2033484850517        1.11178529       1.57419403E-04
   7197.6605556232134        1.10696411       1.56774360E-04
   7200.1177627613752        1.11031723       1.56862530E-04
   7202.5749698995369        1.11590850       1.58137045E-04
   7205.0321770376986        1.17367530       1.65999125E-04
   7207.4893841758603        1.22139907       1.72670072E-04
   7209.9465913140230        1.26478374       1.78954142E-04
   7212.4037984521847        1.32195032       1.86960751E-04
   7214.8610055903464        1.36498332       1.92847903E-04
   7217.3182127285090        1.37080157       1.93826476E-04
   7219.7754198666698        1.39060867       1.96902707E-04
   7222.2326270048325        1.45023835       2.05124627E-04
   7224.6898341429942        1.49802685       2.11654085E-04
   7227.1470412811559        1.49592805       2.11324950E-04
   7229.6042484193176        1.46253729       2.06866564E-04
   7232.0614555574793        1.43776381       2.03475807E-04
   7234.5186626956420        1.48112524       2.10095794E-04
   7236.9758698338028        1.60032761       2.25905213E-04
   7239.4330769719654        1.61737466       2.28740624E-04
   7241.8902841101271        1.70962667       2.42382695E-04
   7244.3474912482889        1.81848407       2.56452389E-04
   7246.8046983864506        1.85343659       2.62773887E-04
   7249.2619055246123        1.97969520       2.79490050E-04
   7251.7191126627749        1.98544633       2.80823559E-04
   7254.1763198009367        2.07350111       2.93746794E-04
   7256.6335269390984        2.16737962       3.05934518E-04
   7259.0907340772601        2.20580363       3.12402408E-04
   7261.5479412154218        2.30819917       3.26183683E-04
   7264.0051483535835        2.32831597       3.28966387E-04
   7266.4623554917453        2.33433175       3.30344861E-04
   7268.9195626299079        2.32065773       3.27413029E-04
   7271.3767697680696        2.17763901       3.08101880E-04
   7273.8339769062313        2.10985613       2.99156905E-04
   7276.2911840443930        2.22204685       3.15173849E-04
   7278.7483911825548        2.44848299       3.45959183E-04
   7281.2055983207165        2.58680344       3.65731568E-04
   7283.6628054588782        2.67134452       3.76957934E-04
   7286.1200125970408        2.59711909       3.67420289E-04
   7288.5772197352026        2.63711619       3.73878429E-04
   7291.0344268733643        2.82356858       3.99640267E-04
   7293.4916340115260        3.03077459       4.28307772E-04
   7295.9488411496877        3.15438652       4.45842015E-04
   7298.4060482878504        3.20116520       4.52236680E-04
   7300.8632554260121        3.24342990       4.59864095E-04
   7303.3204625641738        3.47568583       4.91296931E-04
   7305.7776697023355        3.61118245       5.10577462E-04
   7308.2348768404972        3.70728469       5.23527036E-04
   7310.6920839786590        3.67534590       5.20446862E-04
   7313.1492911168207        3.85965061       5.46544674E-04
   7315.6064982549833        4.03323174       5.69584256E-04
   7318.0637053931450        4.14025068       5.86128212E-04
   7320.5209125313067        4.30219412       6.07761147E-04
   7322.9781196694685        4.29212999       6.06395712E-04
   7325.4353268076302        4.24732780       6.01359003E-04
   7327.8925339457928        4.32298660       6.11401862E-04
   7330.3497410839536        4.39488316       6.21916319E-04
   7332.8069482221163        4.62732935       6.55406388E-04
   7335.2641553602780        4.87015343       6.87025604E-04
   7337.7213624984397        4.83570814       6.84148283E-04
   7340.1785696366014        4.83598948       6.83010032E-04
   7342.6357767747631        4.63858557       6.56179211E-04
   7345.0929839129258        4.60508060       6.52447401E-04
   7347.5501910510866        4.71518421       6.66717300E-04
   7350.0073981892492        4.79255009       6.77301432E-04
   7352.4646053274109        4.75355530       6.72043418E-04
   7354.9218124655727        4.75870466       6.73838891E-04
   7357.3790196037344        4.90805435       6.94355578E-04
   7359.8362267418961        5.09074402       7.20075914E-04
   7362.2934338800587        5.29239702       7.48400635E-04
   7364.7506410182204        5.42219019       7.66090991E-04
   7367.2078481563822        5.43849230       7.69199571E-04
   7369.6650552945439        5.46051836       7.71690451E-04
   7372.1222624327056        5.31324673       7.50809791E-04
   7374.5794695708682        5.21148729       7.38673494E-04
   7377.0366767090300        5.32489967       7.52345950E-04
   7379.4938838471917        5.32819796       7.54148990E-04
   7381.9510909853534        5.46517944       7.72692380E-04
   7384.4082981235151        5.50689554       7.78641552E-04
   7386.8655052616768        5.54617119       7.83877273E-04
   7389.3227123998386        5.42671394       7.66955549E-04
   7391.7799195380012        5.31616735       7.52567372E-04
   7394.2371266761629        5.30435610       7.50094012E-04
   7396.6943338143246        5.27862549       7.46441714E-04
   7399.1515409524864        5.25871325       7.43914570E-04
   7401.6087480906481        5.25000477       7.42101693E-04
   7404.0659552288098        5.20994043       7.37326685E-04
   7406.5231623669715        5.26832104       7.45088561E-04
   7408.9803695051341        5.34240723       7.55857851E-04
   7411.4375766432959        5.40575361       7.63271411E-04
   7413.8947837814576        5.24290323       7.41526426E-04
   7416.3519909196193        5.14590311       7.27979408E-04
   7418.8091980577810        5.10974312       7.23659876E-04
   7421.2664051959437        5.30729103       7.50923995E-04
   7423.7236123341045        5.43805552       7.67855556E-04
   7426.1808194722671        5.34601116       7.55703659E-04
   7428.6380266104288        5.32916212       7.55109650E-04
   7431.0952337485905        5.38960981       7.59840943E-04
   7433.5524408867523        5.09371328       7.21636286E-04
   7436.0096480249140        5.09253550       7.20276905E-04
   7438.4668551630766        5.02545881       7.11001456E-04
   7440.9240623012374        5.07994747       7.18194875E-04
   7443.3812694394001        4.99616528       7.06446299E-04
   7445.8384765775618        5.04026604       7.13723537E-04
   7448.2956837157235        5.11389351       7.22471566E-04
   7450.7528908538861        5.15129948       7.29144725E-04
   7453.2100979920478        5.20464754       7.34970672E-04
   7455.6673051302096        5.11560965       7.24198064E-04
   7458.1245122683713        5.21308994       7.37600087E-04
   7460.5817194065330        5.27207422       7.44939258E-04
   7463.0389265446947        5.30237532       7.50451873E-04
   7465.4961336828565        5.34134007       7.54372508E-04
   7467.9533408210191        5.27384043       7.46726641E-04
   7470.4105479591808        5.34217310       7.54979497E-04
   7472.8677550973425        5.30883074       7.51178246E-04
   7475.3249622355042        5.39372015       7.63004879E-04
   7477.7821693736660        5.49633598       7.77583278E-04
   7480.2393765118277        5.62533569       7.94922817E-04
   7482.6965836499894        5.65609789       8.00461974E-04
   7485.1537907881520        5.77616930       8.15935491E-04
   7487.6109979263138        5.63752747       7.96984124E-04
   7490.0682050644755        5.63785887       7.98738329E-04
   7492.5254122026372        5.71453953       8.06836935E-04
   7494.9826193407989        5.70067120       8.07884033E-04
   7497.4398264789606        5.93871307       8.39072047E-04
   7499.8970336171224        5.94459534       8.40157154E-04
   7502.3542407552850        5.93016100       8.38857261E-04
   7504.8114478934467        5.95209932       8.42324866E-04
   7507.2686550316084        6.08559084       8.60406726E-04
   7509.7258621697702        6.10453129       8.62668094E-04
   7512.1830693079319        6.01146793       8.49751756E-04
   7514.6402764460936        5.91780663       8.38026113E-04
   7517.0974835842553        5.99066830       8.46503768E-04
   7519.5546907224179        5.89546061       8.33849306E-04
   7522.0118978605797        5.91212511       8.36620398E-04
   7524.4691049987414        5.96471930       8.43706250E-04
   7526.9263121369040        6.12962198       8.67461145E-04
   7529.3835192750648        6.27872801       8.86957394E-04
   7531.8407264132275        6.33235693       8.96382844E-04
   7534.2979335513892        6.53209400       9.23746731E-04
   7536.7551406895509        6.69450092       9.46734159E-04
   7539.2123478277126        6.83584404       9.65972489E-04
   7541.6695549658743        6.75472164       9.54469957E-04
   7544.1267621040370        6.66384220       9.43429419E-04
   7546.5839692421978        6.64853239       9.39285848E-04
   7549.0411763803604        6.55895805       9.28900496E-04
   7551.4983835185221        6.68131638       9.44396947E-04
   7553.9555906566839        6.70023918       9.48060071E-04
   7556.4127977948456        6.83896685       9.66706895E-04
   7558.8700049330073        6.76944828       9.56484408E-04
   7561.3272120711699        6.65939522       9.42313811E-04
   7563.7844192093316        6.58849049       9.31692310E-04
   7566.2416263474934        6.59378386       9.33395233E-04
   7568.6988334856551        6.69395590       9.46174318E-04
   7571.1560406238168        6.73024559       9.52199684E-04
   7573.6132477619785        6.84270144       9.67584259E-04
   7576.0704549001402        6.89787245       9.75347008E-04
   7578.5276620383029        6.95241976       9.83209931E-04
   7580.9848691764637        6.91728640       9.76716867E-04
   7583.4420763146263        6.43527889       9.07095440E-04
   7585.8992834527880        5.39198828       7.62928976E-04
   7588.3564905909498        4.43440247       6.29829708E-04
   7590.8136977291124        3.81173420       5.40292182E-04
   7593.2709048672732        3.31454873       4.69227904E-04
   7595.7281120054358        2.86907959       4.06511914E-04
   7598.1853191435976        2.51995134       3.56941222E-04
   7600.6425262817593        2.27853179       3.23180604E-04
   7603.0997334199219        2.20875168       3.13139957E-04
   7605.5569405580827        2.40226912       3.42203886E-04
   7608.0141476962453        3.01980138       4.27994324E-04
   7610.4713548344071        3.57828522       5.05812932E-04
   7612.9285619725688        4.08174276       5.77521801E-04
   7615.3857691107305        4.43722057       6.25667919E-04
   7617.8429762488922        4.38248444       6.17986545E-04
   7620.3001833870549        3.90486026       5.50395285E-04
   7622.7573905252157        3.15175986       4.47523053E-04
   7625.2145976633783        2.67161798       3.79335164E-04
   7627.6718048015400        2.40890455       3.41828621E-04
   7630.1290119397017        2.33958530       3.30969429E-04
   7632.5862190778635        2.27632689       3.22420878E-04
   7635.0434262160252        2.34274101       3.31389165E-04
   7637.5006333541878        2.32440138       3.28029826E-04
   7639.9578404923486        2.27698469       3.22812848E-04
   7642.4150476305113        2.33431554       3.29698669E-04
   7644.8722547686730        2.25986314       3.18994571E-04
   7647.3294619068347        2.14632297       3.04170360E-04
   7649.7866690449964        2.10564995       2.97273946E-04
   7652.2438761831581        1.94573843       2.74918450E-04
   7654.7010833213208        1.74591291       2.46879266E-04
   7657.1582904594816        1.52365565       2.15710446E-04
   7659.6154975976442        1.32184470       1.87070604E-04
   7662.0727047358059        1.16643929       1.66060810E-04
   7664.5299118739676        1.25307167       1.78023038E-04
   7666.9871190121294        1.40844834       1.99002563E-04
   7669.4443261502911        1.56482339       2.21810638E-04
   7671.9015332884537        1.74731803       2.46577867E-04
   7674.3587404266145        1.81773162       2.57087406E-04
   7676.8159475647772        1.91832328       2.71462137E-04
   7679.2731547029389        2.02106380       2.85731949E-04
   7681.7303618411006        2.09222126       2.95486883E-04
   7684.1875689792632        2.05585122       2.90342112E-04
   7686.6447761174240        1.98665583       2.81128363E-04
   7689.1019832555867        1.89417672       2.67145253E-04
   7691.5591903937484        1.66515088       2.35623520E-04
   7694.0163975319101        1.50630736       2.13818668E-04
   7696.4736046700727        1.45319557       2.05609744E-04
   7698.9308118082336        1.47910321       2.10320912E-04
   7701.3880189463962        1.73401666       2.45849747E-04
   7703.8452260845579        1.98487520       2.80188164E-04
   7706.3024332227196        2.14063859       3.02858709E-04
   7708.7596403608813        2.30419803       3.25725472E-04
   7711.2168474990431        2.40403414       3.39675724E-04
   7713.6740546372057        2.47797680       3.50811344E-04
   7716.1312617753665        2.63157558       3.72470968E-04
   7718.5884689135291        2.80901003       3.97130236E-04
   7721.0456760516909        2.94375634       4.16180032E-04
   7723.5028831898526        3.06689548       4.34029032E-04
   7725.9600903280143        3.26027775       4.61320276E-04
   7728.4172974661760        3.42228746       4.83316515E-04
   7730.8745046043387        3.49200892       4.94146836E-04
   7733.3317117424995        3.59727669       5.08306955E-04
   7735.7889188806621        3.59848380       5.08766505E-04
   7738.2461260188238        3.60029697       5.08936588E-04
   7740.7033331569855        3.47179270       4.89950064E-04
   7743.1605402951473        3.20641923       4.53835382E-04
   7745.6177474333090        3.01571560       4.26978542E-04
   7748.0749545714716        2.95284939       4.18420474E-04
   7750.5321617096324        2.99162745       4.22647514E-04
   7752.9893688477950        2.96805453       4.20234835E-04
   7755.4465759859568        3.06627059       4.33747715E-04
   7757.9037831241185        3.11028123       4.39486990E-04
   7760.3609902622811        3.18170881       4.50955326E-04
   7762.8181974004419        3.39808583       4.80380986E-04
   7765.2754045386046        3.50727320       4.95385670E-04
   7767.7326116767663        3.56431985       5.04541269E-04
   7770.1898188149280        3.65725565       5.16644039E-04
   7772.6470259530906        3.66275692       5.18245273E-04
   7775.1042330912514        3.69685078       5.22243499E-04
   7777.5614402294141        3.59667039       5.08456607E-04
   7780.0186473675749        3.49976635       4.94992419E-04
   7782.4758545057375        3.40293765       4.81693540E-04
   7784.9330616438992        3.47299218       4.92125982E-04
   7787.3902687820610        3.62459421       5.11881604E-04
   7789.8474759202236        3.64262843       5.14903571E-04
   7792.3046830583844        3.59862947       5.08507830E-04
   7794.7618901965470        3.52018952       4.98378184E-04
   7797.2190973347087        3.55331445       5.02886251E-04
   7799.6763044728705        3.73927975       5.30636113E-04
   7802.1335116110322        4.23748922       5.99422317E-04
   7804.5907187491939        4.56871986       6.45068474E-04
   7807.0479258873565        4.78209066       6.76607713E-04
   7809.5051330255174        4.94982719       6.98885706E-04
   7811.9623401636800        4.93073082       6.97419513E-04
   7814.4195473018417        4.96346998       7.01838639E-04
   7816.8767544400034        4.85488558       6.85161096E-04
   7819.3339615781651        4.57406044       6.47745677E-04
   7821.7911687163269        4.46854591       6.32112962E-04
   7824.2483758544895        4.31147146       6.09145849E-04
   7826.7055829926503        4.11213589       5.82289707E-04
   7829.1627901308129        4.09246397       5.79704356E-04
   7831.6199972689747        4.22406769       5.97475504E-04
   7834.0772044071364        4.35540295       6.16008881E-04
   7836.5344115452981        4.50929403       6.37863646E-04
   7838.9916186834598        4.67013741       6.60311372E-04
   7841.4488258216224        4.76395893       6.73187198E-04
   7843.9060329597842        4.78125811       6.76348398E-04
   7846.3632400979459        4.82437372       6.82078185E-04
   7848.8204472361076        4.84093523       6.84917439E-04
   7851.2776543742693        4.92432117       6.96410250E-04
   7853.7348615124320        4.98218250       7.04448903E-04
   7856.1920686505928        5.00047398       7.06756837E-04
   7858.6492757887554        4.94723511       6.99596363E-04
   7861.1064829269171        4.84028196       6.83715974E-04
   7863.5636900650788        4.63360500       6.55970594E-04
   7866.0208972032406        4.54578209       6.42757863E-04
   7868.4781043414023        4.48458433       6.35533477E-04
   7870.9353114795649        4.69892406       6.64849707E-04
   7873.3925186177257        4.88800001       6.91190886E-04
   7875.8497257558884        5.09589481       7.20679411E-04
   7878.3069328940501        5.28121710       7.47230602E-04
   7880.7641400322118        5.53809166       7.82860909E-04
   7883.2213471703744        5.61419487       7.92998064E-04
   7885.6785543085352        5.61943388       7.95507978E-04
   7888.1357614466979        5.74411535       8.12055136E-04
   7890.5929685848587        5.70541096       8.05315562E-04
   7893.0501757230213        5.41220713       7.65414443E-04
   7895.5073828611830        5.17946815       7.33370311E-04
   7897.9645899993448        5.14841843       7.28972140E-04
   7900.4217971375074        5.16588593       7.29277788E-04
   7902.8790042756682        4.98147488       7.04999780E-04
   7905.3362114138308        4.91300917       6.94397313E-04
   7907.7934185519925        4.66519213       6.59267418E-04
   7910.2506256901543        4.52643490       6.42331317E-04
   7912.7078328283160        4.70729542       6.65295171E-04
   7915.1650399664777        4.73231649       6.68726396E-04
   7917.6222471046403        4.78677702       6.78143639E-04
   7920.0794542428021        4.97766256       7.03216880E-04
   7922.5366613809638        5.02328396       7.10522116E-04
   7924.9938685191255        5.15777159       7.30143278E-04
   7927.4510756572872        5.41859388       7.66644080E-04
   7929.9082827954498        5.63586044       7.95866246E-04
   7932.3654899336107        5.66302395       8.00856214E-04
   7934.8226970717733        5.57579184       7.86356104E-04
   7937.2799042099350        5.11440420       7.24046025E-04
   7939.7371113480967        4.92458725       6.97705254E-04
   7942.1943184862585        4.82448387       6.81878533E-04
   7944.6515256244202        4.78876591       6.78763899E-04
   7947.1087327625828        5.03162384       7.12498906E-04
   7949.5659399007436        5.45580482       7.72211002E-04
   7952.0231470389062        5.81570005       8.20793153E-04
   7954.4803541770680        5.88639832       8.32203194E-04
   7956.9375613152297        5.80869341       8.19696637E-04
   7959.3947684533914        5.56285286       7.89158628E-04
   7961.8519755915531        5.84864616       8.28199438E-04
   7964.3091827297158        6.19683409       8.76215578E-04
   7966.7663898678766        6.41981411       9.05800262E-04
   7969.2235970060392        6.24942112       8.84148874E-04
   7971.6808041442009        6.23488951       8.81470914E-04
   7974.1380112823626        5.98293304       8.44885362E-04
   7976.5952184205253        5.69343519       8.06677446E-04
   7979.0524255586861        5.63848305       7.97690591E-04
   7981.5096326968487        5.58909512       7.89932557E-04
   7983.9668398350095        5.51021290       7.80066068E-04
   7986.4240469731722        5.56156492       7.86496268E-04
   7988.8812541113339        5.68559933       8.05382791E-04
   7991.3384612494956        5.92287397       8.36011139E-04
   7993.7956683876582        5.93641186       8.41096218E-04
   7996.2528755258199        6.27881098       8.87876027E-04
   7998.7100826639817        6.48798943       9.17506288E-04
   8001.1672898021434        6.72277021       9.50114976E-04
   8003.6244969403051        6.81056690       9.63849423E-04
   8006.0817040784677        7.10972404       1.00574712E-03
   8008.5389112166285        7.32741642       1.03565352E-03
   8010.9961183547912        7.42801094       1.04955269E-03
   8013.4533254929529        7.41697168       1.05028576E-03
   8015.9105326311146        7.71242237       1.09098991E-03
   8018.3677397692763        7.94324970       1.12300261E-03
   8020.8249469074381        8.13981342       1.15103635E-03
   8023.2821540456007        8.37650585       1.18592894E-03
   8025.7393611837615        8.76760387       1.23894983E-03
   8028.1965683219241        9.04431915       1.28087879E-03
   8030.6537754600859        9.59759235       1.35573011E-03
   8033.1109825982476        9.62410545      -1.36105355E-03
