   5529.2169088113069        2.95992177E-02   4.03842432E-06
   5531.6741159494686        2.00666189E-02   2.95683822E-06
   5534.1313230876303        2.40042470E-02   3.50571668E-06
   5536.5885302257930        1.46715455E-02   1.93599681E-06
   5539.0457373639547        5.40136686E-03   1.35614425E-06
   5541.5029445021164        2.60413997E-02   3.44120349E-06
   5543.9601516402781        2.32498832E-02   3.37192796E-06
   5546.4173587784398        3.23271491E-02  -2.96830531E-05
   5548.8745659166016        4.19084430E-02   7.26152712E-06
   5551.3317730547642        4.76519354E-02   6.23926326E-06
   5553.7889801929259        4.20804955E-02   6.75461888E-06
   5556.2461873310876        7.23637193E-02   9.33466526E-06
   5558.7033944692494        4.87040356E-02   7.81071594E-06
   5561.1606016074111        8.57317746E-02   1.14996392E-05
   5563.6178087455728        4.16301899E-02   6.53903180E-06
   5566.0750158837354        6.22842126E-02   9.91036177E-06
   5568.5322230218972        9.91407111E-02   1.33375815E-05
   5570.9894301600589        8.83928239E-02   1.21050161E-05
   5573.4466372982206        7.74870366E-02   1.20501445E-05
   5575.9038444363823       0.141756341       1.96122692E-05
   5578.3610515745440       0.119545586       1.65551101E-05
   5580.8182587127058       0.115678728       1.71034280E-05
   5583.2754658508684       0.124251463       1.69587765E-05
   5585.7326729890301       0.122366250       1.79244325E-05
   5588.1898801271918       0.149227068       2.07473458E-05
   5590.6470872653535       0.145890042       2.05107535E-05
   5593.1042944035153       0.136395499       1.93971282E-05
   5595.5615015416770       0.132563949       1.87766418E-05
   5598.0187086798396       0.116508126       1.62607030E-05
   5600.4759158180013       0.113673978       1.70251787E-05
   5602.9331229561631       0.141877696       1.89423608E-05
   5605.3903300943248        9.40199941E-02   1.40849797E-05
   5607.8475372324865       0.117142707       1.69260093E-05
   5610.3047443706482       0.119460657       1.63446657E-05
   5612.7619515088109       0.121776879       1.78604387E-05
   5615.2191586469726       0.140891880       1.94476361E-05
   5617.6763657851343       0.119507104       1.69485920E-05
   5620.1335729232960       0.108940676       1.57389786E-05
   5622.5907800614577       0.111845829       1.56692931E-05
   5625.0479871996195       0.106806286       1.51650120E-05
   5627.5051943377821       0.109838732       1.56289279E-05
   5629.9624014759438       0.136072800       1.96078490E-05
   5632.4196086141055       0.134190723       1.78384416E-05
   5634.8768157522672        9.81617048E-02   1.53802212E-05
   5637.3340228904290       0.123535067       1.58831626E-05
   5639.7912300285907       0.105909444       1.75354071E-05
   5642.2484371667524       0.162739083       1.88627018E-05
   5644.7056443049150       0.138339192       1.51559088E-05
   5647.1628514430768       0.144033432       2.53560920E-05
   5649.6200585812385       0.149718821       1.08426902E-05
   5652.0772657194002       0.155458733       1.26200743E-04
   5654.5344728575619       0.158254132       1.26982282E-04
   5656.9916799957236       0.184636816       5.30481666E-05
   5659.4488871338863       0.134275407       2.29765301E-05
   5661.9060942720480       0.138328597       1.80637817E-05
   5664.3633014102097       0.127286941       1.95646971E-05
   5666.8205085483714       0.160499230       2.16306307E-05
   5669.2777156865332       0.139997020       2.01086332E-05
   5671.7349228246949       0.134911612       1.91703148E-05
   5674.1921299628575       0.132158935       1.86981651E-05
   5676.6493371010192       0.142693803       2.04623047E-05
   5679.1065442391809       0.157756597       2.16716198E-05
   5681.5637513773427       0.128639638       1.85762747E-05
   5684.0209585155044       0.147502229       2.12409104E-05
   5686.4781656536661       0.150792882       2.05498654E-05
   5688.9353727918278       0.140145004       2.08105630E-05
   5691.3925799299905       0.171253681       2.32494585E-05
   5693.8497870681522       0.142250717       2.04778662E-05
   5696.3069942063139       0.159125924       2.27307974E-05
   5698.7642013444756       0.170323089       2.38478333E-05
   5701.2214084826373       0.185913518       2.65278959E-05
   5703.6786156207991       0.189343110       2.61467667E-05
   5706.1358227589617       0.163824946       2.36196120E-05
   5708.5930298971234       0.175550967       2.49959012E-05
   5711.0502370352851       0.185183436       2.59146600E-05
   5713.5074441734469       0.181671843       2.58312593E-05
   5715.9646513116086       0.178374261       2.49819059E-05
   5718.4218584497703       0.159065440       2.27178825E-05
   5720.8790655879329       0.163635820       2.33351639E-05
   5723.3362727260946       0.179972500       2.54798688E-05
   5725.7934798642564       0.189794973       2.64796963E-05
   5728.2506870024181       0.178202927       2.54088027E-05
   5730.7078941405798       0.181863412       2.56172516E-05
   5733.1651012787415       0.173775062       2.46640629E-05
   5735.6223084169033       0.177609399       2.51332895E-05
   5738.0795155550659       0.180751473       2.56508920E-05
   5740.5367226932276       0.178740561       2.47944990E-05
   5742.9939298313893       0.171143338       2.52053487E-05
   5745.4511369695510       0.214593291       2.93698849E-05
   5747.9083441077128       0.181614608       2.61626628E-05
   5750.3655512458745       0.211282134       3.00971606E-05
   5752.8227583840371       0.212510720       2.96121525E-05
   5755.2799655221988       0.208399683       2.97094048E-05
   5757.7371726603606       0.190148056       2.65472918E-05
   5760.1943797985223       0.173141316       2.51790552E-05
   5762.6515869366840       0.196397036       2.77390409E-05
   5765.1087940748457       0.179298833       2.44386774E-05
   5767.5660012130083       0.188198715       2.14847441E-05
   5770.0232083511701       0.193587616       2.63310012E-05
   5772.4804154893318       0.198092118       2.16627359E-05
   5774.9376226274935       0.196814746       2.88558367E-05
   5777.3948297656552       0.219283387       2.93621670E-05
   5779.8520369038170       0.189942539       2.81745852E-05
   5782.3092440419787       0.224512503       3.09114475E-05
   5784.7664511801413       0.208626196       3.00355096E-05
   5787.2236583183030       0.231147617       3.22496890E-05
   5789.6808654564647       0.212013036       3.01802538E-05
   5792.1380725946265       0.234046206       3.33842108E-05
   5794.5952797327882       0.247168466       3.45354820E-05
   5797.0524868709508       0.245632872       3.47979403E-05
   5799.5096940091125       0.241521910       3.41544364E-05
   5801.9669011472743       0.247704536       3.52071329E-05
   5804.4241082854360       0.242336288       3.38246500E-05
   5806.8813154235977       0.208121732       2.96866074E-05
   5809.3385225617594       0.201410443       2.89890213E-05
   5811.7957296999211       0.213792041       2.98213927E-05
   5814.2529368380838       0.195526049       2.78649823E-05
   5816.7101439762455       0.192709461       2.71442241E-05
   5819.1673511144072       0.167929381       2.37562508E-05
   5821.6245582525689       0.171508715       2.49278637E-05
   5824.0817653907307       0.200952426       2.78570133E-05
   5826.5389725288924       0.201590344       2.87339662E-05
   5828.9961796670550       0.221337572       3.11100739E-05
   5831.4533868052167       0.215794057       3.03436173E-05
   5833.9105939433784       0.213709638       3.04858368E-05
   5836.3678010815402       0.216809586       3.03911747E-05
   5838.8250082197019       0.200658083       2.84252619E-05
   5841.2822153578636       0.189174250       2.69061038E-05
   5843.7394224960262       0.184420899       2.61004880E-05
   5846.1966296341880       0.167694613       2.34981089E-05
   5848.6538367723497       0.151179686       2.19757203E-05
   5851.1110439105114       0.172369942       2.41691596E-05
   5853.5682510486731       0.167607114       2.35935840E-05
   5856.0254581868348       0.163460150       2.31656995E-05
   5858.4826653249966       0.154174700       2.17702909E-05
   5860.9398724631592       0.150677145       2.14752326E-05
   5863.3970796013209       0.155092165       2.19086778E-05
   5865.8542867394826       0.156532750       2.20583315E-05
   5868.3114938776444       0.146171495       2.06022232E-05
   5870.7687010158061       0.124375701       1.75270634E-05
   5873.2259081539678       0.110160761       1.61965436E-05
   5875.6831152921304       0.131906286       1.82831318E-05
   5878.1403224302921       0.123627633       1.76496396E-05
   5880.5975295684539       0.148797393       2.13066869E-05
   5883.0547367066156       0.143131465       1.93086562E-05
   5885.5119438447773       0.104214236       1.58221428E-05
   5887.9691509829390       0.110301130       1.48458921E-05
   5890.4263581211017        6.67962208E-02   1.02681988E-05
   5892.8835652592634       0.101364031       1.50079586E-05
   5895.3407723974251       0.123880893       1.65507845E-05
   5897.7979795355868       0.107315771       1.56757706E-05
   5900.2551866737485       0.128577262       1.82836084E-05
   5902.7123938119103       0.126135573       1.71037773E-05
   5905.1696009500720       0.137203857       1.31819434E-05
   5907.6268080882346       0.119270049       1.74285578E-05
   5910.0840152263963       0.143182203       1.93196374E-05
   5912.5412223645581       0.129757687       1.89807615E-05
   5914.9984295027198       0.151528120       2.10320213E-05
   5917.4556366408815       0.129938349       1.83162629E-05
   5919.9128437790432       0.122225612       1.76976118E-05
   5922.3700509172058       0.140834272       1.99958740E-05
   5924.8272580553676       0.152745232       2.11816932E-05
   5927.2844651935293       0.132545590       1.88690574E-05
   5929.7416723316910       0.156029463       1.71423926E-05
   5932.1988794698527       0.149810567       1.59231386E-05
   5934.6560866080144       0.123228006       1.73346561E-05
   5937.1132937461771       0.132629529       1.89641942E-05
   5939.5705008843388       0.164199337       2.30815258E-05
   5942.0277080225005       0.172545731       2.42904516E-05
   5944.4849151606622       0.169148430       2.35648131E-05
   5946.9421222988240       0.134851560       1.93812230E-05
   5949.3993294369857       0.134794012       1.93540491E-05
   5951.8565365751474       0.151341200       2.15944365E-05
   5954.3137437133100       0.181320846       2.53417475E-05
   5956.7709508514718       0.158774629       2.19799131E-05
   5959.2281579896335       0.135594726       2.01167622E-05
   5961.6853651277952       0.167772278       2.35672342E-05
   5964.1425722659569       0.157502875       2.16347889E-05
   5966.5997794041186       0.166957840       1.80364095E-05
   5969.0569865422813       0.146960571       2.10759408E-05
   5971.5141936804430       0.156780466       2.14227603E-05
   5973.9714008186047       0.141461492       2.06667646E-05
   5976.4286079567664       0.177723154       2.51232632E-05
   5978.8858150949281       0.183219746       2.53549297E-05
   5981.3430222330899       0.163108706       2.33117753E-05
   5983.8002293712525       0.157140508       2.22049694E-05
   5986.2574365094142       0.174217522       2.53846392E-05
   5988.7146436475759       0.213607252       2.92214590E-05
   5991.1718507857377       0.164064378       2.32556795E-05
   5993.6290579238994       0.159482554       2.38042776E-05
   5996.0862650620611       0.194299594       2.63883194E-05
   5998.5434722002228       0.157797337       2.27595683E-05
   6001.0006793383855       0.159661099       2.27079527E-05
   6003.4578864765472       0.150162563       2.10713606E-05
   6005.9150936147089       0.147804275       2.12949599E-05
   6008.3723007528706       0.167065203       2.35367952E-05
   6010.8295078910323       0.168285698       2.33857318E-05
   6013.2867150291941       0.167479455       2.44717066E-05
   6015.7439221673567       0.204844072       2.82586934E-05
   6018.2011293055184       0.166739866       2.34483869E-05
   6020.6583364436801       0.161255136       2.39012170E-05
   6023.1155435818418       0.205500469       2.85173992E-05
   6025.5727507200036       0.188646004       2.61807872E-05
   6028.0299578581653       0.169474229       2.49531404E-05
   6030.4871649963279       0.200811490       2.77135059E-05
   6032.9443721344896       0.179403767       2.56898275E-05
   6035.4015792726514       0.207441434       2.96236176E-05
   6037.8587864108131       0.217654660       3.01933269E-05
   6040.3159935489748       0.212786421       3.04385703E-05
   6042.7732006871365       0.218012750       3.05890899E-05
   6045.2304078252982       0.226972878       3.25746369E-05
   6047.6876149634609       0.241959885       3.33715288E-05
   6050.1448221016226       0.220909283       3.20876425E-05
   6052.6020292397843       0.253214628       3.53023461E-05
   6055.0592363779460       0.226902753       3.20829313E-05
   6057.5164435161078       0.226077780       3.23376116E-05
   6059.9736506542704       0.227267921       3.19256214E-05
   6062.4308577924321       0.238844216       3.42038256E-05
   6064.8880649305938       0.248566031       3.44098553E-05
   6067.3452720687555       0.220861599       3.16905462E-05
   6069.8024792069173       0.237283364       3.38464633E-05
   6072.2596863450790       0.255725294       3.57609824E-05
   6074.7168934832407       0.240664616       3.38579230E-05
   6077.1741006214033       0.231945843       3.33338721E-05
   6079.6313077595651       0.262514979       3.70975467E-05
   6082.0885148977268       0.268049121       3.73599505E-05
   6084.5457220358885       0.248395205       3.54572876E-05
   6087.0029291740502       0.257130653       3.65104388E-05
   6089.4601363122119       0.255583227       3.56849232E-05
   6091.9173434503737       0.230606750       3.29666218E-05
   6094.3745505885363       0.245676458       3.51227245E-05
   6096.8317577266980       0.260892630       3.62665196E-05
   6099.2889648648597       0.238257766       3.38985774E-05
   6101.7461720030215       0.240163311       3.42393396E-05
   6104.2033791411832       0.250431865       3.52185489E-05
   6106.6605862793458       0.226872608       3.16720361E-05
   6109.1177934175075       0.195876122       2.85588594E-05
   6111.5750005556692       0.217258707       3.04367659E-05
   6114.0322076938310       0.220584050       3.15235848E-05
   6116.4894148319927       0.236496001       3.27453417E-05
   6118.9466219701544       0.208002344       3.00327247E-05
   6121.4038291083161       0.220292166       3.06204747E-05
   6123.8610362464788       0.193253368       2.80240911E-05
   6126.3182433846405       0.227107748       3.18005732E-05
   6128.7754505228022       0.199855506       2.81256998E-05
   6131.2326576609639       0.204145715       2.94441852E-05
   6133.6898647991256       0.215803921       3.01895743E-05
   6136.1470719372874       0.214306787       3.01717027E-05
   6138.6042790754491       0.185154855       2.62163649E-05
   6141.0614862136117       0.172934383       2.47868102E-05
   6143.5186933517734       0.162983894       2.28539593E-05
   6145.9759004899352       0.167661786       2.43487993E-05
   6148.4331076280969       0.196237922       2.71829849E-05
   6150.8903147662586       0.179813758       2.53491453E-05
   6153.3475219044212       0.177965358       2.56541443E-05
   6155.8047290425829       0.191557541       2.65992494E-05
   6158.2619361807447       0.172906622       2.46876789E-05
   6160.7191433189064       0.169396088       2.38352950E-05
   6163.1763504570681       0.149542361       2.12799951E-05
   6165.6335575952298       0.149983376       2.14479805E-05
   6168.0907647333916       0.154647306       2.17266679E-05
   6170.5479718715542       0.140834749       1.96140772E-05
   6173.0051790097159       0.168694705       1.87602527E-05
   6175.4623861478776       0.167889908       2.34385225E-05
   6177.9195932860393       0.161896393       2.26502889E-05
   6180.3768004242011       0.163148537       2.33761530E-05
   6182.8340075623637       0.156241536       2.16108056E-05
   6185.2912147005254       0.137405291       2.00495142E-05
   6187.7484218386871       0.148129776       2.06097939E-05
   6190.2056289768489       0.137858719       1.97180598E-05
   6192.6628361150106       0.151115134       2.14025276E-05
   6195.1200432531723       0.152758151       2.13637686E-05
   6197.5772503913340       0.149741977       2.13983367E-05
   6200.0344575294966       0.158302441       2.23147217E-05
   6202.4916646676584       0.148074672       2.06203295E-05
   6204.9488718058201       0.126560882       1.83457523E-05
   6207.4060789439818       0.148216963       2.12307095E-05
   6209.8632860821435       0.173076570       2.41972666E-05
   6212.3204932203053       0.163116708       2.25684034E-05
   6214.7777003584670       0.135474876       1.98824800E-05
   6217.2349074966296       0.164862856       2.33468691E-05
   6219.6921146347913       0.160604030       2.21215741E-05
   6222.1493217729530       0.156158969       2.30442529E-05
   6224.6065289111148       0.184849843       2.51551937E-05
   6227.0637360492765       0.145740435       2.10791532E-05
   6229.5209431874382       0.159521088       2.29899360E-05
   6231.9781503256008       0.172337249       2.38977791E-05
   6234.4353574637626       0.162015721       2.29912785E-05
   6236.8925646019243       0.155384913       2.20872207E-05
   6239.3497717400860       0.160346687       2.27262553E-05
   6241.8069788782477       0.160120457       2.24853429E-05
   6244.2641860164094       0.164503261       2.36150590E-05
   6246.7213931545721       0.186745450       2.61720434E-05
   6249.1786002927338       0.182612196       2.56243329E-05
   6251.6358074308955       0.170261174       2.42039878E-05
   6254.0930145690572       0.169971272       2.41881207E-05
   6256.5502217072190       0.189210579       2.69624616E-05
   6259.0074288453807       0.207004681       2.87628245E-05
   6261.4646359835424       0.196634561       2.80456807E-05
   6263.9218431217050       0.215562448       3.06853690E-05
   6266.3790502598667       0.219210818       3.04016557E-05
   6268.8362573980285       0.184653357       2.63612601E-05
   6271.2934645361902       0.180091232       2.59499739E-05
   6273.7506716743519       0.205097198       2.89117706E-05
   6276.2078788125136       0.228298649       3.23996101E-05
   6278.6650859506763       0.242773771       3.36847334E-05
   6281.1222930888380       0.218608826       3.12911980E-05
   6283.5795002269997       0.238758177       3.40940715E-05
   6286.0367073651614       0.247060448       3.42990643E-05
   6288.4939145033231       0.217325658       3.09194038E-05
   6290.9511216414849       0.209121987       2.99776038E-05
   6293.4083287796475       0.237314701       3.37612910E-05
   6295.8655359178092       0.261330396       3.64334046E-05
   6298.3227430559709       0.258720547       3.67786088E-05
   6300.7799501941327       0.278908640       3.95225943E-05
   6303.2371573322944       0.288000047       4.03466984E-05
   6305.6943644704561       0.279255539       3.96776268E-05
   6308.1515716086178       0.293016881       4.16569092E-05
   6310.6087787467804       0.308598846       4.32845627E-05
   6313.0659858849422       0.297650456       4.21453587E-05
   6315.5231930231039       0.292498082       4.13969501E-05
   6317.9804001612656       0.285421848       4.03788144E-05
   6320.4376072994273       0.301786542       4.32348825E-05
   6322.8948144375890       0.338471919       4.72516440E-05
   6325.3520215757508       0.323341876       4.56102462E-05
   6327.8092287139134       0.320885420       4.57432798E-05
   6330.2664358520751       0.338022918       4.77450194E-05
   6332.7236429902368       0.365296245       5.19381501E-05
   6335.1808501283986       0.383153081       5.32379818E-05
   6337.6380572665603       0.363484114       5.22812661E-05
   6340.0952644047229       0.418582767       5.91301468E-05
   6342.5524715428846       0.420630246       5.86318456E-05
   6345.0096786810464       0.394977242       5.64948277E-05
   6347.4668858192081       0.397719294       5.60533954E-05
   6349.9240929573698       0.379817933       5.36989210E-05
   6352.3813000955315       0.368633717       5.24178758E-05
   6354.8385072336932       0.387673050       5.50928853E-05
   6357.2957143718559       0.402078331       5.62054556E-05
   6359.7529215100176       0.384970635       5.50094956E-05
   6362.2101286481793       0.391039521       5.45215771E-05
   6364.6673357863410       0.358062387       5.12975785E-05
   6367.1245429245027       0.400540411       7.06687861E-05
   6369.5817500626654       0.404308617       8.75524129E-05
   6372.0389572008271       0.401568919       7.13561822E-05
   6374.4961643389888       0.385688603       5.69256008E-05
   6376.9533714771505       0.386993051       5.48836470E-05
   6379.4105786153123       0.384888798       5.43592651E-05
   6381.8677857534740       0.370453835       5.22449554E-05
   6384.3249928916357       0.358190119       5.10823556E-05
   6386.7822000297983       0.377816141       5.33718994E-05
   6389.2394071679601       0.392653584       5.55630832E-05
   6391.6966143061218       0.417954415       5.90362142E-05
   6394.1538214442835       0.420028180       5.89041447E-05
   6396.6110285824452       0.401543766       5.71202472E-05
   6399.0682357206069       0.416301310       5.90846612E-05
   6401.5254428587687       0.438097000       6.17358019E-05
   6403.9826499969313       0.438033521       6.17250844E-05
   6406.4398571350930       0.421929032       5.97126600E-05
   6408.8970642732547       0.413171530       5.85711423E-05
   6411.3542714114164       0.415279657       5.88039984E-05
   6413.8114785495782       0.422333807       5.97188919E-05
   6416.2686856877408       0.422314644       5.95832171E-05
   6418.7258928259025       0.407435656       5.75633785E-05
   6421.1830999640642       0.387562156       5.49058350E-05
   6423.6403071022260       0.398831248       5.71504534E-05
   6426.0975142403877       0.437503219       6.09855670E-05
   6428.5547213785494       0.409248292       5.80236920E-05
   6431.0119285167111       0.423886806       6.04961206E-05
   6433.4691356548738       0.435603887       6.07157344E-05
   6435.9263427930355       0.419790894       6.02374421E-05
   6438.3835499311972       0.453845322       6.36288387E-05
   6440.8407570693589       0.441134870       6.24961904E-05
   6443.2979642075206       0.451108962       6.38389174E-05
   6445.7551713456824       0.431107640       6.04908855E-05
   6448.2123784838450       0.416963667       6.00064450E-05
   6450.6695856220067       0.445120960       6.21177314E-05
   6453.1267927601684       0.412526548       5.85757989E-05
   6455.5839998983301       0.428068876       6.11501746E-05
   6458.0412070364919       0.451001763       6.30181821E-05
   6460.4984141746536       0.429584026       6.09907074E-05
   6462.9556213128162       0.436118752       6.19265120E-05
   6465.4128284509779       0.444574326       6.24937747E-05
   6467.8700355891397       0.445649117       6.35468168E-05
   6470.3272427273014       0.478448331       6.73413961E-05
   6472.7844498654631       0.460306555       6.45972759E-05
   6475.2416570036248       0.434945196       6.22931548E-05
   6477.6988641417865       0.452947438       6.38757992E-05
   6480.1560712799492       0.448810875       6.33892996E-05
   6482.6132784181109       0.441656679       6.24597596E-05
   6485.0704855562726       0.447408140       6.37687554E-05
   6487.5276926944343       0.483688414       6.81050733E-05
   6489.9848998325961       0.480512381       6.76025302E-05
   6492.4421069707587       0.483701736       6.90320521E-05
   6494.8993141089204       0.531281114       7.50923355E-05
   6497.3565212470821       0.555218458       7.78720569E-05
   6499.8137283852438       0.549811900       7.81068447E-05
   6502.2709355234056       0.585207820       8.29699129E-05
   6504.7281426615673       0.622746050       8.77511338E-05
   6507.1853497997290       0.630201101       8.87017522E-05
   6509.6425569378916       0.625479698       8.89223811E-05
   6512.0997640760534       0.662663996       9.36442302E-05
   6514.5569712142151       0.693419933       9.80458281E-05
   6517.0141783523768       0.735238552       1.03774713E-04
   6519.4713854905385       0.770299256       1.09052024E-04
   6521.9285926287002       0.828817606       1.17062264E-04
   6524.3857997668620       0.866424680       1.22207421E-04
   6526.8430069050246       0.893268168       1.26114959E-04
   6529.3002140431863       0.907328129       1.28321801E-04
   6531.7574211813480       0.938417017       1.32702189E-04
   6534.2146283195098       0.968844175       1.36974457E-04
   6536.6718354576715        1.01649058       1.43957368E-04
   6539.1290425958341        1.01676095       1.42256467E-04
   6541.5862497339958       0.921203494       1.31250825E-04
   6544.0434568721575       0.890086293       1.26167724E-04
   6546.5006640103193       0.833905458       1.17714080E-04
   6548.9578711484810       0.801671147       1.14632465E-04
   6551.4150782866427       0.843909204       1.18825657E-04
   6553.8722854248044       0.889156818       1.26433573E-04
   6556.3294925629671        1.05147958       1.49683212E-04
   6558.7866997011288        1.16898000       1.62267737E-04
   6561.2439068392905        1.01939547       1.43601603E-04
   6563.7011139774522       0.821040511       1.17637566E-04
   6566.1583211156139       0.702388048       1.01186313E-04
   6568.6155282537766       0.708576620       1.00870297E-04
   6571.0727353919374       0.715863526       1.00549842E-04
   6573.5299425301000       0.674853146       9.54240750E-05
   6575.9871496682617       0.640626490       9.11005409E-05
   6578.4443568064235       0.666518807       9.48757952E-05
   6580.9015639445852       0.715103626       1.00391313E-04
   6583.3587710827469       0.705400229       9.94195871E-05
   6585.8159782209095       0.700102866       9.96058225E-05
   6588.2731853590703       0.709416509       9.95663358E-05
   6590.7303924972330       0.665968776       9.45468419E-05
   6593.1875996353947       0.667921662       9.48185698E-05
   6595.6448067735564       0.676151395       9.53279960E-05
   6598.1020139117181       0.675153613       9.54914140E-05
   6600.5592210498799       0.665210366       9.38463418E-05
   6603.0164281880425       0.659779072       9.37795048E-05
   6605.4736353262042       0.685457289       9.67355008E-05
   6607.9308424643659       0.697051406       9.84869839E-05
   6610.3880496025276       0.720144451       1.02030237E-04
   6612.8452567406894       0.744535387       1.04894061E-04
   6615.3024638788520       0.713400662       1.00267236E-04
   6617.7596710170128       0.650423229       9.27897054E-05
   6620.2168781551754       0.645371020       9.15658311E-05
   6622.6740852933372       0.619936585       8.69668293E-05
   6625.1312924314989       0.588934958       8.46132534E-05
   6627.5884995696606       0.655624390       9.26102439E-05
   6630.0457067078223       0.661687553       9.24496708E-05
   6632.5029138459849       0.617487371       8.80022853E-05
   6634.9601209841458       0.615875125       8.70435761E-05
   6637.4173281223084       0.616554558       8.75276673E-05
   6639.8745352604701       0.654329300       9.26213615E-05
   6642.3317423986318       0.658030748       9.21054161E-05
   6644.7889495367936       0.608517945       8.66300397E-05
   6647.2461566749553       0.582779288       8.22050861E-05
   6649.7033638131179       0.537148774       7.64851866E-05
   6652.1605709512796       0.542920709       7.71061095E-05
   6654.6177780894413       0.542290986       7.61608826E-05
   6657.0749852276031       0.540523767       7.71814448E-05
   6659.5321923657648       0.585298896       8.23322480E-05
   6661.9893995039274       0.608388245       8.61990629E-05
   6664.4466066420882       0.656321824       9.26796492E-05
   6666.9038137802509       0.655998290       9.17649595E-05
   6669.3610209184126       0.624907851       8.94118202E-05
   6671.8182280565743       0.665419519       9.39707024E-05
   6674.2754351947360       0.643243194       9.00268133E-05
   6676.7326423328977       0.571356773       8.15514431E-05
   6679.1898494710604       0.540926397       7.66866215E-05
   6681.6470566092212       0.536460817       7.66316589E-05
   6684.1042637473838       0.565906286       7.92695864E-05
   6686.5614708855455       0.534658670       7.57798043E-05
   6689.0186780237073       0.551758707       7.86007367E-05
   6691.4758851618690       0.575496137       8.07193428E-05
   6693.9330923000307       0.581138849       8.26981413E-05
   6696.3902994381933       0.595982850       8.33467493E-05
   6698.8475065763550       0.574263096       8.21306676E-05
   6701.3047137145168       0.643140733       9.11377429E-05
   6703.7619208526785       0.665916681       9.28879454E-05
   6706.2191279908402       0.626192033       8.91053205E-05
   6708.6763351290019       0.623765349       8.83650791E-05
   6711.1335422671636       0.605298579       8.52133817E-05
   6713.5907494053263       0.553115606       7.84237855E-05
   6716.0479565434880       0.530437291       7.57851085E-05
   6718.5051636816497       0.552560568       7.79949769E-05
   6720.9623708198114       0.547704041       7.71251798E-05
   6723.4195779579732       0.545907855       7.78219328E-05
   6725.8767850961358       0.577858448       8.13045481E-05
   6728.3339922342975       0.574672103       8.11995560E-05
   6730.7911993724592       0.585428774       8.30230201E-05
   6733.2484065106210       0.605109334       8.54120881E-05
   6735.7056136487827       0.613732696       8.66176488E-05
   6738.1628207869444       0.614176095       8.70011718E-05
   6740.6200279251061       0.627896786       8.87754577E-05
   6743.0772350632687       0.620560288       8.73828612E-05
   6745.5344422014305       0.586601198       8.30522040E-05
   6747.9916493395922       0.575049996       8.19304114E-05
   6750.4488564777539       0.612257719       8.66445116E-05
   6752.9060636159156       0.631706297       8.87323185E-05
   6755.3632707540773       0.625683188       8.87691058E-05
   6757.8204778922391       0.647011161       9.14837365E-05
   6760.2776850304017       0.668928742       9.45758948E-05
   6762.7348921685634       0.700332642       9.90501794E-05
   6765.1920993067251       0.718031347       1.01017591E-04
   6767.6493064448869       0.713082016       1.01105841E-04
   6770.1065135830486       0.739600182       1.04766390E-04
   6772.5637207212112       0.762730479       1.07490028E-04
   6775.0209278593729       0.745657921       1.05172890E-04
   6777.4781349975347       0.693286002       9.80222394E-05
   6779.9353421356964       0.638052046       9.07988506E-05
   6782.3925492738581       0.633972824       9.03285691E-05
   6784.8497564120198       0.654989064       9.21152896E-05
   6787.3069635501815       0.645352602       9.15295968E-05
   6789.7641706883442       0.663329840       9.37842779E-05
   6792.2213778265059       0.669022024       9.44733983E-05
   6794.6785849646676       0.683355570       9.68499298E-05
   6797.1357921028293       0.702512383       9.90496264E-05
   6799.5929992409910       0.711217284       1.00689438E-04
   6802.0502063791528       0.726730406       1.02643855E-04
   6804.5074135173145       0.726989388       1.02601065E-04
   6806.9646206554771       0.725689173       1.02967453E-04
   6809.4218277936388       0.742858589       1.04800849E-04
   6811.8790349318006       0.726560354       1.02463069E-04
   6814.3362420699623       0.720798850       1.02727186E-04
   6816.7934492081240       0.746812701       1.04867155E-04
   6819.2506563462866       0.725252569       1.02917460E-04
   6821.7078634844484       0.762851357       1.08457411E-04
   6824.1650706226101       0.787920117       1.10144902E-04
   6826.6222777607718       0.745135844       1.06005551E-04
   6829.0794848989335       0.765496135       1.08608430E-04
   6831.5366920370961       0.783117235       1.10173278E-04
   6833.9938991752570       0.772090375       1.09342647E-04
   6836.4511063134196       0.786404788       1.11563946E-04
   6838.9083134515813       0.812951803       1.14572846E-04
   6841.3655205897430       0.790827394       1.11435977E-04
   6843.8227277279047       0.758934677       1.08022818E-04
   6846.2799348660665       0.756867468       1.06649364E-04
   6848.7371420042291       0.722517967       1.02423895E-04
   6851.1943491423908       0.738473475       1.05153827E-04
   6853.6515562805525       0.783567429       1.10216963E-04
   6856.1087634187143       0.800708830       1.13419286E-04
   6858.5659705568760       0.821367025       1.15671945E-04
   6861.0231776950377       0.797279000       1.12838788E-04
   6863.4803848331994       0.749361217       1.05353327E-04
   6865.9375919713621       0.648201823       9.25583954E-05
   6868.3947991095238       0.654193997       9.39312740E-05
   6870.8520062476855       0.724353373       1.01590216E-04
   6873.3092133858472       0.763247371       1.08282846E-04
   6875.7664205240089       0.840284705       1.18588527E-04
   6878.2236276621707       0.867651582       1.21784185E-04
   6880.6808348003324       0.825296938       1.16512601E-04
   6883.1380419384950       0.776912868       1.10458168E-04
   6885.5952490766567       0.787806690       1.12048023E-04
   6888.0524562148184       0.831511378       1.17279109E-04
   6890.5096633529802       0.843296170       1.18966556E-04
   6892.9668704911419       0.831032515       1.17408643E-04
   6895.4240776293036       0.807002127       1.14296025E-04
   6897.8812847674662       0.794479787       1.12444002E-04
   6900.3384919056280       0.798710644       1.13314680E-04
   6902.7956990437897       0.859182835       1.22079917E-04
   6905.2529061819514       0.921272576       1.29078995E-04
   6907.7101133201131       0.904001415       1.28118219E-04
   6910.1673204582748       0.907903790       1.28281899E-04
   6912.6245275964375       0.873896122       1.23422709E-04
   6915.0817347345992       0.845674157       1.20087214E-04
   6917.5389418727609       0.860173106       1.22076744E-04
   6919.9961490109226       0.918585181       1.29866341E-04
   6922.4533561490844       0.981044233       1.38745381E-04
   6924.9105632872470        1.05299413       1.48530584E-04
   6927.3677704254078        1.07310188       1.50993437E-04
   6929.8249775635704        1.07215607       1.52260924E-04
   6932.2821847017321        1.10004199       1.55078844E-04
   6934.7393918398939        1.07812357       1.52148612E-04
   6937.1965989780556        1.09521580       1.56249967E-04
   6939.6538061162173        1.23650098       1.75054549E-04
   6942.1110132543799        1.36060476       1.91286425E-04
   6944.5682203925408        1.39963233       1.97214205E-04
   6947.0254275307034        1.36710656       1.92786218E-04
   6949.4826346688651        1.31055248       1.86320336E-04
   6951.9398418070268        1.28682637       1.81438430E-04
   6954.3970489451885        1.21247303       1.72080981E-04
   6956.8542560833503        1.23991299       1.76782414E-04
   6959.3114632215129        1.32439339       1.86152363E-04
   6961.7686703596746        1.36143208       1.93147891E-04
   6964.2258774978363        1.43214238       2.01619754E-04
   6966.6830846359981        1.39919901       1.97087735E-04
   6969.1402917741598        1.38414860       1.97446177E-04
   6971.5974989123215        1.48496687       2.09788937E-04
   6974.0547060504832        1.51594162       2.12873536E-04
   6976.5119131886458        1.47831154       2.09998878E-04
   6978.9691203268076        1.52189922       2.15454595E-04
   6981.4263274649693        1.53751981       2.16655826E-04
   6983.8835346031310        1.50158107       2.12484185E-04
   6986.3407417412927        1.45910227       2.06448050E-04
   6988.7979488794554        1.43117428       2.03049029E-04
   6991.2551560176171        1.43884838       2.03514850E-04
   6993.7123631557788        1.45191240       2.05601347E-04
   6996.1695702939405        1.48163009       2.09314254E-04
   6998.6267774321022        1.51522052       2.14771571E-04
   7001.0839845702640        1.57584441       2.22127783E-04
   7003.5411917084257        1.60642827       2.27760538E-04
   7005.9983988465883        1.69572830       2.39475456E-04
   7008.4556059847500        1.72375023       2.42984810E-04
   7010.9128131229118        1.73896813       2.46480224E-04
   7013.3700202610735        1.78379846       2.51943042E-04
   7015.8272273992352        1.79581165       2.53336300E-04
   7018.2844345373978        1.79822993       2.55006831E-04
   7020.7416416755586        1.85198247       2.61141569E-04
   7023.1988488137213        1.89564502       2.68895528E-04
   7025.6560559518830        2.05477786       2.90471973E-04
   7028.1132630900447        2.19036841       3.08704533E-04
   7030.5704702282064        2.28917098       3.22992913E-04
   7033.0276773663682        2.34324026       3.30971030E-04
   7035.4848845045308        2.38118744       3.36044526E-04
   7037.9420916426916        2.38789487       3.38137004E-04
   7040.3992987808542        2.44706130       3.45714856E-04
   7042.8565059190159        2.47708368       3.50580813E-04
   7045.3137130571777        2.48808670       3.50710849E-04
   7047.7709201953394        2.25571322       3.17642262E-04
   7050.2281273335011        1.80034244       2.56140134E-04
   7052.6853344716637        1.27562988       1.84889519E-04
   7055.1425416098255       0.958631516       1.40664619E-04
   7057.5997487479872       0.902177393       1.28684886E-04
   7060.0569558861489       0.914344430       1.29744905E-04
   7062.5141630243106       0.951003492       1.33886162E-04
   7064.9713701624732       0.966839612       1.36887247E-04
   7067.4285773006350        1.01351166       1.42954697E-04
   7069.8857844387967        1.04969060       1.48373918E-04
   7072.3429915769584        1.09423971       1.53997593E-04
   7074.8001987151201        1.11032593       1.57272196E-04
   7077.2574058532819        1.16988301       1.65155026E-04
   7079.7146129914436        1.16535306       1.63819670E-04
   7082.1718201296062        1.09576571       1.55096728E-04
   7084.6290272677679       0.972709894       1.36929433E-04
   7087.0862344059296       0.819808364       1.17864787E-04
   7089.5434415440914       0.828624547       1.18568343E-04
   7092.0006486822531       0.859457552       1.19807759E-04
   7094.4578558204148       0.815565526       1.16756666E-04
   7096.9150629585765       0.873744428       1.22963596E-04
   7099.3722700967392       0.863418102       1.21915611E-04
   7101.8294772349009       0.918271065       1.30954111E-04
   7104.2866843730626       0.997299612       1.39538082E-04
   7106.7438915112243       0.999598980       1.41625220E-04
   7109.2010986493860        1.03741312       1.46631835E-04
   7111.6583057875478        1.04955423       1.47735976E-04
   7114.1155129257095        1.07237828       1.52945548E-04
   7116.5727200638721        1.15521097       1.62080629E-04
   7119.0299272020338        1.10176063       1.55296744E-04
   7121.4871343401956        1.00624323       1.42435456E-04
   7123.9443414783573       0.879338622       1.25134262E-04
   7126.4015486165190       0.822663724       1.17644864E-04
   7128.8587557546816       0.818331838       1.15500443E-04
   7131.3159628928424       0.812469125       1.15279923E-04
   7133.7731700310051       0.837518275       1.18505268E-04
   7136.2303771691668       0.876319647       1.23983205E-04
   7138.6875843073285       0.894320488       1.25637322E-04
   7141.1447914454911       0.873718143       1.24121376E-04
   7143.6019985836519       0.899564683       1.27059015E-04
   7146.0592057218146       0.910818875       1.28800864E-04
   7148.5164128599763       0.949350238       1.34465125E-04
   7150.9736199981380       0.998637140       1.41085620E-04
   7153.4308271362997        1.01287580       1.42193254E-04
   7155.8880342744615       0.959990561       1.36318151E-04
   7158.3452414126241       0.971983194       1.37907875E-04
   7160.8024485507858       0.969029725       1.36317292E-04
   7163.2596556889475       0.943211377       1.34047892E-04
   7165.7168628271093       0.940500915       1.32537883E-04
   7168.1740699652710       0.944314063       1.34713409E-04
   7170.6312771034327        1.01744807       1.43005353E-04
   7173.0884842415944        1.03089714       1.45999686E-04
   7175.5456913797570        1.09512460       1.54972629E-04
   7178.0028985179188        1.12127602       1.57609946E-04
   7180.4601056560805        1.09831047       1.55439426E-04
   7182.9173127942422        1.11887944       1.59323492E-04
   7185.3745199324039        1.18601787       1.66492551E-04
   7187.8317270705656        1.16962337       1.66058846E-04
   7190.2889342087274        1.19156647       1.67739636E-04
   7192.7461413468900        1.09127545       1.53970963E-04
   7195.2033484850517        1.02544641       1.46920764E-04
   7197.6605556232134        1.04215991       1.46867606E-04
   7200.1177627613752        1.02165830       1.44501886E-04
   7202.5749698995369        1.04981160       1.49665633E-04
   7205.0321770376986        1.16276979       1.63980541E-04
   7207.4893841758603        1.20345294       1.69079503E-04
   7209.9465913140230        1.20361662       1.70590167E-04
   7212.4037984521847        1.26866519       1.80250019E-04
   7214.8610055903464        1.36683083       1.92059131E-04
   7217.3182127285090        1.37094700       1.93735003E-04
   7219.7754198666698        1.40277278       1.98703332E-04
   7222.2326270048325        1.45120037       2.05380435E-04
   7224.6898341429942        1.49580061       2.10764672E-04
   7227.1470412811559        1.44183862       2.03413190E-04
   7229.6042484193176        1.39579153       1.98608526E-04
   7232.0614555574793        1.43078673       2.02634168E-04
   7234.5186626956420        1.50071967       2.12448562E-04
   7236.9758698338028        1.55027437       2.17919631E-04
   7239.4330769719654        1.57143736       2.23740470E-04
   7241.8902841101271        1.70577478       2.40465815E-04
   7244.3474912482889        1.75797224       2.48141267E-04
   7246.8046983864506        1.83062935       2.59191060E-04
   7249.2619055246123        1.86753094       2.62591027E-04
   7251.7191126627749        1.87980878       2.67522293E-04
   7254.1763198009367        2.04164267       2.88909825E-04
   7256.6335269390984        2.14713120       3.01625812E-04
   7259.0907340772601        2.12932563       3.01220891E-04
   7261.5479412154218        2.17708373       3.09315888E-04
   7264.0051483535835        2.27828431       3.20985186E-04
   7266.4623554917453        2.22705960       3.13792436E-04
   7268.9195626299079        2.11373973       3.00305343E-04
   7271.3767697680696        2.08367229       2.95298611E-04
   7273.8339769062313        2.09703445       2.97238177E-04
   7276.2911840443930        2.19145632       3.10304924E-04
   7278.7483911825548        2.35111880       3.33111762E-04
   7281.2055983207165        2.55542326       3.60383216E-04
   7283.6628054588782        2.58249426       3.62363993E-04
   7286.1200125970408        2.49581265       3.55283788E-04
   7288.5772197352026        2.58499575       3.65341199E-04
   7291.0344268733643        2.72804618       3.87829205E-04
   7293.4916340115260        3.00291610       4.22109733E-04
   7295.9488411496877        3.08350730       4.36254690E-04
   7298.4060482878504        3.23633099       4.56763053E-04
   7300.8632554260121        3.21474695       4.53010085E-04
   7303.3204625641738        3.29229379       4.69765801E-04
   7305.7776697023355        3.53661275       4.96424094E-04
   7308.2348768404972        3.54909325       5.02576353E-04
   7310.6920839786590        3.64603257       5.15078311E-04
   7313.1492911168207        3.72428513       5.27742493E-04
   7315.6064982549833        3.93245554       5.55880892E-04
   7318.0637053931450        4.02922201       5.67480572E-04
   7320.5209125313067        4.05025005       5.74184640E-04
   7322.9781196694685        4.12726688       5.82545879E-04
   7325.4353268076302        4.08168221       5.76670514E-04
   7327.8925339457928        4.09314251       5.81221306E-04
   7330.3497410839536        4.29217529       6.06722781E-04
   7332.8069482221163        4.53996086       6.42920670E-04
   7335.2641553602780        4.79524231       6.74811192E-04
   7337.7213624984397        4.77373838       6.74770912E-04
   7340.1785696366014        4.61323452       6.49090216E-04
   7342.6357767747631        4.52400589       6.12770033E-04
   7345.0929839129258        4.48898935       6.36387849E-04
   7347.5501910510866        4.55842972       6.41075312E-04
   7350.0073981892492        4.54396582       6.45154680E-04
   7352.4646053274109        4.59866810       6.48127752E-04
   7354.9218124655727        4.56155396       6.46226108E-04
   7357.3790196037344        4.74702883       6.74276496E-04
   7359.8362267418961        5.10757494       7.19508214E-04
   7362.2934338800587        5.17537165       7.28716375E-04
   7364.7506410182204        5.17190695       7.33974390E-04
   7367.2078481563822        5.27852058       7.44596473E-04
   7369.6650552945439        5.20883799       7.36223301E-04
   7372.1222624327056        5.11242437       7.23142410E-04
   7374.5794695708682        5.05815554       7.17252202E-04
   7377.0366767090300        5.18439817       7.33735331E-04
   7379.4938838471917        5.26236010       7.41866650E-04
   7381.9510909853534        5.25573540       7.44714751E-04
   7384.4082981235151        5.36798143       7.59187096E-04
   7386.8655052616768        5.37533426       7.57644186E-04
   7389.3227123998386        5.20388985       7.36858230E-04
   7391.7799195380012        5.14137316       7.28897867E-04
   7394.2371266761629        5.14359188       7.26733182E-04
   7396.6943338143246        5.15086365       7.30149797E-04
   7399.1515409524864        5.17531013       7.28861545E-04
   7401.6087480906481        5.01677799       7.11559434E-04
   7404.0659552288098        5.07622433       7.18698895E-04
   7406.5231623669715        5.15521765       7.28979299E-04
   7408.9803695051341        5.24114227       7.39846262E-04
   7411.4375766432959        5.17139339       7.30803469E-04
   7413.8947837814576        5.08788729       7.19785399E-04
   7416.3519909196193        4.98076630       7.04767124E-04
   7418.8091980577810        5.00099564       7.09391607E-04
   7421.2664051959437        5.19210768       7.34441681E-04
   7423.7236123341045        5.30309677       7.46089558E-04
   7426.1808194722671        5.24032068       7.44121149E-04
   7428.6380266104288        5.33586407       7.51714921E-04
   7431.0952337485905        5.09976435       7.20775337E-04
   7433.5524408867523        4.99079132       7.09552143E-04
   7436.0096480249140        5.04027510       7.12107343E-04
   7438.4668551630766        4.97266293       7.01153651E-04
   7440.9240623012374        4.82953358       6.86594984E-04
   7443.3812694394001        4.93189812       6.96079573E-04
   7445.8384765775618        4.89651537       6.93334558E-04
   7448.2956837157235        5.03603268       7.12811307E-04
   7450.7528908538861        5.03777695       7.09098764E-04
   7453.2100979920478        4.94769001       7.02442252E-04
   7455.6673051302096        5.02628088       7.10618915E-04
   7458.1245122683713        5.06281042       7.14923139E-04
   7460.5817194065330        5.07910156       7.19537726E-04
   7463.0389265446947        5.20084000       7.34978763E-04
   7465.4961336828565        5.23024178       7.38424598E-04
   7467.9533408210191        5.20802164       7.36892573E-04
   7470.4105479591808        5.19599247       7.34889763E-04
   7472.8677550973425        5.17912436       7.32244283E-04
   7475.3249622355042        5.18161249       7.33783585E-04
   7477.7821693736660        5.30863190       7.51444779E-04
   7480.2393765118277        5.47368479       7.72994943E-04
   7482.6965836499894        5.52309752       7.79114489E-04
   7485.1537907881520        5.57010460       7.91326165E-04
   7487.6109979263138        5.65330696       7.92579609E-04
   7490.0682050644755        5.32578611       7.58291688E-04
   7492.5254122026372        5.52748203       7.83608295E-04
   7494.9826193407989        5.64814758       7.95659260E-04
   7497.4398264789606        5.76040459       8.17105931E-04
   7499.8970336171224        5.89415312       8.30041419E-04
   7502.3542407552850        5.80149841       8.20365793E-04
   7504.8114478934467        5.79635906       8.22551257E-04
   7507.2686550316084        5.98213530       8.45113362E-04
   7509.7258621697702        6.01082420       8.48129392E-04
   7512.1830693079319        5.90658140       8.35071492E-04
   7514.6402764460936        5.81921625       8.25579744E-04
   7517.0974835842553        5.85628414       8.26482312E-04
   7519.5546907224179        5.75466633       8.15240550E-04
   7522.0118978605797        5.83023357       8.25135503E-04
   7524.4691049987414        5.89418077       8.33192724E-04
   7526.9263121369040        5.98784733       8.46143055E-04
   7529.3835192750648        6.04958296       8.56107567E-04
   7531.8407264132275        6.28182554       8.89239833E-04
   7534.2979335513892        6.49570036       9.15899116E-04
   7536.7551406895509        6.58161736       9.30785434E-04
   7539.2123478277126        6.61659193       9.33985924E-04
   7541.6695549658743        6.51365423       9.21261322E-04
   7544.1267621040370        6.45844698       9.15024721E-04
   7546.5839692421978        6.49116373       9.17571306E-04
   7549.0411763803604        6.49811506       9.19125392E-04
   7551.4983835185221        6.51744556       9.20893217E-04
   7553.9555906566839        6.55245352       9.28500900E-04
   7556.4127977948456        6.68206835       9.42491693E-04
   7558.8700049330073        6.56720924       9.27825749E-04
   7561.3272120711699        6.42804050       9.09072696E-04
   7563.7844192093316        6.30427074       8.93293181E-04
   7566.2416263474934        6.41899061       9.08921065E-04
   7568.6988334856551        6.53250885       9.20997292E-04
   7571.1560406238168        6.61265373       9.36957716E-04
   7573.6132477619785        6.80232859       9.59264988E-04
   7576.0704549001402        6.90516090       9.78155178E-04
   7578.5276620383029        7.05453205       9.93885100E-04
   7580.9848691764637        6.79182434       9.59633209E-04
   7583.4420763146263        6.29292583       8.88560549E-04
   7585.8992834527880        5.41860533       7.70050974E-04
   7588.3564905909498        4.62538004       6.59841578E-04
   7590.8136977291124        3.89195085       5.54806553E-04
   7593.2709048672732        3.25872898       4.65257937E-04
   7595.7281120054358        2.62408257       3.73885588E-04
   7598.1853191435976        2.13630176       3.08909075E-04
   7600.6425262817593        1.96924829       2.78531603E-04
   7603.0997334199219        1.86460507       2.66221323E-04
   7605.5569405580827        2.11410594       3.00494255E-04
   7608.0141476962453        2.62077069       3.71609669E-04
   7610.4713548344071        3.29929566       4.64206416E-04
   7612.9285619725688        3.90761495       5.51899604E-04
   7615.3857691107305        4.42414474       6.19510887E-04
   7617.8429762488922        4.20899153       5.88041090E-04
   7620.3001833870549        3.52973104       5.03784628E-04
   7622.7573905252157        2.93041396       4.16630995E-04
   7625.2145976633783        2.33868575       3.36238241E-04
   7627.6718048015400        2.09181857       3.00371234E-04
   7630.1290119397017        2.11780572       3.00506043E-04
   7632.5862190778635        2.16590858       3.04775604E-04
   7635.0434262160252        2.14518690       3.04444868E-04
   7637.5006333541878        2.20868969       3.11654847E-04
   7639.9578404923486        2.17783093       3.07512382E-04
   7642.4150476305113        2.13029122       3.01236199E-04
   7644.8722547686730        2.03536463       2.87905248E-04
   7647.3294619068347        2.01209998       2.86585564E-04
   7649.7866690449964        1.99727559       2.79513217E-04
   7652.2438761831581        1.78164053       2.53862294E-04
   7654.7010833213208        1.66509950       2.35486426E-04
   7657.1582904594816        1.41254711       1.99448245E-04
   7659.6154975976442        1.17324924       1.69187071E-04
   7662.0727047358059        1.13240266       1.60984375E-04
   7664.5299118739676        1.22743475       1.75512076E-04
   7666.9871190121294        1.43968201       2.01771079E-04
   7669.4443261502911        1.54652691       2.18723013E-04
   7671.9015332884537        1.71355832       2.41675574E-04
   7674.3587404266145        1.79125214       2.51898367E-04
   7676.8159475647772        1.84684825       2.61705252E-04
   7679.2731547029389        1.92693651       2.71793135E-04
   7681.7303618411006        1.98763442       2.81437329E-04
   7684.1875689792632        2.00921631       2.82490539E-04
   7686.6447761174240        1.88798523       2.67607713E-04
   7689.1019832555867        1.75590932       2.48433033E-04
   7691.5591903937484        1.53760445       2.18218483E-04
   7694.0163975319101        1.35560608       1.93723114E-04
   7696.4736046700727        1.30471742       1.86014920E-04
   7698.9308118082336        1.46019912       2.09153484E-04
   7701.3880189463962        1.76606488       2.47971126E-04
   7703.8452260845579        1.92883980       2.71678669E-04
   7706.3024332227196        2.10091925       2.97328923E-04
   7708.7596403608813        2.25515366       3.17142869E-04
   7711.2168474990431        2.34943843       3.32830474E-04
   7713.6740546372057        2.48789287       3.50476359E-04
   7716.1312617753665        2.56237793       3.62580438E-04
   7718.5884689135291        2.75771666       3.91001173E-04
   7721.0456760516909        2.96409035       4.16571507E-04
   7723.5028831898526        3.05630255       4.32847999E-04
   7725.9600903280143        3.22312546       4.54973808E-04
   7728.4172974661760        3.30293608       4.66180238E-04
   7730.8745046043387        3.38052559       4.78664413E-04
   7733.3317117424995        3.45641041       4.87707992E-04
   7735.7889188806621        3.47718978       4.92594147E-04
   7738.2461260188238        3.46318007       4.87776037E-04
   7740.7033331569855        3.25043917       4.60472191E-04
   7743.1605402951473        3.10472608       4.41027747E-04
   7745.6177474333090        3.00478172       4.24978265E-04
   7748.0749545714716        2.90987086       4.12749534E-04
   7750.5321617096324        2.90694404       4.12114139E-04
   7752.9893688477950        2.97098398       4.19985328E-04
   7755.4465759859568        3.00644827       4.24517872E-04
   7757.9037831241185        3.08564758       4.37954150E-04
   7760.3609902622811        3.25595212       4.58629162E-04
   7762.8181974004419        3.32373428       4.70147235E-04
   7765.2754045386046        3.46750641       4.90425038E-04
   7767.7326116767663        3.58149576       5.05416188E-04
   7770.1898188149280        3.62643147       5.12189639E-04
   7772.6470259530906        3.58909702       5.07138961E-04
   7775.1042330912514        3.51096320       4.96678753E-04
   7777.5614402294141        3.44124293       4.87831800E-04
   7780.0186473675749        3.45482397       4.88956459E-04
   7782.4758545057375        3.45759749       4.88658203E-04
   7784.9330616438992        3.49462295       4.95479675E-04
   7787.3902687820610        3.58954382       5.06644021E-04
   7789.8474759202236        3.60243511       5.09332400E-04
   7792.3046830583844        3.57669759       5.05065080E-04
   7794.7618901965470        3.45334578       4.87998099E-04
   7797.2190973347087        3.45399451       4.92276216E-04
   7799.6763044728705        3.81170058       5.39495668E-04
   7802.1335116110322        4.20785809       5.93542994E-04
   7804.5907187491939        4.56481409       6.44188549E-04
   7807.0479258873565        4.73611689       6.65531028E-04
   7809.5051330255174        4.69991875       6.66168169E-04
   7811.9623401636800        4.80922651       6.80260535E-04
   7814.4195473018417        4.83989906       6.83161372E-04
   7816.8767544400034        4.69574356       6.62380247E-04
   7819.3339615781651        4.43452692       6.30317198E-04
   7821.7911687163269        4.36204529       6.17384503E-04
   7824.2483758544895        4.19018126       5.92260621E-04
   7826.7055829926503        4.08889008       5.81211876E-04
   7829.1627901308129        4.15558147       5.87489165E-04
   7831.6199972689747        4.24641132       6.01041596E-04
   7834.0772044071364        4.35823774       6.15133904E-04
   7836.5344115452981        4.42616892       6.26426481E-04
   7838.9916186834598        4.54580450       6.41989347E-04
   7841.4488258216224        4.62631750       6.54508942E-04
   7843.9060329597842        4.76661348       6.73864386E-04
   7846.3632400979459        4.77196217       6.71713206E-04
   7848.8204472361076        4.64837265       6.59915095E-04
   7851.2776543742693        4.75169611       6.72867405E-04
   7853.7348615124320        4.87655640       6.88935281E-04
   7856.1920686505928        4.88305569       6.88087603E-04
   7858.6492757887554        4.71734095       6.68718072E-04
   7861.1064829269171        4.64526844       6.56909542E-04
   7863.5636900650788        4.49891806       6.36920333E-04
   7866.0208972032406        4.45324945       6.31231116E-04
   7868.4781043414023        4.47328949       6.32560812E-04
   7870.9353114795649        4.59025145       6.50448899E-04
   7873.3925186177257        4.80280685       6.78009354E-04
   7875.8497257558884        4.99811602       7.06608931E-04
   7878.3069328940501        5.21601343       7.36400601E-04
   7880.7641400322118        5.38138485       7.60403986E-04
   7883.2213471703744        5.50387859       7.76633446E-04
   7885.6785543085352        5.49275589       7.76149682E-04
   7888.1357614466979        5.52326965       7.83125171E-04
   7890.5929685848587        5.49879980       7.73093197E-04
   7893.0501757230213        5.17681742       7.35728070E-04
   7895.5073828611830        5.08261395       7.18735624E-04
   7897.9645899993448        4.89395714       6.93426817E-04
   7900.4217971375074        4.95374632       7.04146747E-04
   7902.8790042756682        5.03634882       7.07956206E-04
   7905.3362114138308        4.75107002       6.71119313E-04
   7907.7934185519925        4.47393370       6.36681158E-04
   7910.2506256901543        4.58241367       6.51673065E-04
   7912.7078328283160        4.81772661       6.77880540E-04
   7915.1650399664777        4.78384876       6.75278192E-04
   7917.6222471046403        4.72593117       6.69341243E-04
   7920.0794542428021        4.80907297       6.81855367E-04
   7922.5366613809638        4.95915174       6.98399963E-04
   7924.9938685191255        5.00606346       7.10016699E-04
   7927.4510756572872        5.29403973       7.48215069E-04
   7929.9082827954498        5.49855375       7.76325935E-04
   7932.3654899336107        5.60255241       7.90117076E-04
   7934.8226970717733        5.36939716       7.56955647E-04
   7937.2799042099350        4.99867153       7.10191322E-04
   7939.7371113480967        4.76300192       6.75038958E-04
   7942.1943184862585        4.59524632       6.51052454E-04
   7944.6515256244202        4.63019705       6.58552628E-04
   7947.1087327625828        5.05347013       7.15781411E-04
   7949.5659399007436        5.43671846       7.63837365E-04
   7952.0231470389062        5.61147213       7.95170199E-04
   7954.4803541770680        5.80186415       8.15719075E-04
   7956.9375613152297        5.52145529       7.79044640E-04
   7959.3947684533914        5.36205149       7.64567638E-04
   7961.8519755915531        5.71375513       8.09780147E-04
   7964.3091827297158        6.13938427       8.65282782E-04
   7966.7663898678766        6.26446581       8.82107241E-04
   7969.2235970060392        6.13674927       8.68148287E-04
   7971.6808041442009        5.99889326       8.49206350E-04
   7974.1380112823626        5.79957771       8.19708803E-04
   7976.5952184205253        5.53552961       7.85259996E-04
   7979.0524255586861        5.42665768       7.69334030E-04
   7981.5096326968487        5.36331320       7.58403097E-04
   7983.9668398350095        5.34853601       7.58598500E-04
   7986.4240469731722        5.50899696       7.79501977E-04
   7988.8812541113339        5.66754818       8.00127920E-04
   7991.3384612494956        5.75472498       8.13679595E-04
   7993.7956683876582        5.90086555       8.35070387E-04
   7996.2528755258199        6.10377979       8.62299115E-04
   7998.7100826639817        6.37307310       9.03180102E-04
   8001.1672898021434        6.71667528       9.45796492E-04
   8003.6244969403051        6.78636646       9.59631114E-04
   8006.0817040784677        6.94100666       9.81251942E-04
   8008.5389112166285        7.09942818       1.00517180E-03
   8010.9961183547912        7.38093042       1.04174623E-03
   8013.4533254929529        7.48687601       1.05844124E-03
   8015.9105326311146        7.73208809       1.09479448E-03
   8018.3677397692763        7.86520576       1.10708782E-03
   8020.8249469074381        7.90164042       1.12318061E-03
   8023.2821540456007        8.32479095       1.17390451E-03
   8025.7393611837615        8.61774349       1.22102536E-03
   8028.1965683219241        9.15678692       1.29172683E-03
   8030.6537754600859        9.28266335      -1.30353170E-03
   8033.1109825982476        0.00000000      -1.00000000    
