   5529.2169088113069        6.00044467E-02  -8.27551503E-06
   5531.6741159494686        5.28003462E-02   7.46603291E-06
   5534.1313230876303        4.23849747E-02   6.13671955E-06
   5536.5885302257930        4.00915779E-02   6.00653402E-06
   5539.0457373639547        5.11288829E-02   6.78987681E-06
   5541.5029445021164        4.28322144E-02   6.26648625E-06
   5543.9601516402781        3.99784520E-02   5.99919213E-06
   5546.4173587784398        5.01473732E-02   6.77333719E-06
   5548.8745659166016        4.76352908E-02   6.91496552E-06
   5551.3317730547642        5.30906543E-02   7.74342516E-06
   5553.7889801929259        6.63501471E-02   8.90359024E-06
   5556.2461873310876        5.83764762E-02   8.56104089E-06
   5558.7033944692494        6.38033524E-02   9.75521561E-06
   5561.1606016074111        9.49906483E-02   1.30314502E-05
   5563.6178087455728       0.102184691       1.39148669E-05
   5566.0750158837354        8.43762904E-02   1.27340272E-05
   5568.5322230218972       0.105830781       1.59476349E-05
   5570.9894301600589       0.152463898       2.03625459E-05
   5573.4466372982206       0.144834951       2.06565310E-05
   5575.9038444363823       0.136291221       1.92653879E-05
   5578.3610515745440       0.133429363       1.96267411E-05
   5580.8182587127058       0.164342999       2.31132162E-05
   5583.2754658508684       0.180004522       2.45010870E-05
   5585.7326729890301       0.152671829       2.24614814E-05
   5588.1898801271918       0.161696345       2.31234390E-05
   5590.6470872653535       0.181740969       2.50929970E-05
   5593.1042944035153       0.173690796       2.46001673E-05
   5595.5615015416770       0.161806673       2.26954471E-05
   5598.0187086798396       0.142690927       2.05724973E-05
   5600.4759158180013       0.140464082       2.01152088E-05
   5602.9331229561631       0.152463317       2.17569541E-05
   5605.3903300943248       0.173436001       2.43837512E-05
   5607.8475372324865       0.180642918       2.47964599E-05
   5610.3047443706482       0.154330492       2.25006370E-05
   5612.7619515088109       0.153778046       2.16356038E-05
   5615.2191586469726       0.150351360       2.11499719E-05
   5617.6763657851343       0.144944623       2.13385320E-05
   5620.1335729232960       0.173828185       2.38735192E-05
   5622.5907800614577       0.167175397       2.31641843E-05
   5625.0479871996195       0.134057403       1.99419628E-05
   5627.5051943377821       0.142716631       2.00087670E-05
   5629.9624014759438       0.145931855       2.04306762E-05
   5632.4196086141055       0.140978560       2.06026943E-05
   5634.8768157522672       0.166184783       2.35291845E-05
   5637.3340228904290       0.186577514       2.54091192E-05
   5639.7912300285907       0.156900570       2.21862574E-05
   5642.2484371667524       0.122428365       1.91369363E-05
   5644.7056443049150       0.167645812       2.29733687E-05
   5647.1628514430768       0.173267707       2.40701156E-05
   5649.6200585812385       0.157325357       2.36174892E-05
   5652.0772657194002       0.196652979       2.69373104E-05
   5654.5344728575619       0.196846709       2.75223865E-05
   5656.9916799957236       0.178219035       2.58019245E-05
   5659.4488871338863       0.185948551       2.61140649E-05
   5661.9060942720480       0.185826391       2.60862471E-05
   5664.3633014102097       0.177782431       2.56013955E-05
   5666.8205085483714       0.187925801       2.61707355E-05
   5669.2777156865332       0.181293190       2.56520307E-05
   5671.7349228246949       0.173767105       2.47959051E-05
   5674.1921299628575       0.175157160       2.45279880E-05
   5676.6493371010192       0.168839291       2.42863880E-05
   5679.1065442391809       0.178844646       2.50686571E-05
   5681.5637513773427       0.179931447       2.54430051E-05
   5684.0209585155044       0.180865228       2.58631244E-05
   5686.4781656536661       0.193329602       2.70229375E-05
   5688.9353727918278       0.189803794       2.65031467E-05
   5691.3925799299905       0.170634374       2.47448843E-05
   5693.8497870681522       0.181004629       2.61005189E-05
   5696.3069942063139       0.210502282       2.90935332E-05
   5698.7642013444756       0.208167627       2.93422963E-05
   5701.2214084826373       0.200856924       2.90698936E-05
   5703.6786156207991       0.223531514       3.13658275E-05
   5706.1358227589617       0.231575564       3.21553889E-05
   5708.5930298971234       0.212666273       3.07164664E-05
   5711.0502370352851       0.222032592       3.16200058E-05
   5713.5074441734469       0.241031557       3.34030665E-05
   5715.9646513116086       0.223371148       3.10421347E-05
   5718.4218584497703       0.176222697       2.61323039E-05
   5720.8790655879329       0.182282090       2.63031088E-05
   5723.3362727260946       0.211823583       2.92982604E-05
   5725.7934798642564       0.210564986       2.98555478E-05
   5728.2506870024181       0.213786557       3.07450828E-05
   5730.7078941405798       0.230915025       3.13006312E-05
   5733.1651012787415       0.196206808       2.92706463E-05
   5735.6223084169033       0.219587252       3.03955876E-05
   5738.0795155550659       0.214474186       3.02644476E-05
   5740.5367226932276       0.204020292       3.00335032E-05
   5742.9939298313893       0.238335311       3.26766094E-05
   5745.4511369695510       0.233103156       3.33749958E-05
   5747.9083441077128       0.239450648       3.37048223E-05
   5750.3655512458745       0.240292087       3.37658494E-05
   5752.8227583840371       0.231769145       3.31523952E-05
   5755.2799655221988       0.237882629       3.33233147E-05
   5757.7371726603606       0.232074350       3.30906005E-05
   5760.1943797985223       0.236971363       3.33758908E-05
   5762.6515869366840       0.228702396       3.14163408E-05
   5765.1087940748457       0.176576197       2.63643451E-05
   5767.5660012130083       0.182630762       2.62224403E-05
   5770.0232083511701       0.211541176       2.97401984E-05
   5772.4804154893318       0.228271604       3.19723804E-05
   5774.9376226274935       0.228161082       3.19986539E-05
   5777.3948297656552       0.212751761       3.02585304E-05
   5779.8520369038170       0.212329015       3.14354547E-05
   5782.3092440419787       0.264668614       3.58196157E-05
   5784.7664511801413       0.246577144       3.53103496E-05
   5787.2236583183030       0.242031112       3.52598145E-05
   5789.6808654564647       0.276559561       3.78394507E-05
   5792.1380725946265       0.262073666       3.79484263E-05
   5794.5952797327882       0.278316706       3.88810331E-05
   5797.0524868709508       0.277580142       3.93714290E-05
   5799.5096940091125       0.282557845       4.05529245E-05
   5801.9669011472743       0.309408009       4.30206128E-05
   5804.4241082854360       0.309629053       4.43692152E-05
   5806.8813154235977       0.321786106       4.39047653E-05
   5809.3385225617594       0.267967910       3.90420428E-05
   5811.7957296999211       0.249392003       3.53612013E-05
   5814.2529368380838       0.238871500       3.35669938E-05
   5816.7101439762455       0.217863604       3.12223347E-05
   5819.1673511144072       0.208971813       2.91172546E-05
   5821.6245582525689       0.191659674       2.90923690E-05
   5824.0817653907307       0.251693577       3.42867970E-05
   5826.5389725288924       0.254880756       3.59759251E-05
   5828.9961796670550       0.245335490       3.49315633E-05
   5831.4533868052167       0.248177111       3.49846850E-05
   5833.9105939433784       0.243182912       3.39576727E-05
   5836.3678010815402       0.221297696       3.21621010E-05
   5838.8250082197019       0.237615794       3.34578290E-05
   5841.2822153578636       0.240305528       3.28853239E-05
   5843.7394224960262       0.193959162       2.87696494E-05
   5846.1966296341880       0.197034732       2.71314238E-05
   5848.6538367723497       0.176888347       2.54499137E-05
   5851.1110439105114       0.166786730       2.34260169E-05
   5853.5682510486731       0.159774810       2.37087806E-05
   5856.0254581868348       0.196483716       2.68195454E-05
   5858.4826653249966       0.190170154       2.71690187E-05
   5860.9398724631592       0.188800350       2.68015210E-05
   5863.3970796013209       0.186346143       2.57168740E-05
   5865.8542867394826       0.155525953       2.30833339E-05
   5868.3114938776444       0.168635458       2.35204552E-05
   5870.7687010158061       0.174981728       2.50238736E-05
   5873.2259081539678       0.187730640       2.60155375E-05
   5875.6831152921304       0.174042210       2.43067752E-05
   5878.1403224302921       0.147998765       2.21817245E-05
   5880.5975295684539       0.173454732       2.35032821E-05
   5883.0547367066156       0.151498869       2.15529690E-05
   5885.5119438447773       0.125951082       1.94036311E-05
   5887.9691509829390       0.152580753       1.89283674E-05
   5890.4263581211017        7.00053722E-02   1.28466345E-05
   5892.8835652592634        7.23915994E-02   1.13494143E-05
   5895.3407723974251       0.118723236       1.69007053E-05
   5897.7979795355868       0.155131295       2.08390429E-05
   5900.2551866737485       0.138138339       2.00933227E-05
   5902.7123938119103       0.142455727       2.12719133E-05
   5905.1696009500720       0.179793134       2.38377088E-05
   5907.6268080882346       0.154190272       2.28088811E-05
   5910.0840152263963       0.161221057       2.22214367E-05
   5912.5412223645581       0.152056947       2.20950005E-05
   5914.9984295027198       0.165409520       2.33542978E-05
   5917.4556366408815       0.178226888       2.49986842E-05
   5919.9128437790432       0.178737983       2.50369103E-05
   5922.3700509172058       0.167388171       2.38499924E-05
   5924.8272580553676       0.165227905       2.37578442E-05
   5927.2844651935293       0.178343222       2.46769523E-05
   5929.7416723316910       0.167851374       2.37506611E-05
   5932.1988794698527       0.154853970       2.22069157E-05
   5934.6560866080144       0.158403248       2.26343018E-05
   5937.1132937461771       0.170117527       2.34849140E-05
   5939.5705008843388       0.156985000       2.25808126E-05
   5942.0277080225005       0.163162053       2.38592584E-05
   5944.4849151606622       0.195577726       2.63164584E-05
   5946.9421222988240       0.172400400       2.52118316E-05
   5949.3993294369857       0.180712819       2.58728469E-05
   5951.8565365751474       0.197083548       2.67544729E-05
   5954.3137437133100       0.166773841       2.46316831E-05
   5956.7709508514718       0.176952392       2.48094348E-05
   5959.2281579896335       0.182060361       2.57811444E-05
   5961.6853651277952       0.188924164       2.69556913E-05
   5964.1425722659569       0.198638216       2.69649390E-05
   5966.5997794041186       0.161133766       2.38969897E-05
   5969.0569865422813       0.167755112       2.40187728E-05
   5971.5141936804430       0.184364453       2.51817819E-05
   5973.9714008186047       0.165001526       2.42339320E-05
   5976.4286079567664       0.178624406       2.46237723E-05
   5978.8858150949281       0.169723898       2.43865379E-05
   5981.3430222330899       0.175174177       2.50413614E-05
   5983.8002293712525       0.192647129       2.69795491E-05
   5986.2574365094142       0.197054312       2.76252267E-05
   5988.7146436475759       0.187449887       2.64460177E-05
   5991.1718507857377       0.175236791       2.52249320E-05
   5993.6290579238994       0.182943821       2.58141081E-05
   5996.0862650620611       0.189512044       2.67455071E-05
   5998.5434722002228       0.194388956       2.77092113E-05
   6001.0006793383855       0.205829829       2.86142204E-05
   6003.4578864765472       0.197544247       2.83870795E-05
   6005.9150936147089       0.207540408       2.92460008E-05
   6008.3723007528706       0.208361566       2.87912826E-05
   6010.8295078910323       0.180959523       2.67737414E-05
   6013.2867150291941       0.204226062       2.87099028E-05
   6015.7439221673567       0.218833447       3.03298075E-05
   6018.2011293055184       0.206199154       2.98610448E-05
   6020.6583364436801       0.222312629       3.11961339E-05
   6023.1155435818418       0.227343991       3.18642597E-05
   6025.5727507200036       0.219187826       3.14656900E-05
   6028.0299578581653       0.231114179       3.24731664E-05
   6030.4871649963279       0.231631264       3.22946908E-05
   6032.9443721344896       0.214277416       3.12191405E-05
   6035.4015792726514       0.234482348       3.26600784E-05
   6037.8587864108131       0.233920872       3.31212577E-05
   6040.3159935489748       0.234722659       3.36990270E-05
   6042.7732006871365       0.252228171       3.49237016E-05
   6045.2304078252982       0.244698659       3.57741192E-05
   6047.6876149634609       0.282460123       3.92063448E-05
   6050.1448221016226       0.284872323       3.95970455E-05
   6052.6020292397843       0.251501679       3.63580148E-05
   6055.0592363779460       0.253085136       3.60301892E-05
   6057.5164435161078       0.264710248       3.68006367E-05
   6059.9736506542704       0.252689391       3.66692293E-05
   6062.4308577924321       0.279451668       3.91205067E-05
   6064.8880649305938       0.283917964       3.94699091E-05
   6067.3452720687555       0.261745632       3.85715575E-05
   6069.8024792069173       0.301671743       4.16191433E-05
   6072.2596863450790       0.300142467       4.26335100E-05
   6074.7168934832407       0.299818069       4.24143327E-05
   6077.1741006214033       0.299727947       4.20988217E-05
   6079.6313077595651       0.287971497       4.11062756E-05
   6082.0885148977268       0.289393723       4.05482897E-05
   6084.5457220358885       0.278638691       3.98287884E-05
   6087.0029291740502       0.281904012       3.94982198E-05
   6089.4601363122119       0.275569320       3.97039512E-05
   6091.9173434503737       0.297405809       4.14055467E-05
   6094.3745505885363       0.289767087       4.07697007E-05
   6096.8317577266980       0.270986378       3.91186768E-05
   6099.2889648648597       0.286779970       4.00735553E-05
   6101.7461720030215       0.279123217       3.90199348E-05
   6104.2033791411832       0.255916953       3.77002762E-05
   6106.6605862793458       0.289580017       3.91813337E-05
   6109.1177934175075       0.253445804       3.69120171E-05
   6111.5750005556692       0.250650793       3.57186218E-05
   6114.0322076938310       0.263309062       3.70979651E-05
   6116.4894148319927       0.268372834       3.76480821E-05
   6118.9466219701544       0.253586769       3.57176104E-05
   6121.4038291083161       0.234622404       3.45855151E-05
   6123.8610362464788       0.265873015       3.60066879E-05
   6126.3182433846405       0.237923101       3.47647911E-05
   6128.7754505228022       0.247776806       3.44735308E-05
   6131.2326576609639       0.240365580       3.42228377E-05
   6133.6898647991256       0.238722906       3.38130521E-05
   6136.1470719372874       0.242568240       3.43989377E-05
   6138.6042790754491       0.248845145       3.49440670E-05
   6141.0614862136117       0.245680287       3.50066075E-05
   6143.5186933517734       0.252025574       3.53210344E-05
   6145.9759004899352       0.242866874       3.42700005E-05
   6148.4331076280969       0.232516780       3.36405610E-05
   6150.8903147662586       0.248885632       3.39915641E-05
   6153.3475219044212       0.216093823       3.12123484E-05
   6155.8047290425829       0.203632578       2.89892378E-05
   6158.2619361807447       0.203882873       2.88068604E-05
   6160.7191433189064       0.204182535       2.89602958E-05
   6163.1763504570681       0.204679012       2.84301586E-05
   6165.6335575952298       0.182480559       2.62228787E-05
   6168.0907647333916       0.179241806       2.59249719E-05
   6170.5479718715542       0.201168492       2.79143842E-05
   6173.0051790097159       0.201338455       2.86116247E-05
   6175.4623861478776       0.199840873       2.76092615E-05
   6177.9195932860393       0.173712969       2.54563111E-05
   6180.3768004242011       0.182695284       2.56809653E-05
   6182.8340075623637       0.184003979       2.57226366E-05
   6185.2912147005254       0.171761364       2.49692130E-05
   6187.7484218386871       0.186017066       2.57560314E-05
   6190.2056289768489       0.176675588       2.48109427E-05
   6192.6628361150106       0.158796430       2.31314389E-05
   6195.1200432531723       0.169557154       2.36770793E-05
   6197.5772503913340       0.169832140       2.43987270E-05
   6200.0344575294966       0.186848998       2.63994061E-05
   6202.4916646676584       0.191139385       2.60348424E-05
   6204.9488718058201       0.155569836       2.40926274E-05
   6207.4060789439818       0.204326615       2.77668805E-05
   6209.8632860821435       0.201745376       2.81242683E-05
   6212.3204932203053       0.174392432       2.57450192E-05
   6214.7777003584670       0.189604163       2.58244181E-05
   6217.2349074966296       0.170514256       2.50767134E-05
   6219.6921146347913       0.186997011       2.61522218E-05
   6222.1493217729530       0.193700269       2.73434598E-05
   6224.6065289111148       0.190505832       2.63888705E-05
   6227.0637360492765       0.166959211       2.45157407E-05
   6229.5209431874382       0.178605363       2.48844080E-05
   6231.9781503256008       0.172892690       2.44914754E-05
   6234.4353574637626       0.169080898       2.48302895E-05
   6236.8925646019243       0.191921487       2.57145912E-05
   6239.3497717400860       0.162928939       2.47444550E-05
   6241.8069788782477       0.196026519       2.64068040E-05
   6244.2641860164094       0.179411903       2.59294502E-05
   6246.7213931545721       0.180261225       2.58702894E-05
   6249.1786002927338       0.192773402       2.61357454E-05
   6251.6358074308955       0.159231231       2.37880486E-05
   6254.0930145690572       0.179002747       2.55447521E-05
   6256.5502217072190       0.204667538       2.79941050E-05
   6259.0074288453807       0.189764097       2.76836399E-05
   6261.4646359835424       0.209992275       2.97017996E-05
   6263.9218431217050       0.227007896       3.12947013E-05
   6266.3790502598667       0.206089944       2.96056332E-05
   6268.8362573980285       0.207974821       3.03693305E-05
   6271.2934645361902       0.247889996       3.40827282E-05
   6273.7506716743519       0.248287231       3.56686905E-05
   6276.2078788125136       0.264390528       3.66812092E-05
   6278.6650859506763       0.250235945       3.55452212E-05
   6281.1222930888380       0.239322200       3.44094660E-05
   6283.5795002269997       0.252776474       3.54982585E-05
   6286.0367073651614       0.260566324       3.72764443E-05
   6288.4939145033231       0.280801058       3.91137983E-05
   6290.9511216414849       0.276092052       3.91804533E-05
   6293.4083287796475       0.277220488       3.97083932E-05
   6295.8655359178092       0.300330192       4.21178338E-05
   6298.3227430559709       0.309757680       4.40039439E-05
   6300.7799501941327       0.319838583       4.42602031E-05
   6303.2371573322944       0.289119035       4.16456678E-05
   6305.6943644704561       0.288611203       4.14832975E-05
   6308.1515716086178       0.316940606       4.44245234E-05
   6310.6087787467804       0.333312929       4.76279856E-05
   6313.0659858849422       0.358855575       4.96739958E-05
   6315.5231930231039       0.344365835       4.96547109E-05
   6317.9804001612656       0.360300243       4.99402631E-05
   6320.4376072994273       0.342904240       4.96729626E-05
   6322.8948144375890       0.370745242       5.19414898E-05
   6325.3520215757508       0.379679412       5.36140760E-05
   6327.8092287139134       0.382458061       5.42786256E-05
   6330.2664358520751       0.389395356       5.45376897E-05
   6332.7236429902368       0.377654016       5.42431626E-05
   6335.1808501283986       0.398830950       5.59890614E-05
   6337.6380572665603       0.405721515       5.74953374E-05
   6340.0952644047229       0.417201787       5.94085068E-05
   6342.5524715428846       0.445929825       6.25728426E-05
   6345.0096786810464       0.448939234       6.30522700E-05
   6347.4668858192081       0.432266742       6.17977712E-05
   6349.9240929573698       0.443061948       6.23035085E-05
   6352.3813000955315       0.438681960       6.17860860E-05
   6354.8385072336932       0.423397362       6.03977169E-05
   6357.2957143718559       0.427380443       5.99087507E-05
   6359.7529215100176       0.413853914       5.91921525E-05
   6362.2101286481793       0.425384134       5.97531653E-05
   6364.6673357863410       0.422588229       6.00952226E-05
   6367.1245429245027       0.437058926       6.23410378E-05
   6369.5817500626654       0.464747578       6.41650913E-05
   6372.0389572008271       0.430059940       6.20919818E-05
   6374.4961643389888       0.440197080       6.14776727E-05
   6376.9533714771505       0.424437672       6.03221633E-05
   6379.4105786153123       0.413819402       5.83475994E-05
   6381.8677857534740       0.401723564       5.74428159E-05
   6384.3249928916357       0.415247768       5.84416630E-05
   6386.7822000297983       0.421503574       6.02580985E-05
   6389.2394071679601       0.455575615       6.40442886E-05
   6391.6966143061218       0.460168779       6.37572375E-05
   6394.1538214442835       0.410343975       6.04547567E-05
   6396.6110285824452       0.464068174       6.51696682E-05
   6399.0682357206069       0.495842844       6.88221335E-05
   6401.5254428587687       0.465650797       6.66263950E-05
   6403.9826499969313       0.463573992       6.53687457E-05
   6406.4398571350930       0.458074838       6.51205846E-05
   6408.8970642732547       0.470791101       6.70029985E-05
   6411.3542714114164       0.491980404       6.79771110E-05
   6413.8114785495782       0.447864562       6.47235938E-05
   6416.2686856877408       0.456331611       6.40845610E-05
   6418.7258928259025       0.449022561       6.33621239E-05
   6421.1830999640642       0.440116256       6.34856260E-05
   6423.6403071022260       0.472333729       6.44220054E-05
   6426.0975142403877       0.409370363       5.99172308E-05
   6428.5547213785494       0.430597693       6.20640421E-05
   6431.0119285167111       0.487457186       6.60375517E-05
   6433.4691356548738       0.426095456       6.26253895E-05
   6435.9263427930355       0.452149570       6.32373194E-05
   6438.3835499311972       0.460844815       6.55597978E-05
   6440.8407570693589       0.476154596       6.66069318E-05
   6443.2979642075206       0.460778862       6.53359093E-05
   6445.7551713456824       0.448524743       6.39034843E-05
   6448.2123784838450       0.462898582       6.58918289E-05
   6450.6695856220067       0.491177231       6.79976511E-05
   6453.1267927601684       0.452705115       6.47456473E-05
   6455.5839998983301       0.445964724       6.47877605E-05
   6458.0412070364919       0.498870492       6.80330122E-05
   6460.4984141746536       0.456846952       6.69449582E-05
   6462.9556213128162       0.503743589       7.03131955E-05
   6465.4128284509779       0.513073027       7.18072915E-05
   6467.8700355891397       0.484991670       6.97984651E-05
   6470.3272427273014       0.510282218       7.18975934E-05
   6472.7844498654631       0.522331893       7.30948523E-05
   6475.2416570036248       0.501470923       7.17743969E-05
   6477.6988641417865       0.510770202       7.13403278E-05
   6480.1560712799492       0.488303810       6.99701122E-05
   6482.6132784181109       0.504523098       7.15234783E-05
   6485.0704855562726       0.524212480       7.31630425E-05
   6487.5276926944343       0.509284317       7.35288268E-05
   6489.9848998325961       0.546884358       7.58601600E-05
   6492.4421069707587       0.539343596       7.83465075E-05
   6494.8993141089204       0.602784753       8.30741992E-05
   6497.3565212470821       0.586119950       8.46679468E-05
   6499.8137283852438       0.632076442       8.84050896E-05
   6502.2709355234056       0.633596659       8.95958219E-05
   6504.7281426615673       0.638927817       9.24582200E-05
   6507.1853497997290       0.713824809       9.82067941E-05
   6509.6425569378916       0.686662197       9.92923815E-05
   6512.0997640760534       0.732975960       1.02071186E-04
   6514.5569712142151       0.727789283       1.04323793E-04
   6517.0141783523768       0.777800083       1.10246743E-04
   6519.4713854905385       0.838202834       1.17685900E-04
   6521.9285926287002       0.858974278       1.21967074E-04
   6524.3857997668620       0.899019241       1.27297521E-04
   6526.8430069050246       0.942662179       1.32684523E-04
   6529.3002140431863       0.962329805       1.36984105E-04
   6531.7574211813480        1.01419091       1.42794088E-04
   6534.2146283195098        1.04550815       1.48700987E-04
   6536.6718354576715        1.10393918       1.54833178E-04
   6539.1290425958341        1.09994876       1.54901951E-04
   6541.5862497339958        1.06186104       1.50813779E-04
   6544.0434568721575        1.03919804       1.45349710E-04
   6546.5006640103193       0.951048791       1.35945913E-04
   6548.9578711484810       0.910708427       1.28228217E-04
   6551.4150782866427       0.866277218       1.25169725E-04
   6553.8722854248044       0.949306071       1.36263698E-04
   6556.3294925629671        1.12711370       1.60176700E-04
   6558.7866997011288        1.30137396       1.80151474E-04
   6561.2439068392905        1.26929927       1.76978530E-04
   6563.7011139774522        1.09010184       1.55450558E-04
   6566.1583211156139       0.935526013       1.32576548E-04
   6568.6155282537766       0.789564252       1.14197836E-04
   6571.0727353919374       0.756195664       1.07644039E-04
   6573.5299425301000       0.760072827       1.06272935E-04
   6575.9871496682617       0.718346894       1.03061015E-04
   6578.4443568064235       0.730372667       1.02377591E-04
   6580.9015639445852       0.720848382       1.03790000E-04
   6583.3587710827469       0.783104300       1.09607121E-04
   6585.8159782209095       0.800092757       1.13577502E-04
   6588.2731853590703       0.824250638       1.15509014E-04
   6590.7303924972330       0.790177643       1.10796602E-04
   6593.1875996353947       0.711211443       1.03286889E-04
   6595.6448067735564       0.744761944       1.04261817E-04
   6598.1020139117181       0.749457955       1.06489933E-04
   6600.5592210498799       0.760026693       1.06464213E-04
   6603.0164281880425       0.736708403       1.05567560E-04
   6605.4736353262042       0.765832901       1.07526597E-04
   6607.9308424643659       0.769040883       1.09170673E-04
   6610.3880496025276       0.787503183       1.11482819E-04
   6612.8452567406894       0.806166530       1.12872411E-04
   6615.3024638788520       0.775832951       1.10361732E-04
   6617.7596710170128       0.765332937       1.07677850E-04
   6620.2168781551754       0.732681930       1.03634455E-04
   6622.6740852933372       0.696623147       9.90360859E-05
   6625.1312924314989       0.690510929       9.85077786E-05
   6627.5884995696606       0.722737849       1.01507540E-04
   6630.0457067078223       0.724125504       1.02167134E-04
   6632.5029138459849       0.706574738       9.95722003E-05
   6634.9601209841458       0.676388264       9.64767532E-05
   6637.4173281223084       0.681028903       9.62742342E-05
   6639.8745352604701       0.691151500       9.83166246E-05
   6642.3317423986318       0.724213660       1.01656653E-04
   6644.7889495367936       0.713723361       9.96890449E-05
   6647.2461566749553       0.640498936       9.15584751E-05
   6649.7033638131179       0.605266929       8.60903165E-05
   6652.1605709512796       0.600350022       8.51137665E-05
   6654.6177780894413       0.602659762       8.49515418E-05
   6657.0749852276031       0.600505114       8.59494103E-05
   6659.5321923657648       0.635527909       8.87093483E-05
   6661.9893995039274       0.624629080       8.90458541E-05
   6664.4466066420882       0.646584153       9.22614709E-05
   6666.9038137802509       0.695598185       9.66311782E-05
   6669.3610209184126       0.682988524       9.90308326E-05
   6671.8182280565743       0.758947313       1.04710569E-04
   6674.2754351947360       0.719044030       1.01477788E-04
   6676.7326423328977       0.646877646       9.26159410E-05
   6679.1898494710604       0.624981105       8.81912711E-05
   6681.6470566092212       0.600372910       8.52253288E-05
   6684.1042637473838       0.585612297       8.28719858E-05
   6686.5614708855455       0.584921777       8.41203728E-05
   6689.0186780237073       0.631869256       8.73605895E-05
   6691.4758851618690       0.599693298       8.59428910E-05
   6693.9330923000307       0.609714746       8.64674439E-05
   6696.3902994381933       0.635362983       8.95186677E-05
   6698.8475065763550       0.650522232       9.28676091E-05
   6701.3047137145168       0.696436346       9.71121481E-05
   6703.7619208526785       0.678614020       9.60787875E-05
   6706.2191279908402       0.669778228       9.66281295E-05
   6708.6763351290019       0.726757348       9.94379807E-05
   6711.1335422671636       0.646688104       9.32967232E-05
   6713.5907494053263       0.628391862       8.90926749E-05
   6716.0479565434880       0.622833788       8.68850329E-05
   6718.5051636816497       0.569145441       8.23102455E-05
   6720.9623708198114       0.586610258       8.20439018E-05
   6723.4195779579732       0.580595970       8.33415033E-05
   6725.8767850961358       0.618836343       8.65931725E-05
   6728.3339922342975       0.622744858       8.83819084E-05
   6730.7911993724592       0.630924284       8.88207578E-05
   6733.2484065106210       0.628792584       8.98337239E-05
   6735.7056136487827       0.661499739       9.28594236E-05
   6738.1628207869444       0.669187963       9.53408962E-05
   6740.6200279251061       0.701308191       9.83499631E-05
   6743.0772350632687       0.689801276       9.67798987E-05
   6745.5344422014305       0.637811303       9.13102267E-05
   6747.9916493395922       0.636461854       9.05992856E-05
   6750.4488564777539       0.668508947       9.41721883E-05
   6752.9060636159156       0.675783873       9.48714733E-05
   6755.3632707540773       0.654727876       9.37549412E-05
   6757.8204778922391       0.678399324       9.54055213E-05
   6760.2776850304017       0.691731513       9.87480526E-05
   6762.7348921685634       0.730893910       1.01938080E-04
   6765.1920993067251       0.720764220       1.03713399E-04
   6767.6493064448869       0.779307187       1.09431203E-04
   6770.1065135830486       0.807842016       1.13925445E-04
   6772.5637207212112       0.811955929       1.14526272E-04
   6775.0209278593729       0.805730283       1.14401395E-04
   6777.4781349975347       0.809923768       1.13035967E-04
   6779.9353421356964       0.747772157       1.06300438E-04
   6782.3925492738581       0.698823512       9.91069464E-05
   6784.8497564120198       0.660987735       9.33239280E-05
   6787.3069635501815       0.629393339       9.16837744E-05
   6789.7641706883442       0.711049318       9.91944398E-05
   6792.2213778265059       0.734245300       1.03133265E-04
   6794.6785849646676       0.715847611       1.01774072E-04
   6797.1357921028293       0.726666927       1.03562947E-04
   6799.5929992409910       0.768403411       1.07469714E-04
   6802.0502063791528       0.761539340       1.08427303E-04
   6804.5074135173145       0.780967891       1.10186804E-04
   6806.9646206554771       0.788812935       1.11188630E-04
   6809.4218277936388       0.782693923       1.11590198E-04
   6811.8790349318006       0.813195348       1.14096627E-04
   6814.3362420699623       0.796097040       1.11530499E-04
   6816.7934492081240       0.740789890       1.07620195E-04
   6819.2506563462866       0.798621476       1.10570807E-04
   6821.7078634844484       0.767203867       1.10108958E-04
   6824.1650706226101       0.799217105       1.13758637E-04
   6826.6222777607718       0.850352526       1.17887430E-04
   6829.0794848989335       0.801782787       1.15115625E-04
   6831.5366920370961       0.818816006       1.15542491E-04
   6833.9938991752570       0.834056675       1.17666328E-04
   6836.4511063134196       0.832452953       1.17866519E-04
   6838.9083134515813       0.834915817       1.17751923E-04
   6841.3655205897430       0.824987292       1.17254625E-04
   6843.8227277279047       0.842451394       1.19157630E-04
   6846.2799348660665       0.850757360       1.18613265E-04
   6848.7371420042291       0.782414079       1.12041853E-04
   6851.1943491423908       0.779085100       1.11614696E-04
   6853.6515562805525       0.833319187       1.15379124E-04
   6856.1087634187143       0.793052375       1.14854891E-04
   6858.5659705568760       0.863833606       1.21585908E-04
   6861.0231776950377       0.888216317       1.22498561E-04
   6863.4803848331994       0.771427810       1.12268070E-04
   6865.9375919713621       0.775824547       1.08535394E-04
   6868.3947991095238       0.748967409       1.06830543E-04
   6870.8520062476855       0.762077153       1.09261091E-04
   6873.3092133858472       0.849479198       1.20079894E-04
   6875.7664205240089       0.922171116       1.29334760E-04
   6878.2236276621707       0.949869156       1.35173701E-04
   6880.6808348003324       0.987863600       1.36315313E-04
   6883.1380419384950       0.881719649       1.26951869E-04
   6885.5952490766567       0.862661600       1.23313119E-04
   6888.0524562148184       0.897833467       1.24408078E-04
   6890.5096633529802       0.833175600       1.20480960E-04
   6892.9668704911419       0.872427285       1.22456593E-04
   6895.4240776293036       0.878430724       1.23709659E-04
   6897.8812847674662       0.861285985       1.23193473E-04
   6900.3384919056280       0.897648394       1.25626771E-04
   6902.7956990437897       0.890581429       1.27629100E-04
   6905.2529061819514       0.948149383       1.33255206E-04
   6907.7101133201131       0.972852230       1.37475014E-04
   6910.1673204582748       0.985808671       1.39118798E-04
   6912.6245275964375       0.976137459       1.36958537E-04
   6915.0817347345992       0.922549665       1.32273621E-04
   6917.5389418727609       0.945668161       1.33600683E-04
   6919.9961490109226       0.974629283       1.38288175E-04
   6922.4533561490844        1.02358603       1.45108366E-04
   6924.9105632872470        1.08312976       1.52203429E-04
   6927.3677704254078        1.09895539       1.55915783E-04
   6929.8249775635704        1.13536108       1.60758485E-04
   6932.2821847017321        1.17280912       1.64664016E-04
   6934.7393918398939        1.16616976       1.66722515E-04
   6937.1965989780556        1.23259318       1.73877197E-04
   6939.6538061162173        1.29175580       1.83839787E-04
   6942.1110132543799        1.39784586       1.97392874E-04
   6944.5682203925408        1.47060847       2.05289063E-04
   6947.0254275307034        1.42629898       2.03764183E-04
   6949.4826346688651        1.46254659       2.06204189E-04
   6951.9398418070268        1.46635091       2.05273129E-04
   6954.3970489451885        1.37707114       1.97164671E-04
   6956.8542560833503        1.39373267       1.97769637E-04
   6959.3114632215129        1.44611335       2.03378469E-04
   6961.7686703596746        1.45007646       2.05453791E-04
   6964.2258774978363        1.45904303       2.05512828E-04
   6966.6830846359981        1.44286942       2.05814504E-04
   6969.1402917741598        1.50296450       2.12148952E-04
   6971.5974989123215        1.54109049       2.16617686E-04
   6974.0547060504832        1.52571726       2.17429246E-04
   6976.5119131886458        1.56771612       2.20044181E-04
   6978.9691203268076        1.56073058       2.23595824E-04
   6981.4263274649693        1.66482830       2.33305997E-04
   6983.8835346031310        1.67242694       2.35249259E-04
   6986.3407417412927        1.61047375       2.28833844E-04
   6988.7979488794554        1.59193695       2.25051888E-04
   6991.2551560176171        1.58237040       2.24737480E-04
   6993.7123631557788        1.61028516       2.27058728E-04
   6996.1695702939405        1.61591065       2.28889534E-04
   6998.6267774321022        1.63159525       2.30780599E-04
   7001.0839845702640        1.66132116       2.36206732E-04
   7003.5411917084257        1.73730206       2.44109440E-04
   7005.9983988465883        1.74638355       2.47306481E-04
   7008.4556059847500        1.76639545       2.50567362E-04
   7010.9128131229118        1.81982720       2.56925065E-04
   7013.3700202610735        1.86558533       2.65243958E-04
   7015.8272273992352        1.95774150       2.74534308E-04
   7018.2844345373978        1.94927132       2.76025617E-04
   7020.7416416755586        1.94653285       2.76405917E-04
   7023.1988488137213        2.01374245       2.86657887E-04
   7025.6560559518830        2.15064096       3.01374501E-04
   7028.1132630900447        2.17469597       3.09932191E-04
   7030.5704702282064        2.30118513       3.26368579E-04
   7033.0276773663682        2.45041037       3.43617663E-04
   7035.4848845045308        2.47952819       3.53000796E-04
   7037.9420916426916        2.58757019       3.64221778E-04
   7040.3992987808542        2.63306689       3.72676150E-04
   7042.8565059190159        2.66817737       3.75553238E-04
   7045.3137130571777        2.62066674       3.69142101E-04
   7047.7709201953394        2.46013165       3.43593827E-04
   7050.2281273335011        2.07441568       2.96311075E-04
   7052.6853344716637        1.73891807       2.47134332E-04
   7055.1425416098255        1.44160831       2.06657191E-04
   7057.5997487479872        1.23428738       1.75598776E-04
   7060.0569558861489        1.07303023       1.53245084E-04
   7062.5141630243106       0.981803238       1.41722863E-04
   7064.9713701624732        1.02800703       1.45097307E-04
   7067.4285773006350        1.07377160       1.51728964E-04
   7069.8857844387967        1.10839725       1.56844166E-04
   7072.3429915769584        1.14391208       1.61263131E-04
   7074.8001987151201        1.15737116       1.64238692E-04
   7077.2574058532819        1.19512939       1.68893981E-04
   7079.7146129914436        1.21800220       1.70756088E-04
   7082.1718201296062        1.17268968       1.66197482E-04
   7084.6290272677679        1.12748027       1.58614581E-04
   7087.0862344059296        1.05091190       1.49611762E-04
   7089.5434415440914       0.999345064       1.39731215E-04
   7092.0006486822531       0.888760626       1.28414220E-04
   7094.4578558204148       0.890896678       1.26145140E-04
   7096.9150629585765       0.913657367       1.29199238E-04
   7099.3722700967392       0.939567804       1.33584181E-04
   7101.8294772349009       0.987798750       1.38641190E-04
   7104.2866843730626        1.00037026       1.42677454E-04
   7106.7438915112243        1.04641187       1.46081336E-04
   7109.2010986493860        1.03011966       1.48569510E-04
   7111.6583057875478        1.12645233       1.57736882E-04
   7114.1155129257095        1.15723085       1.63398538E-04
   7116.5727200638721        1.16599965       1.64923782E-04
   7119.0299272020338        1.16265512       1.62647979E-04
   7121.4871343401956        1.08188403       1.54172070E-04
   7123.9443414783573        1.03308034       1.44769379E-04
   7126.4015486165190       0.933038175       1.33336696E-04
   7128.8587557546816       0.881341279       1.24778744E-04
   7131.3159628928424       0.852065027       1.21823265E-04
   7133.7731700310051       0.879413664       1.23802922E-04
   7136.2303771691668       0.889745831       1.26076658E-04
   7138.6875843073285       0.901705265       1.26759900E-04
   7141.1447914454911       0.887370050       1.26743791E-04
   7143.6019985836519       0.927896380       1.31451976E-04
   7146.0592057218146       0.983042777       1.39247917E-04
   7148.5164128599763        1.04455888       1.47009065E-04
   7150.9736199981380        1.05873811       1.48056948E-04
   7153.4308271362997       0.996504247       1.42467077E-04
   7155.8880342744615        1.00356936       1.42733450E-04
   7158.3452414126241        1.04399991       1.45662358E-04
   7160.8024485507858        1.00303471       1.43373545E-04
   7163.2596556889475        1.01995361       1.43788333E-04
   7165.7168628271093        1.01619184       1.43123980E-04
   7168.1740699652710       0.995341301       1.42953111E-04
   7170.6312771034327        1.05362701       1.46614839E-04
   7173.0884842415944        1.03341448       1.49313782E-04
   7175.5456913797570        1.13328755       1.58258816E-04
   7178.0028985179188        1.14849162       1.62251119E-04
   7180.4601056560805        1.15892744       1.66689162E-04
   7182.9173127942422        1.27765667       1.77748603E-04
   7185.3745199324039        1.27131331       1.80034083E-04
   7187.8317270705656        1.25975263       1.78762333E-04
   7190.2889342087274        1.28409791       1.81954005E-04
   7192.7461413468900        1.31935668       1.85241341E-04
   7195.2033484850517        1.28855050       1.81620228E-04
   7197.6605556232134        1.22412586       1.74108791E-04
   7200.1177627613752        1.20761180       1.71765758E-04
   7202.5749698995369        1.24458218       1.76244634E-04
   7205.0321770376986        1.29067969       1.81811774E-04
   7207.4893841758603        1.30074549       1.83558062E-04
   7209.9465913140230        1.29307950       1.83841083E-04
   7212.4037984521847        1.33393776       1.89419239E-04
   7214.8610055903464        1.40958929       1.98543319E-04
   7217.3182127285090        1.43924558       2.02273426E-04
   7219.7754198666698        1.41840601       2.02869822E-04
   7222.2326270048325        1.49472570       2.10653583E-04
   7224.6898341429942        1.53504181       2.15692300E-04
   7227.1470412811559        1.50988436       2.14557149E-04
   7229.6042484193176        1.52387929       2.15076492E-04
   7232.0614555574793        1.52453279       2.16003493E-04
   7234.5186626956420        1.55282676       2.21800074E-04
   7236.9758698338028        1.68219316       2.37168671E-04
   7239.4330769719654        1.76181269       2.47307064E-04
   7241.8902841101271        1.77384293       2.54245941E-04
   7244.3474912482889        1.90274525       2.65178911E-04
   7246.8046983864506        1.89253080       2.71629338E-04
   7249.2619055246123        2.03029132       2.84999231E-04
   7251.7191126627749        2.08262825       2.94881844E-04
   7254.1763198009367        2.15293169       3.06934788E-04
   7256.6335269390984        2.30403972       3.21777508E-04
   7259.0907340772601        2.29224229       3.26768524E-04
   7261.5479412154218        2.37540197       3.35544464E-04
   7264.0051483535835        2.44723272       3.44644417E-04
   7266.4623554917453        2.44556355       3.45776643E-04
   7268.9195626299079        2.42559290       3.41705047E-04
   7271.3767697680696        2.34956932       3.34020995E-04
   7273.8339769062313        2.36592031       3.37443169E-04
   7276.2911840443930        2.50228739       3.51286260E-04
   7278.7483911825548        2.54422426       3.62064922E-04
   7281.2055983207165        2.66176176       3.74392432E-04
   7283.6628054588782        2.69232440       3.80585087E-04
   7286.1200125970408        2.71487427       3.85895895E-04
   7288.5772197352026        2.81715560       3.97444033E-04
   7291.0344268733643        2.90750909       4.14774986E-04
   7293.4916340115260        3.12710881       4.38655698E-04
   7295.9488411496877        3.20042419       4.54395748E-04
   7298.4060482878504        3.33828712       4.72580316E-04
   7300.8632554260121        3.48199296       4.89667465E-04
   7303.3204625641738        3.51610684       5.00796305E-04
   7305.7776697023355        3.69772291       5.22718357E-04
   7308.2348768404972        3.86734009       5.44625218E-04
   7310.6920839786590        3.92686582       5.56709594E-04
   7313.1492911168207        4.04621649       5.73468627E-04
   7315.6064982549833        4.21889496       5.95245801E-04
   7318.0637053931450        4.31881046       6.09398063E-04
   7320.5209125313067        4.34673071       6.14932738E-04
   7322.9781196694685        4.37646675       6.18523161E-04
   7325.4353268076302        4.38998318       6.21727144E-04
   7327.8925339457928        4.46364021       6.34276308E-04
   7330.3497410839536        4.66074276       6.56854536E-04
   7332.8069482221163        4.78041744       6.78578625E-04
   7335.2641553602780        4.97705555       6.99874887E-04
   7337.7213624984397        4.98493671       7.02742196E-04
   7340.1785696366014        4.87197733       6.90927263E-04
   7342.6357767747631        4.84605217       6.86094922E-04
   7345.0929839129258        4.85507965       6.84348459E-04
   7347.5501910510866        4.75697565       6.73175382E-04
   7350.0073981892492        4.69339371       6.68245601E-04
   7352.4646053274109        4.82895708       6.80766185E-04
   7354.9218124655727        4.89054728       6.92812086E-04
   7357.3790196037344        5.00488234       7.10118096E-04
   7359.8362267418961        5.22501183       7.37447059E-04
   7362.2934338800587        5.36214209       7.55639572E-04
   7364.7506410182204        5.36874914       7.59893563E-04
   7367.2078481563822        5.38613558       7.61077798E-04
   7369.6650552945439        5.39127016       7.64258322E-04
   7372.1222624327056        5.46514082       7.70518731E-04
   7374.5794695708682        5.42560196       7.65824167E-04
   7377.0366767090300        5.32267427       7.56242545E-04
   7379.4938838471917        5.37406015       7.59999617E-04
   7381.9510909853534        5.45534849       7.72433355E-04
   7384.4082981235151        5.54429770       7.79285794E-04
   7386.8655052616768        5.42794514       7.70254526E-04
   7389.3227123998386        5.41775084       7.67507066E-04
   7391.7799195380012        5.46081305       7.68812431E-04
   7394.2371266761629        5.37185335       7.63514370E-04
   7396.6943338143246        5.42292643       7.63781834E-04
   7399.1515409524864        5.35358906       7.57897506E-04
   7401.6087480906481        5.31105900       7.52884313E-04
   7404.0659552288098        5.34587145       7.53949920E-04
   7406.5231623669715        5.30204916       7.51602522E-04
   7408.9803695051341        5.33040619       7.53676053E-04
   7411.4375766432959        5.34779310       7.53904518E-04
   7413.8947837814576        5.25852108       7.45285826E-04
   7416.3519909196193        5.23619604       7.40974268E-04
   7418.8091980577810        5.24027491       7.40795338E-04
   7421.2664051959437        5.25283241       7.46301259E-04
   7423.7236123341045        5.41271973       7.63070770E-04
   7426.1808194722671        5.45056534       7.66849786E-04
   7428.6380266104288        5.29683399       7.51205720E-04
   7431.0952337485905        5.22361565       7.39124138E-04
   7433.5524408867523        5.17701960       7.31360749E-04
   7436.0096480249140        5.09698629       7.21728313E-04
   7438.4668551630766        5.06043100       7.16588926E-04
   7440.9240623012374        5.07060671       7.16434501E-04
   7443.3812694394001        5.04819012       7.13483896E-04
   7445.8384765775618        5.01841831       7.12305831E-04
   7448.2956837157235        5.09622288       7.18843658E-04
   7450.7528908538861        5.10388660       7.22632220E-04
   7453.2100979920478        5.14580059       7.28805666E-04
   7455.6673051302096        5.23071146       7.37083436E-04
   7458.1245122683713        5.18429947       7.32126937E-04
   7460.5817194065330        5.10502768       7.27449253E-04
   7463.0389265446947        5.27516031       7.44552817E-04
   7465.4961336828565        5.36843157       7.54999637E-04
   7467.9533408210191        5.28466940       7.52333144E-04
   7470.4105479591808        5.39386463       7.60053576E-04
   7472.8677550973425        5.41186619       7.66633486E-04
   7475.3249622355042        5.46453619       7.72057916E-04
   7477.7821693736660        5.49305296       7.77054345E-04
   7480.2393765118277        5.53067923       7.82892923E-04
   7482.6965836499894        5.59983730       7.91542523E-04
   7485.1537907881520        5.65854025       8.00079899E-04
   7487.6109979263138        5.68168831       8.00740847E-04
   7490.0682050644755        5.61312151       7.99481932E-04
   7492.5254122026372        5.77143717       8.13036226E-04
   7494.9826193407989        5.82380867       8.25342489E-04
   7497.4398264789606        5.92484617       8.35780753E-04
   7499.8970336171224        5.92009926       8.35277140E-04
   7502.3542407552850        5.84564066       8.32275022E-04
   7504.8114478934467        6.00050306       8.45492701E-04
   7507.2686550316084        6.05075598       8.56721133E-04
   7509.7258621697702        6.10528040       8.60764005E-04
   7512.1830693079319        6.06553411       8.60326749E-04
   7514.6402764460936        6.10120153       8.58432730E-04
   7517.0974835842553        5.95076180       8.43243848E-04
   7519.5546907224179        5.87984848       8.36600899E-04
   7522.0118978605797        6.03781557       8.51011369E-04
   7524.4691049987414        6.08756065       8.60594970E-04
   7526.9263121369040        6.09105492       8.60559347E-04
   7529.3835192750648        6.09117699       8.66821851E-04
   7531.8407264132275        6.32506847       8.92801327E-04
   7534.2979335513892        6.49413824       9.16778692E-04
   7536.7551406895509        6.56624985       9.28363937E-04
   7539.2123478277126        6.63523483       9.40539641E-04
   7541.6695549658743        6.78679752       9.56308504E-04
   7544.1267621040370        6.76505947       9.54173214E-04
   7546.5839692421978        6.62870836       9.42025741E-04
   7549.0411763803604        6.69494534       9.46686312E-04
   7551.4983835185221        6.77506971       9.57062468E-04
   7553.9555906566839        6.79620218       9.60680831E-04
   7556.4127977948456        6.79160595       9.59978788E-04
   7558.8700049330073        6.75084400       9.53418494E-04
   7561.3272120711699        6.66457987       9.45641659E-04
   7563.7844192093316        6.71814585       9.49711946E-04
   7566.2416263474934        6.75669575       9.53558425E-04
   7568.6988334856551        6.71278620       9.52026166E-04
   7571.1560406238168        6.79070997       9.61250393E-04
   7573.6132477619785        6.92129326       9.78387659E-04
   7576.0704549001402        7.02966452       9.92571237E-04
   7578.5276620383029        7.01446676       9.83847305E-04
   7580.9848691764637        6.59344625       9.31444229E-04
   7583.4420763146263        6.04924011       8.56362574E-04
   7585.8992834527880        5.48001480       7.72105937E-04
   7588.3564905909498        4.70696115       6.68727036E-04
   7590.8136977291124        3.96949410       5.68080170E-04
   7593.2709048672732        3.49140358       4.97334637E-04
   7595.7281120054358        3.17152905       4.49506799E-04
   7598.1853191435976        2.92206049       4.20201453E-04
   7600.6425262817593        3.01608753       4.29513457E-04
   7603.0997334199219        3.25444651       4.58421418E-04
   7605.5569405580827        3.45167327       4.96894994E-04
   7608.0141476962453        4.03590059       5.74524922E-04
   7610.4713548344071        4.67729473       6.51552342E-04
   7612.9285619725688        4.80086470       6.73801871E-04
   7615.3857691107305        4.60796833       6.49147609E-04
   7617.8429762488922        4.27511930       6.06668298E-04
   7620.3001833870549        3.99790907       5.64425311E-04
   7622.7573905252157        3.67061663       5.19864960E-04
   7625.2145976633783        3.34664607       4.74434026E-04
   7627.6718048015400        3.05784369       4.33652924E-04
   7630.1290119397017        2.83275509       4.04857012E-04
   7632.5862190778635        2.79706764       3.94261762E-04
   7635.0434262160252        2.72428632       3.85484862E-04
   7637.5006333541878        2.64845014       3.75085801E-04
   7639.9578404923486        2.61466551       3.71692266E-04
   7642.4150476305113        2.65099216       3.71110626E-04
   7644.8722547686730        2.51738906       3.56303150E-04
   7647.3294619068347        2.37882495       3.38850776E-04
   7649.7866690449964        2.34820509       3.30201408E-04
   7652.2438761831581        2.21969891       3.10940319E-04
   7654.7010833213208        1.92990530       2.74822843E-04
   7657.1582904594816        1.67414105       2.37949920E-04
   7659.6154975976442        1.47770810       2.12567407E-04
   7662.0727047358059        1.44725084       2.05297692E-04
   7664.5299118739676        1.44505954       2.02667594E-04
   7666.9871190121294        1.39628720       2.03157440E-04
   7669.4443261502911        1.58753943       2.22643474E-04
   7671.9015332884537        1.69644785       2.38867302E-04
   7674.3587404266145        1.75894976       2.52319936E-04
   7676.8159475647772        1.96591759       2.76100589E-04
   7679.2731547029389        2.07244372       2.90916068E-04
   7681.7303618411006        2.05818176       2.90771161E-04
   7684.1875689792632        2.03212452       2.88868963E-04
   7686.6447761174240        2.05620289       2.87372706E-04
   7689.1019832555867        1.91895533       2.70498538E-04
   7691.5591903937484        1.70581448       2.42812108E-04
   7694.0163975319101        1.55678511       2.22092262E-04
   7696.4736046700727        1.50965691       2.15671011E-04
   7698.9308118082336        1.57151341       2.22300470E-04
   7701.3880189463962        1.64416397       2.32702674E-04
   7703.8452260845579        1.73364258       2.48035940E-04
   7706.3024332227196        1.95570898       2.77292071E-04
   7708.7596403608813        2.17156577       3.04613000E-04
   7711.2168474990431        2.28813338       3.27077985E-04
   7713.6740546372057        2.51243997       3.50913295E-04
   7716.1312617753665        2.54872656       3.62167746E-04
   7718.5884689135291        2.66714549       3.81559454E-04
   7721.0456760516909        2.94957280       4.11936227E-04
   7723.5028831898526        3.01495504       4.28628176E-04
   7725.9600903280143        3.13439465       4.40680597E-04
   7728.4172974661760        3.16388822       4.51082335E-04
   7730.8745046043387        3.36654711       4.79032926E-04
   7733.3317117424995        3.65469337       5.09467500E-04
   7735.7889188806621        3.60555005       5.09758829E-04
   7738.2461260188238        3.49922252       4.94116510E-04
   7740.7033331569855        3.36713910       4.77071444E-04
   7743.1605402951473        3.25887346       4.60314448E-04
   7745.6177474333090        3.14334941       4.46570310E-04
   7748.0749545714716        3.09491277       4.35112015E-04
   7750.5321617096324        2.97031212       4.25612612E-04
   7752.9893688477950        3.07662630       4.32827073E-04
   7755.4465759859568        3.09378386       4.36683185E-04
   7757.9037831241185        3.07936645       4.39515919E-04
   7760.3609902622811        3.22969055       4.54196561E-04
   7762.8181974004419        3.29292750       4.67715698E-04
   7765.2754045386046        3.42729592       4.83995711E-04
   7767.7326116767663        3.53015637       4.98154899E-04
   7770.1898188149280        3.58858967       5.09662903E-04
   7772.6470259530906        3.72411036       5.23142924E-04
   7775.1042330912514        3.68909025       5.20264264E-04
   7777.5614402294141        3.59249401       5.12412807E-04
   7780.0186473675749        3.66237807       5.12601458E-04
   7782.4758545057375        3.51126242       4.98545589E-04
   7784.9330616438992        3.44867492       4.92929365E-04
   7787.3902687820610        3.60839748       5.04845229E-04
   7789.8474759202236        3.54812479       5.03655698E-04
   7792.3046830583844        3.53940320       5.00594091E-04
   7794.7618901965470        3.55758619       5.04933763E-04
   7797.2190973347087        3.66702533       5.20638889E-04
   7799.6763044728705        3.88172293       5.50098484E-04
   7802.1335116110322        4.13322353       5.82518987E-04
   7804.5907187491939        4.29722357       6.10686257E-04
   7807.0479258873565        4.58957815       6.49606518E-04
   7809.5051330255174        4.86228275       6.81929232E-04
   7811.9623401636800        4.86996031       6.89039414E-04
   7814.4195473018417        4.84808636       6.83417427E-04
   7816.8767544400034        4.72904778       6.69344736E-04
   7819.3339615781651        4.63373899       6.56765886E-04
   7821.7911687163269        4.58018160       6.43376028E-04
   7824.2483758544895        4.35499144       6.20843086E-04
   7826.7055829926503        4.32842684       6.11292664E-04
   7829.1627901308129        4.27416468       6.03157445E-04
   7831.6199972689747        4.18936205       5.98582730E-04
   7834.0772044071364        4.34053469       6.08606380E-04
   7836.5344115452981        4.33316565       6.20531791E-04
   7838.9916186834598        4.61554527       6.47316978E-04
   7841.4488258216224        4.67867374       6.61347527E-04
   7843.9060329597842        4.69820642       6.66115957E-04
   7846.3632400979459        4.79528093       6.77698350E-04
   7848.8204472361076        4.88105106       6.89703505E-04
   7851.2776543742693        4.90379429       6.89994427E-04
   7853.7348615124320        4.80223751       6.85494277E-04
   7856.1920686505928        4.94719267       6.94254297E-04
   7858.6492757887554        4.86555004       6.86779735E-04
   7861.1064829269171        4.70299196       6.68970169E-04
   7863.5636900650788        4.71859741       6.66762935E-04
   7866.0208972032406        4.71433783       6.64941850E-04
   7868.4781043414023        4.64594841       6.61341532E-04
   7870.9353114795649        4.77263165       6.75235176E-04
   7873.3925186177257        4.92562580       6.96055300E-04
   7875.8497257558884        5.05577469       7.15986476E-04
   7878.3069328940501        5.22282362       7.39140785E-04
   7880.7641400322118        5.43337059       7.70053710E-04
   7883.2213471703744        5.66165018       7.93062733E-04
   7885.6785543085352        5.56753635       7.92441948E-04
   7888.1357614466979        5.68446302       8.05153803E-04
   7890.5929685848587        5.82082319       8.12970800E-04
   7893.0501757230213        5.50608873       7.84490316E-04
   7895.5073828611830        5.42054176       7.69943756E-04
   7897.9645899993448        5.49765158       7.71955180E-04
   7900.4217971375074        5.32426500       7.53090950E-04
   7902.8790042756682        5.13233280       7.27820618E-04
   7905.3362114138308        5.02659273       7.10147782E-04
   7907.7934185519925        4.91681290       6.98621443E-04
   7910.2506256901543        4.93335295       6.93804061E-04
   7912.7078328283160        4.78458405       6.77652773E-04
   7915.1650399664777        4.69323206       6.69927569E-04
   7917.6222471046403        4.87273455       6.85198698E-04
   7920.0794542428021        4.91107893       6.96769392E-04
   7922.5366613809638        5.03585386       7.13370508E-04
   7924.9938685191255        5.21527529       7.36137852E-04
   7927.4510756572872        5.34951639       7.59868184E-04
   7929.9082827954498        5.60555315       7.88704783E-04
   7932.3654899336107        5.65751886       7.95914268E-04
   7934.8226970717733        5.49945545       7.79663678E-04
   7937.2799042099350        5.40029526       7.61795265E-04
   7939.7371113480967        5.21246862       7.36300542E-04
   7942.1943184862585        4.98485756       7.09410757E-04
   7944.6515256244202        4.98247766       7.08746316E-04
   7947.1087327625828        5.19045830       7.33336085E-04
   7949.5659399007436        5.36357260       7.56549067E-04
   7952.0231470389062        5.44338703       7.71374849E-04
   7954.4803541770680        5.58987331       7.91013765E-04
   7956.9375613152297        5.75385475       8.12572951E-04
   7959.3947684533914        5.87611485       8.32977239E-04
   7961.8519755915531        6.06750679       8.55878170E-04
   7964.3091827297158        6.15852833       8.70256801E-04
   7966.7663898678766        6.20844460       8.78521940E-04
   7969.2235970060392        6.26541662       8.83774308E-04
   7971.6808041442009        6.22312069       8.80554260E-04
   7974.1380112823626        6.17474270       8.70449177E-04
   7976.5952184205253        5.99129105       8.46809766E-04
   7979.0524255586861        5.78438950       8.21604452E-04
   7981.5096326968487        5.72802639       8.08242941E-04
   7983.9668398350095        5.61816740       7.96982378E-04
   7986.4240469731722        5.61809635       7.96146865E-04
   7988.8812541113339        5.71007824       8.07803997E-04
   7991.3384612494956        5.82105350       8.23121925E-04
   7993.7956683876582        5.91899538       8.36824242E-04
   7996.2528755258199        6.03210926       8.57404782E-04
   7998.7100826639817        6.32607698       8.92854878E-04
   8001.1672898021434        6.55756569       9.29110043E-04
   8003.6244969403051        6.85266256       9.69139277E-04
   8006.0817040784677        7.11502075       1.00178283E-03
   8008.5389112166285        7.19401455       1.02153851E-03
   8010.9961183547912        7.41455030       1.04485604E-03
   8013.4533254929529        7.50073195       1.06290902E-03
   8015.9105326311146        7.64109898       1.07854197E-03
   8018.3677397692763        7.73826647       1.10044517E-03
   8020.8249469074381        8.08195496       1.13993790E-03
   8023.2821540456007        8.30680466       1.17515866E-03
   8025.7393611837615        8.51279926       1.20066735E-03
   8028.1965683219241        8.55229664       1.21078221E-03
   8030.6537754600859        8.75433731       1.25663495E-03
   8033.1109825982476        9.69449711       1.35593174E-03
