   5529.2169088113069        5.54276779E-02   6.09681865E-06
   5531.6741159494686        1.91384926E-02   4.62041908E-06
   5534.1313230876303        4.03830595E-02   6.55952863E-06
   5536.5885302257930        5.54202832E-02   7.21396691E-06
   5539.0457373639547        2.44874656E-02   4.68717599E-06
   5541.5029445021164        3.84831391E-02   4.68920007E-06
   5543.9601516402781        2.66258791E-02   4.70287114E-06
   5546.4173587784398        4.09869291E-02   4.53606390E-06
   5548.8745659166016        7.39597529E-03   2.83255167E-06
   5551.3317730547642        3.88952158E-02   5.34206538E-06
   5553.7889801929259        4.38847616E-02   6.51211030E-06
   5556.2461873310876        5.50464690E-02   8.10808342E-06
   5558.7033944692494        6.26396984E-02   8.27413623E-06
   5561.1606016074111        3.43484096E-02   6.58936960E-06
   5563.6178087455728        7.12623894E-02   9.45192369E-06
   5566.0750158837354        8.40507597E-02   1.23069103E-05
   5568.5322230218972       0.105970219       1.41706250E-05
   5570.9894301600589        9.60631445E-02   1.38339219E-05
   5573.4466372982206        9.24857631E-02   1.32263076E-05
   5575.9038444363823        9.32485610E-02   1.30046801E-05
   5578.3610515745440        9.50348824E-02   1.56462775E-05
   5580.8182587127058       0.169419512       2.17110646E-05
   5583.2754658508684       0.141537353       2.03564523E-05
   5585.7326729890301       0.101075158       1.65757156E-05
   5588.1898801271918       0.149828106       1.94284257E-05
   5590.6470872653535       0.124210596       1.78903647E-05
   5593.1042944035153       0.101563051       1.57307659E-05
   5595.5615015416770       0.137406811       1.87768565E-05
   5598.0187086798396       0.139642388       1.91427189E-05
   5600.4759158180013       0.110591419       1.63973727E-05
   5602.9331229561631       0.113317862       1.63952209E-05
   5605.3903300943248       0.132847220       1.84143810E-05
   5607.8475372324865       0.130488053       1.77569200E-05
   5610.3047443706482       0.142643467       1.49576053E-05
   5612.7619515088109       0.116914570       1.65182901E-05
   5615.2191586469726       0.130839497       1.76809335E-05
   5617.6763657851343       0.107966922       1.60507389E-05
   5620.1335729232960       0.118550673       1.68253573E-05
   5622.5907800614577       0.127710149       1.71122956E-05
   5625.0479871996195        9.53923389E-02   1.44194000E-05
   5627.5051943377821        9.82225984E-02   1.45166041E-05
   5629.9624014759438       0.125671834       1.73997323E-05
   5632.4196086141055       0.136221468       1.90309020E-05
   5634.8768157522672       0.134610400       1.88072027E-05
   5637.3340228904290       0.122975729       1.77319034E-05
   5639.7912300285907       0.125427246       1.78470764E-05
   5642.2484371667524       0.135696083       1.95425182E-05
   5644.7056443049150       0.157884836       2.16767276E-05
   5647.1628514430768       0.150579020       2.10651688E-05
   5649.6200585812385       0.133343190       1.98707221E-05
   5652.0772657194002       0.157389626       2.16147182E-05
   5654.5344728575619       0.152110264       2.11878287E-05
   5656.9916799957236       0.128392577       1.89804305E-05
   5659.4488871338863       0.138751224       1.93763099E-05
   5661.9060942720480       0.141061366       2.00262930E-05
   5664.3633014102097       0.143205792       1.98118742E-05
   5666.8205085483714       0.125895604       1.79608160E-05
   5669.2777156865332       0.112616859       1.66092814E-05
   5671.7349228246949       0.130074143       1.83674656E-05
   5674.1921299628575       0.143469766       1.97191348E-05
   5676.6493371010192       0.133103609       1.92962834E-05
   5679.1065442391809       0.145949066       2.12269097E-05
   5681.5637513773427       0.176267460       2.37382519E-05
   5684.0209585155044       0.159400120       2.30539426E-05
   5686.4781656536661       0.156431481       2.19075209E-05
   5688.9353727918278       0.156353667       2.37740605E-05
   5691.3925799299905       0.216844603       2.88286137E-05
   5693.8497870681522       0.193730280       2.74890899E-05
   5696.3069942063139       0.153020084       2.35801617E-05
   5698.7642013444756       0.188712284       2.53299131E-05
   5701.2214084826373       0.172492489       2.51689071E-05
   5703.6786156207991       0.184117153       2.57996471E-05
   5706.1358227589617       0.188758403       2.64913251E-05
   5708.5930298971234       0.181653887       2.55927262E-05
   5711.0502370352851       0.167937741       2.38423509E-05
   5713.5074441734469       0.160279378       2.33164210E-05
   5715.9646513116086       0.176575541       2.42233582E-05
   5718.4218584497703       0.165564969       2.40646586E-05
   5720.8790655879329       0.177217364       2.47769913E-05
   5723.3362727260946       0.177805617       2.51626007E-05
   5725.7934798642564       0.176626548       2.53038943E-05
   5728.2506870024181       0.184800372       2.54988299E-05
   5730.7078941405798       0.168514878       2.48093529E-05
   5733.1651012787415       0.186126322       2.52101090E-05
   5735.6223084169033       0.163961470       2.43670129E-05
   5738.0795155550659       0.185187414       2.54578772E-05
   5740.5367226932276       0.179082900       2.56066542E-05
   5742.9939298313893       0.184846610       2.71424487E-05
   5745.4511369695510       0.226338610       3.05903413E-05
   5747.9083441077128       0.207527384       2.96094677E-05
   5750.3655512458745       0.199002907       2.92556706E-05
   5752.8227583840371       0.232816696       3.13389974E-05
   5755.2799655221988       0.198654652       2.85589540E-05
   5757.7371726603606       0.174117580       2.60025299E-05
   5760.1943797985223       0.205649883       2.80113109E-05
   5762.6515869366840       0.192625791       2.73926216E-05
   5765.1087940748457       0.183469191       2.63642505E-05
   5767.5660012130083       0.188729614       2.57743395E-05
   5770.0232083511701       0.156239644       2.31833365E-05
   5772.4804154893318       0.168972164       2.47298922E-05
   5774.9376226274935       0.206594199       2.77138515E-05
   5777.3948297656552       0.183980361       2.69749580E-05
   5779.8520369038170       0.198424116       2.78604657E-05
   5782.3092440419787       0.205156729       2.86695540E-05
   5784.7664511801413       0.197636515       2.87822622E-05
   5787.2236583183030       0.228987440       3.25613728E-05
   5789.6808654564647       0.260779738       3.55369084E-05
   5792.1380725946265       0.235942468       3.38045211E-05
   5794.5952797327882       0.224244207       3.21944790E-05
   5797.0524868709508       0.238736853       3.42648236E-05
   5799.5096940091125       0.270858437       3.73035582E-05
   5801.9669011472743       0.258183837       3.63055296E-05
   5804.4241082854360       0.231210455       3.34175238E-05
   5806.8813154235977       0.229222074       3.16386577E-05
   5809.3385225617594       0.196884349       2.91785054E-05
   5811.7957296999211       0.213569149       2.92112709E-05
   5814.2529368380838       0.192278296       2.75768689E-05
   5816.7101439762455       0.179972902       2.59613043E-05
   5819.1673511144072       0.190253526       2.65443377E-05
   5821.6245582525689       0.185392246       2.64828559E-05
   5824.0817653907307       0.193629622       2.77222734E-05
   5826.5389725288924       0.216106594       3.00419360E-05
   5828.9961796670550       0.214806750       3.02022036E-05
   5831.4533868052167       0.207612351       3.00810498E-05
   5833.9105939433784       0.226387829       3.10451433E-05
   5836.3678010815402       0.207973167       3.00468291E-05
   5838.8250082197019       0.210696116       2.91596079E-05
   5841.2822153578636       0.184686035       2.60537490E-05
   5843.7394224960262       0.198798329       2.28925783E-05
   5846.1966296341880       0.187102452       2.54964998E-05
   5848.6538367723497       0.181596741       2.52472928E-05
   5851.1110439105114       0.151169449       2.24572505E-05
   5853.5682510486731       0.166348249       2.29970556E-05
   5856.0254581868348       0.155877501       2.15676610E-05
   5858.4826653249966       0.123104267       1.90362662E-05
   5860.9398724631592       0.158175334       2.18675195E-05
   5863.3970796013209       0.166037023       2.26002121E-05
   5865.8542867394826       0.127277404       1.86198540E-05
   5868.3114938776444       0.160352811       1.77104012E-05
   5870.7687010158061       0.161899924       2.24630567E-05
   5873.2259081539678       0.177511200       2.40756617E-05
   5875.6831152921304       0.145151272       2.11542083E-05
   5878.1403224302921       0.133227542       1.84784640E-05
   5880.5975295684539       0.106622018       1.61835123E-05
   5883.0547367066156       0.124387339       1.74348570E-05
   5885.5119438447773       0.136236057       1.88983668E-05
   5887.9691509829390       0.128799155       1.77762595E-05
   5890.4263581211017        9.70229954E-02   1.40138109E-05
   5892.8835652592634        6.99504465E-02   1.18206244E-05
   5895.3407723974251       0.122844964       1.70364947E-05
   5897.7979795355868       0.146648899       1.98494254E-05
   5900.2551866737485       0.128103033       1.83272150E-05
   5902.7123938119103       0.119558573       1.74088000E-05
   5905.1696009500720       0.133526444       1.89214334E-05
   5907.6268080882346       0.145553753       2.00718750E-05
   5910.0840152263963       0.137350857       2.00866143E-05
   5912.5412223645581       0.159132555       2.26731918E-05
   5914.9984295027198       0.184130967       2.49936693E-05
   5917.4556366408815       0.161179721       2.29408579E-05
   5919.9128437790432       0.141999364       2.15296950E-05
   5922.3700509172058       0.175664514       2.32554976E-05
   5924.8272580553676       0.150887862       2.26135762E-05
   5927.2844651935293       0.169155121       2.29237612E-05
   5929.7416723316910       0.150759161       2.19062058E-05
   5932.1988794698527       0.143717974       2.03463878E-05
   5934.6560866080144       0.138230875       1.96485817E-05
   5937.1132937461771       0.133344650       1.98859289E-05
   5939.5705008843388       0.164312005       2.23419211E-05
   5942.0277080225005       0.159128830       2.24989526E-05
   5944.4849151606622       0.148009300       2.07862140E-05
   5946.9421222988240       0.132163271       2.01403691E-05
   5949.3993294369857       0.173793018       2.39596993E-05
   5951.8565365751474       0.187297985       2.58657074E-05
   5954.3137437133100       0.172808617       2.47106054E-05
   5956.7709508514718       0.165193185       2.29160123E-05
   5959.2281579896335       0.140245348       2.06879558E-05
   5961.6853651277952       0.149117470       2.15090586E-05
   5964.1425722659569       0.170031860       2.31786216E-05
   5966.5997794041186       0.155708507       2.27323544E-05
   5969.0569865422813       0.168891713       2.34179315E-05
   5971.5141936804430       0.163306206       2.31033864E-05
   5973.9714008186047       0.158790931       2.31296854E-05
   5976.4286079567664       0.181953549       2.52188620E-05
   5978.8858150949281       0.184051737       2.60931956E-05
   5981.3430222330899       0.187826172       2.65748531E-05
   5983.8002293712525       0.188116670       2.59003009E-05
   5986.2574365094142       0.157533199       2.32745169E-05
   5988.7146436475759       0.164848700       2.29419202E-05
   5991.1718507857377       0.160875142       2.30871119E-05
   5993.6290579238994       0.168627620       2.38859193E-05
   5996.0862650620611       0.182844132       2.62023495E-05
   5998.5434722002228       0.205774322       2.79159431E-05
   6001.0006793383855       0.178136036       2.55139294E-05
   6003.4578864765472       0.154303908       2.29409561E-05
   6005.9150936147089       0.181715280       2.57634692E-05
   6008.3723007528706       0.207400754       2.83701320E-05
   6010.8295078910323       0.194238946       2.79235283E-05
   6013.2867150291941       0.192768782       2.66960142E-05
   6015.7439221673567       0.171572268       2.51209131E-05
   6018.2011293055184       0.183085859       2.65545368E-05
   6020.6583364436801       0.216161668       2.97230999E-05
   6023.1155435818418       0.211905003       2.97806291E-05
   6025.5727507200036       0.197562754       2.82009114E-05
   6028.0299578581653       0.195059597       2.83081517E-05
   6030.4871649963279       0.211817622       2.85403767E-05
   6032.9443721344896       0.175437763       2.70502642E-05
   6035.4015792726514       0.224585235       3.03916659E-05
   6037.8587864108131       0.222127825       3.17669037E-05
   6040.3159935489748       0.224124089       3.12779957E-05
   6042.7732006871365       0.214432389       3.08911513E-05
   6045.2304078252982       0.224503040       3.17529921E-05
   6047.6876149634609       0.233967870       3.28006354E-05
   6050.1448221016226       0.230359957       3.29685427E-05
   6052.6020292397843       0.240587458       3.36147677E-05
   6055.0592363779460       0.236398309       3.40232218E-05
   6057.5164435161078       0.252418131       3.50479677E-05
   6059.9736506542704       0.244466573       3.49075563E-05
   6062.4308577924321       0.244967803       3.42102321E-05
   6064.8880649305938       0.233615890       3.42385756E-05
   6067.3452720687555       0.267421842       3.67561406E-05
   6069.8024792069173       0.258298516       3.65448650E-05
   6072.2596863450790       0.245111287       3.53035030E-05
   6074.7168934832407       0.262590766       3.71407368E-05
   6077.1741006214033       0.276293546       3.81810423E-05
   6079.6313077595651       0.253465772       3.64681655E-05
   6082.0885148977268       0.252535403       3.56347882E-05
   6084.5457220358885       0.248762250       3.51458257E-05
   6087.0029291740502       0.244106650       3.51815252E-05
   6089.4601363122119       0.260853708       3.56622477E-05
   6091.9173434503737       0.228792101       3.35032346E-05
   6094.3745505885363       0.242730528       3.44792315E-05
   6096.8317577266980       0.263130963       3.63878607E-05
   6099.2889648648597       0.245267287       3.47188507E-05
   6101.7461720030215       0.228047907       3.29631039E-05
   6104.2033791411832       0.240549594       3.38029458E-05
   6106.6605862793458       0.246668115       3.49778238E-05
   6109.1177934175075       0.252691776       3.49195252E-05
   6111.5750005556692       0.221914425       3.17017984E-05
   6114.0322076938310       0.203199625       3.04258865E-05
   6116.4894148319927       0.250627339       3.40855622E-05
   6118.9466219701544       0.245060831       3.51269009E-05
   6121.4038291083161       0.254655987       3.58315447E-05
   6123.8610362464788       0.255892217       3.55373304E-05
   6126.3182433846405       0.224506795       3.21217085E-05
   6128.7754505228022       0.203407347       2.87750572E-05
   6131.2326576609639       0.183754012       2.68789263E-05
   6133.6898647991256       0.197885588       2.73490386E-05
   6136.1470719372874       0.191203102       2.77529780E-05
   6138.6042790754491       0.211008832       2.93539124E-05
   6141.0614862136117       0.211081967       2.95409918E-05
   6143.5186933517734       0.192460582       2.74166450E-05
   6145.9759004899352       0.185851648       2.70215623E-05
   6148.4331076280969       0.209771857       2.90621974E-05
   6150.8903147662586       0.204830691       2.86081922E-05
   6153.3475219044212       0.182434216       2.69579486E-05
   6155.8047290425829       0.204269722       2.78152093E-05
   6158.2619361807447       0.185114309       2.68749372E-05
   6160.7191433189064       0.192862764       2.72837169E-05
   6163.1763504570681       0.196737438       2.66897987E-05
   6165.6335575952298       0.151754633       2.29785110E-05
   6168.0907647333916       0.165741205       2.34139916E-05
   6170.5479718715542       0.179082587       2.49996665E-05
   6173.0051790097159       0.175311700       2.47691423E-05
   6175.4623861478776       0.170973971       2.41678081E-05
   6177.9195932860393       0.164256454       2.32742132E-05
   6180.3768004242011       0.158230692       2.23166353E-05
   6182.8340075623637       0.150523439       2.18923033E-05
   6185.2912147005254       0.164032757       2.24240575E-05
   6187.7484218386871       0.148796082       2.16920998E-05
   6190.2056289768489       0.156065986       2.15630807E-05
   6192.6628361150106       0.146278426       2.11310089E-05
   6195.1200432531723       0.152363643       2.15354594E-05
   6197.5772503913340       0.161230117       2.29358247E-05
   6200.0344575294966       0.174221411       2.43068007E-05
   6202.4916646676584       0.172757298       2.42839251E-05
   6204.9488718058201       0.163622826       2.33945193E-05
   6207.4060789439818       0.163387507       2.28833178E-05
   6209.8632860821435       0.156884581       2.29572652E-05
   6212.3204932203053       0.180080026       2.47384196E-05
   6214.7777003584670       0.171630606       2.40503941E-05
   6217.2349074966296       0.152277380       2.25905642E-05
   6219.6921146347913       0.178395525       2.49735858E-05
   6222.1493217729530       0.190931022       2.64683367E-05
   6224.6065289111148       0.179829523       2.56346848E-05
   6227.0637360492765       0.172829360       2.39448455E-05
   6229.5209431874382       0.145930573       2.17190500E-05
   6231.9781503256008       0.162794009       2.29249872E-05
   6234.4353574637626       0.174760208       2.42307960E-05
   6236.8925646019243       0.163858131       2.33780756E-05
   6239.3497717400860       0.163531244       2.34857507E-05
   6241.8069788782477       0.177128300       2.46064301E-05
   6244.2641860164094       0.173630133       2.48969445E-05
   6246.7213931545721       0.185250178       2.63363145E-05
   6249.1786002927338       0.196565524       2.67223259E-05
   6251.6358074308955       0.161943182       2.38847661E-05
   6254.0930145690572       0.163744792       2.30643345E-05
   6256.5502217072190       0.166649133       2.38707853E-05
   6259.0074288453807       0.179690480       2.51971142E-05
   6261.4646359835424       0.187138796       2.66570023E-05
   6263.9218431217050       0.198912576       2.74998347E-05
   6266.3790502598667       0.185928151       2.66877832E-05
   6268.8362573980285       0.187424809       2.67372343E-05
   6271.2934645361902       0.195947185       2.71993667E-05
   6273.7506716743519       0.186947688       2.75214425E-05
   6276.2078788125136       0.216947928       2.94656675E-05
   6278.6650859506763       0.200760737       2.91974193E-05
   6281.1222930888380       0.217478633       3.12677148E-05
   6283.5795002269997       0.250808299       3.42321764E-05
   6286.0367073651614       0.231673375       3.32127056E-05
   6288.4939145033231       0.229698345       3.29125578E-05
   6290.9511216414849       0.248292893       3.50200098E-05
   6293.4083287796475       0.261861622       3.67778230E-05
   6295.8655359178092       0.264293700       3.73458388E-05
   6298.3227430559709       0.266067415       3.79670855E-05
   6300.7799501941327       0.284371734       4.02493752E-05
   6303.2371573322944       0.299620658       4.14234673E-05
   6305.6943644704561       0.275371403       3.96488176E-05
   6308.1515716086178       0.280121595       4.01809230E-05
   6310.6087787467804       0.309281409       4.33332571E-05
   6313.0659858849422       0.321392536       4.52191525E-05
   6315.5231930231039       0.318312198       4.44365251E-05
   6317.9804001612656       0.293842435       4.29137908E-05
   6320.4376072994273       0.325393707       4.56812413E-05
   6322.8948144375890       0.341695398       4.77936701E-05
   6325.3520215757508       0.336472064       4.82720898E-05
   6327.8092287139134       0.357009172       4.97658002E-05
   6330.2664358520751       0.352311343       5.05905009E-05
   6332.7236429902368       0.375936061       5.24833486E-05
   6335.1808501283986       0.370245218       5.20793292E-05
   6337.6380572665603       0.352093607       5.09882411E-05
   6340.0952644047229       0.383269995       5.35887266E-05
   6342.5524715428846       0.391716778       5.55180122E-05
   6345.0096786810464       0.402033508       5.65759983E-05
   6347.4668858192081       0.401298404       5.65540140E-05
   6349.9240929573698       0.388189524       5.48513599E-05
   6352.3813000955315       0.374421358       5.35432955E-05
   6354.8385072336932       0.384353727       5.41845402E-05
   6357.2957143718559       0.388925433       5.51623743E-05
   6359.7529215100176       0.401473582       5.69511503E-05
   6362.2101286481793       0.416415155       5.77506835E-05
   6364.6673357863410       0.383880258       5.52050551E-05
   6367.1245429245027       0.389055282       5.56347077E-05
   6369.5817500626654       0.423207939       5.93064105E-05
   6372.0389572008271       0.427725196       5.93206896E-05
   6374.4961643389888       0.380674243       5.47911186E-05
   6376.9533714771505       0.369733781       5.28309029E-05
   6379.4105786153123       0.382613927       5.36526750E-05
   6381.8677857534740       0.376358122       5.34201281E-05
   6384.3249928916357       0.377395540       5.34545361E-05
   6386.7822000297983       0.386309475       5.51424673E-05
   6389.2394071679601       0.416194409       5.84789814E-05
   6391.6966143061218       0.431450248       6.08538321E-05
   6394.1538214442835       0.438099653       6.16887482E-05
   6396.6110285824452       0.433340132       6.12905715E-05
   6399.0682357206069       0.429913402       6.12942749E-05
   6401.5254428587687       0.447535664       6.29397473E-05
   6403.9826499969313       0.449335396       6.31867879E-05
   6406.4398571350930       0.435399801       6.19610873E-05
   6408.8970642732547       0.435645461       6.13499724E-05
   6411.3542714114164       0.425454617       6.02326108E-05
   6413.8114785495782       0.414997041       5.88002913E-05
   6416.2686856877408       0.412170351       5.88116636E-05
   6418.7258928259025       0.429326028       5.99967279E-05
   6421.1830999640642       0.413471907       5.81865643E-05
   6423.6403071022260       0.384186834       5.57188578E-05
   6426.0975142403877       0.413212299       5.79898879E-05
   6428.5547213785494       0.425485820       5.99578598E-05
   6431.0119285167111       0.427415311       6.05740497E-05
   6433.4691356548738       0.435215533       6.12135264E-05
   6435.9263427930355       0.426849335       6.02045584E-05
   6438.3835499311972       0.413191557       5.92503711E-05
   6440.8407570693589       0.433302701       6.07730835E-05
   6443.2979642075206       0.431970179       6.10294082E-05
   6445.7551713456824       0.433772892       6.26865585E-05
   6448.2123784838450       0.483830363       6.61788363E-05
   6450.6695856220067       0.439470351       6.25918183E-05
   6453.1267927601684       0.402838409       5.83405745E-05
   6455.5839998983301       0.424911171       5.93246732E-05
   6458.0412070364919       0.415847242       5.90368581E-05
   6460.4984141746536       0.415587157       5.92218930E-05
   6462.9556213128162       0.438904017       6.23612286E-05
   6465.4128284509779       0.473394781       6.64394829E-05
   6467.8700355891397       0.487054229       6.84864281E-05
   6470.3272427273014       0.477093995       6.66806372E-05
   6472.7844498654631       0.435036957       6.28229827E-05
   6475.2416570036248       0.442385048       6.22302396E-05
   6477.6988641417865       0.441218346       6.27993431E-05
   6480.1560712799492       0.454201967       6.42400191E-05
   6482.6132784181109       0.471199930       6.67081113E-05
   6485.0704855562726       0.488857418       6.86296698E-05
   6487.5276926944343       0.484610230       6.85719497E-05
   6489.9848998325961       0.485406905       6.97683790E-05
   6492.4421069707587       0.527931333       7.33225606E-05
   6494.8993141089204       0.520623624       7.46116566E-05
   6497.3565212470821       0.551428318       7.77849054E-05
   6499.8137283852438       0.579813838       8.22150469E-05
   6502.2709355234056       0.616683424       8.71213924E-05
   6504.7281426615673       0.649507165       9.12485484E-05
   6507.1853497997290       0.656295657       9.26933280E-05
   6509.6425569378916       0.655681491       9.28055451E-05
   6512.0997640760534       0.665961862       9.55858632E-05
   6514.5569712142151       0.733307660       1.02748090E-04
   6517.0141783523768       0.761260808       1.07342217E-04
   6519.4713854905385       0.774651349       1.10016117E-04
   6521.9285926287002       0.809677601       1.14460854E-04
   6524.3857997668620       0.846265137       1.19987286E-04
   6526.8430069050246       0.894755006       1.26085230E-04
   6529.3002140431863       0.926980138       1.31196677E-04
   6531.7574211813480       0.962807655       1.36150396E-04
   6534.2146283195098        1.00368559       1.42066609E-04
   6536.6718354576715        1.03715217       1.44068094E-04
   6539.1290425958341       0.955921531       1.36027986E-04
   6541.5862497339958       0.896204770       1.28275671E-04
   6544.0434568721575       0.901053667       1.26739978E-04
   6546.5006640103193       0.870371640       1.22647529E-04
   6548.9578711484810       0.817711830       1.17266580E-04
   6551.4150782866427       0.839056671       1.20602730E-04
   6553.8722854248044       0.957837641       1.38006304E-04
   6556.3294925629671        1.18912899       1.68513288E-04
   6558.7866997011288        1.37689996       1.85744080E-04
   6561.2439068392905        1.15787745       1.63660836E-04
   6563.7011139774522       0.839608550       1.25088773E-04
   6566.1583211156139       0.753304064       1.07827451E-04
   6568.6155282537766       0.723535120       1.02420272E-04
   6571.0727353919374       0.693404257       9.86996456E-05
   6573.5299425301000       0.686839700       9.64956489E-05
   6575.9871496682617       0.655845881       9.38498633E-05
   6578.4443568064235       0.672922671       9.57374141E-05
   6580.9015639445852       0.716467321       1.00542944E-04
   6583.3587710827469       0.729308009       1.02982907E-04
   6585.8159782209095       0.734993517       1.03624814E-04
   6588.2731853590703       0.727180302       1.02662743E-04
   6590.7303924972330       0.709616661       1.00427445E-04
   6593.1875996353947       0.695898056       9.88365646E-05
   6595.6448067735564       0.701895475       9.93616195E-05
   6598.1020139117181       0.715649426       1.01028330E-04
   6600.5592210498799       0.722511828       1.01690151E-04
   6603.0164281880425       0.707384050       1.00138335E-04
   6605.4736353262042       0.701877713       1.00745499E-04
   6607.9308424643659       0.759359300       1.06425301E-04
   6610.3880496025276       0.773293376       1.08197950E-04
   6612.8452567406894       0.733367860       1.04124068E-04
   6615.3024638788520       0.703072131       9.90351473E-05
   6617.7596710170128       0.654277980       9.34572090E-05
   6620.2168781551754       0.641313434       9.11514435E-05
   6622.6740852933372       0.649076402       9.15946803E-05
   6625.1312924314989       0.651983380       9.28460722E-05
   6627.5884995696606       0.680960000       9.54975476E-05
   6630.0457067078223       0.672821701       9.43387786E-05
   6632.5029138459849       0.627008796       8.98013168E-05
   6634.9601209841458       0.631147981       9.00527739E-05
   6637.4173281223084       0.670690298       9.42362167E-05
   6639.8745352604701       0.686647117       9.70671244E-05
   6642.3317423986318       0.697360277       9.76229421E-05
   6644.7889495367936       0.658309877       9.22952022E-05
   6647.2461566749553       0.576942921       8.33315353E-05
   6649.7033638131179       0.562131166       7.95407832E-05
   6652.1605709512796       0.553058028       7.83772557E-05
   6654.6177780894413       0.550360441       7.83849682E-05
   6657.0749852276031       0.575598061       8.16180473E-05
   6659.5321923657648       0.610319018       8.56761035E-05
   6661.9893995039274       0.616414964       8.68952702E-05
   6664.4466066420882       0.616285741       8.83088287E-05
   6666.9038137802509       0.659131706       9.14656630E-05
   6669.3610209184126       0.630804062       8.95684061E-05
   6671.8182280565743       0.610936582       8.67301496E-05
   6674.2754351947360       0.602388322       8.44029928E-05
   6676.7326423328977       0.559950054       8.03317016E-05
   6679.1898494710604       0.561284900       7.91012062E-05
   6681.6470566092212       0.555867195       7.90810518E-05
   6684.1042637473838       0.571200073       8.10608399E-05
   6686.5614708855455       0.596931458       8.33425947E-05
   6689.0186780237073       0.575540066       8.16459724E-05
   6691.4758851618690       0.566410303       8.11233767E-05
   6693.9330923000307       0.600305438       8.42845329E-05
   6696.3902994381933       0.612906814       8.70551012E-05
   6698.8475065763550       0.640250921       9.02643078E-05
   6701.3047137145168       0.657602906       9.29032831E-05
   6703.7619208526785       0.674274206       9.57292723E-05
   6706.2191279908402       0.697752059       9.66044463E-05
   6708.6763351290019       0.632136524       9.02254906E-05
   6711.1335422671636       0.587372482       8.33829035E-05
   6713.5907494053263       0.557096243       7.92196588E-05
   6716.0479565434880       0.540643930       7.67366873E-05
   6718.5051636816497       0.539153695       7.68696336E-05
   6720.9623708198114       0.567164063       8.03221992E-05
   6723.4195779579732       0.594629347       8.27924159E-05
   6725.8767850961358       0.571326733       8.20152782E-05
   6728.3339922342975       0.597064435       8.41006258E-05
   6730.7911993724592       0.611352980       8.61092485E-05
   6733.2484065106210       0.611017942       8.70481090E-05
   6735.7056136487827       0.640440285       9.03627588E-05
   6738.1628207869444       0.657350242       9.17642101E-05
   6740.6200279251061       0.621951759       8.84785986E-05
   6743.0772350632687       0.605642200       8.61523877E-05
   6745.5344422014305       0.608868480       8.54839163E-05
   6747.9916493395922       0.589147210       8.44882234E-05
   6750.4488564777539       0.619846821       8.76904232E-05
   6752.9060636159156       0.651732266       9.12689720E-05
   6755.3632707540773       0.645377755       9.16880963E-05
   6757.8204778922391       0.658510506       9.35736098E-05
   6760.2776850304017       0.691263616       9.73954302E-05
   6762.7348921685634       0.713722765       1.01493351E-04
   6765.1920993067251       0.757852614       1.06393527E-04
   6767.6493064448869       0.769563675       1.08544344E-04
   6770.1065135830486       0.768060446       1.08882268E-04
   6772.5637207212112       0.775105774       1.08945962E-04
   6775.0209278593729       0.751593769       1.06152875E-04
   6777.4781349975347       0.712797344       1.00295780E-04
   6779.9353421356964       0.645439267       9.22114195E-05
   6782.3925492738581       0.614468098       8.83183020E-05
   6784.8497564120198       0.642431438       9.01022358E-05
   6787.3069635501815       0.643357575       9.16624122E-05
   6789.7641706883442       0.673579097       9.53636263E-05
   6792.2213778265059       0.705917239       9.86812011E-05
   6794.6785849646676       0.692049623       9.86471350E-05
   6797.1357921028293       0.707306147       9.93652502E-05
   6799.5929992409910       0.695676684       9.83934951E-05
   6802.0502063791528       0.686216831       9.82575148E-05
   6804.5074135173145       0.729055524       1.02335551E-04
   6806.9646206554771       0.737611234       1.03512590E-04
   6809.4218277936388       0.711161017       1.01335070E-04
   6811.8790349318006       0.716032803       1.01344856E-04
   6814.3362420699623       0.730664253       1.03952574E-04
   6816.7934492081240       0.770872414       1.08226959E-04
   6819.2506563462866       0.773142278       1.08331122E-04
   6821.7078634844484       0.733904064       1.05605672E-04
   6824.1650706226101       0.772707343       1.09347522E-04
   6826.6222777607718       0.815102875       1.14332870E-04
   6829.0794848989335       0.817555666       1.15866962E-04
   6831.5366920370961       0.828836977       1.16781957E-04
   6833.9938991752570       0.820165813       1.15685580E-04
   6836.4511063134196       0.798246264       1.13911155E-04
   6838.9083134515813       0.823226094       1.16677387E-04
   6841.3655205897430       0.852756917       1.18663294E-04
   6843.8227277279047       0.797557056       1.13382317E-04
   6846.2799348660665       0.759038448       1.08113876E-04
   6848.7371420042291       0.752198696       1.06356965E-04
   6851.1943491423908       0.753198445       1.08396627E-04
   6853.6515562805525       0.831353724       1.16497366E-04
   6856.1087634187143       0.869163454       1.22882353E-04
   6858.5659705568760       0.902395010       1.26775834E-04
   6861.0231776950377       0.886881053       1.22644080E-04
   6863.4803848331994       0.733551145       1.05509636E-04
   6865.9375919713621       0.627736568       9.17332291E-05
   6868.3947991095238       0.656534553       9.41344551E-05
   6870.8520062476855       0.737763166       1.03105755E-04
   6873.3092133858472       0.771855175       1.09737077E-04
   6875.7664205240089       0.831758797       1.17388226E-04
   6878.2236276621707       0.876788855       1.22192461E-04
   6880.6808348003324       0.844138324       1.19862918E-04
   6883.1380419384950       0.827979028       1.17185300E-04
   6885.5952490766567       0.813452065       1.14673203E-04
   6888.0524562148184       0.786674559       1.12783280E-04
   6890.5096633529802       0.821013749       1.15004354E-04
   6892.9668704911419       0.806921065       1.13692884E-04
   6895.4240776293036       0.776121795       1.11728419E-04
   6897.8812847674662       0.824026942       1.15026371E-04
   6900.3384919056280       0.817570269       1.16854331E-04
   6902.7956990437897       0.864862502       1.22913683E-04
   6905.2529061819514       0.935667932       1.30752713E-04
   6907.7101133201131       0.940869212       1.33096226E-04
   6910.1673204582748       0.937100887       1.31093824E-04
   6912.6245275964375       0.870297611       1.24005193E-04
   6915.0817347345992       0.836584985       1.19657547E-04
   6917.5389418727609       0.862299323       1.21899226E-04
   6919.9961490109226       0.898192704       1.28899599E-04
   6922.4533561490844        1.01313150       1.42129880E-04
   6924.9105632872470        1.06953728       1.48911306E-04
   6927.3677704254078        1.02842736       1.47353538E-04
   6929.8249775635704        1.06709743       1.51003609E-04
   6932.2821847017321        1.11529469       1.57142611E-04
   6934.7393918398939        1.13319659       1.59841409E-04
   6937.1965989780556        1.14344049       1.63720921E-04
   6939.6538061162173        1.24357927       1.75993395E-04
   6942.1110132543799        1.34572577       1.88542588E-04
   6944.5682203925408        1.36756074       1.92257343E-04
   6947.0254275307034        1.33014107       1.87323269E-04
   6949.4826346688651        1.25620615       1.79541821E-04
   6951.9398418070268        1.25370049       1.77011127E-04
   6954.3970489451885        1.24789286       1.77910129E-04
   6956.8542560833503        1.30067611       1.83966840E-04
   6959.3114632215129        1.36237848       1.92721258E-04
   6961.7686703596746        1.42083633       1.99645176E-04
   6964.2258774978363        1.42323828       2.00685274E-04
   6966.6830846359981        1.39522004       1.97920104E-04
   6969.1402917741598        1.39830613       1.99332237E-04
   6971.5974989123215        1.47765923       2.09405218E-04
   6974.0547060504832        1.56458414       2.18217116E-04
   6976.5119131886458        1.52350080       2.16270928E-04
   6978.9691203268076        1.50740445       2.13377731E-04
   6981.4263274649693        1.50333476       2.12654923E-04
   6983.8835346031310        1.49683428       2.11335268E-04
   6986.3407417412927        1.47056305       2.07514808E-04
   6988.7979488794554        1.42304444       2.02452604E-04
   6991.2551560176171        1.42350531       2.01388553E-04
   6993.7123631557788        1.43000937       2.02849769E-04
   6996.1695702939405        1.47266281       2.09871170E-04
   6998.6267774321022        1.57772946       2.20420843E-04
   7001.0839845702640        1.56848943       2.21873255E-04
   7003.5411917084257        1.56905949       2.25221578E-04
   7005.9983988465883        1.71272027       2.40316178E-04
   7008.4556059847500        1.77251768       2.48567230E-04
   7010.9128131229118        1.73708618       2.46661511E-04
   7013.3700202610735        1.75245082       2.49419769E-04
   7015.8272273992352        1.82933974       2.56357482E-04
   7018.2844345373978        1.81287444       2.57317530E-04
   7020.7416416755586        1.83180094       2.60308967E-04
   7023.1988488137213        1.92902076       2.75476428E-04
   7025.6560559518830        2.13560128       2.99809821E-04
   7028.1132630900447        2.25010824       3.17187718E-04
   7030.5704702282064        2.31655455       3.27104819E-04
   7033.0276773663682        2.35952759       3.32782598E-04
   7035.4848845045308        2.37230682       3.37808480E-04
   7037.9420916426916        2.47857857       3.48771020E-04
   7040.3992987808542        2.51508808       3.55021883E-04
   7042.8565059190159        2.51038718       3.53598356E-04
   7045.3137130571777        2.42613745       3.40369035E-04
   7047.7709201953394        2.17387271       3.04551359E-04
   7050.2281273335011        1.69467270       2.42796494E-04
   7052.6853344716637        1.19670939       1.77336202E-04
   7055.1425416098255       0.935090899       1.37971016E-04
   7057.5997487479872       0.911313534       1.29584034E-04
   7060.0569558861489       0.919212162       1.29429987E-04
   7062.5141630243106       0.911290228       1.30471424E-04
   7064.9713701624732       0.980469882       1.38966992E-04
   7067.4285773006350        1.06448340       1.48624255E-04
   7069.8857844387967        1.06875706       1.50530352E-04
   7072.3429915769584        1.05823219       1.51239277E-04
   7074.8001987151201        1.12455213       1.58858747E-04
   7077.2574058532819        1.18750310       1.66379643E-04
   7079.7146129914436        1.18219483       1.65720630E-04
   7082.1718201296062        1.10471797       1.55005007E-04
   7084.6290272677679       0.956310749       1.36878225E-04
   7087.0862344059296       0.865288258       1.24234168E-04
   7089.5434415440914       0.856415927       1.21691875E-04
   7092.0006486822531       0.874021530       1.23254489E-04
   7094.4578558204148       0.880049586       1.24791288E-04
   7096.9150629585765       0.896438956       1.26287647E-04
   7099.3722700967392       0.903633416       1.29595966E-04
   7101.8294772349009       0.982489526       1.37284529E-04
   7104.2866843730626       0.993853986       1.40232209E-04
   7106.7438915112243       0.995137811       1.42423625E-04
   7109.2010986493860        1.07116616       1.50835127E-04
   7111.6583057875478        1.12598848       1.59037634E-04
   7114.1155129257095        1.16475582       1.63186080E-04
   7116.5727200638721        1.14106321       1.61339412E-04
   7119.0299272020338        1.09971511       1.53856847E-04
   7121.4871343401956       0.974392474       1.38237461E-04
   7123.9443414783573       0.839400232       1.21518678E-04
   7126.4015486165190       0.822480440       1.17453936E-04
   7128.8587557546816       0.854232848       1.19885895E-04
   7131.3159628928424       0.847177684       1.20095807E-04
   7133.7731700310051       0.854804277       1.21819845E-04
   7136.2303771691668       0.900556684       1.26321902E-04
   7138.6875843073285       0.907677889       1.28694839E-04
   7141.1447914454911       0.922453344       1.29663706E-04
   7143.6019985836519       0.914360285       1.30691900E-04
   7146.0592057218146       0.958904922       1.34419446E-04
   7148.5164128599763       0.961297810       1.36461822E-04
   7150.9736199981380       0.981527448       1.38669959E-04
   7153.4308271362997        1.00069714       1.41294353E-04
   7155.8880342744615        1.00977683       1.42841862E-04
   7158.3452414126241        1.02057886       1.43774596E-04
   7160.8024485507858        1.00300932       1.41126759E-04
   7163.2596556889475       0.948625147       1.34689355E-04
   7165.7168628271093       0.919504702       1.32429588E-04
   7168.1740699652710       0.987242699       1.37960698E-04
   7170.6312771034327       0.991678774       1.40725708E-04
   7173.0884842415944        1.01466584       1.44242775E-04
   7175.5456913797570        1.07860839       1.52556371E-04
   7178.0028985179188        1.13420427       1.58184965E-04
   7180.4601056560805        1.09912312       1.56838418E-04
   7182.9173127942422        1.12843275       1.61272052E-04
   7185.3745199324039        1.22175431       1.69646926E-04
   7187.8317270705656        1.18110454       1.67328006E-04
   7190.2889342087274        1.14615417       1.63074641E-04
   7192.7461413468900        1.14170253       1.58912982E-04
   7195.2033484850517        1.02407885       1.46832244E-04
   7197.6605556232134       0.977710128       1.40552191E-04
   7200.1177627613752        1.04164910       1.47722210E-04
   7202.5749698995369        1.11541641       1.55718211E-04
   7205.0321770376986        1.11290967       1.59563133E-04
   7207.4893841758603        1.21055436       1.72175787E-04
   7209.9465913140230        1.33126819       1.84293400E-04
   7212.4037984521847        1.29286885       1.85164521E-04
   7214.8610055903464        1.34297812       1.89116254E-04
   7217.3182127285090        1.37480164       1.95455490E-04
   7219.7754198666698        1.44858360       2.04674696E-04
   7222.2326270048325        1.51244807       2.12299434E-04
   7224.6898341429942        1.51140416       2.13740946E-04
   7227.1470412811559        1.48317266       2.06684170E-04
   7229.6042484193176        1.34071541       1.96273075E-04
   7232.0614555574793        1.46572793       2.05787292E-04
   7234.5186626956420        1.53670967       2.16365021E-04
   7236.9758698338028        1.55158389       2.19817652E-04
   7239.4330769719654        1.59937680       2.28363497E-04
   7241.8902841101271        1.74882901       2.47859309E-04
   7244.3474912482889        1.89865804       2.64162198E-04
   7246.8046983864506        1.86624491       2.65356270E-04
   7249.2619055246123        1.89042413       2.68536241E-04
   7251.7191126627749        1.99045193       2.83448288E-04
   7254.1763198009367        2.14263320       2.97457213E-04
   7256.6335269390984        2.07669640       2.96977843E-04
   7259.0907340772601        2.13251710       3.01207445E-04
   7261.5479412154218        2.19592595       3.11832235E-04
   7264.0051483535835        2.29996037       3.22390231E-04
   7266.4623554917453        2.26755333       3.17895698E-04
   7268.9195626299079        2.10324860       3.01062071E-04
   7271.3767697680696        2.06560040       2.91038392E-04
   7273.8339769062313        2.01211333       2.91046483E-04
   7276.2911840443930        2.23389935       3.16135032E-04
   7278.7483911825548        2.47085547       3.47501336E-04
   7281.2055983207165        2.60706425       3.64981039E-04
   7283.6628054588782        2.57363367       3.62345629E-04
   7286.1200125970408        2.46812201       3.53933661E-04
   7288.5772197352026        2.57816839       3.66001623E-04
   7291.0344268733643        2.77109575       3.92974413E-04
   7293.4916340115260        3.00081539       4.21107659E-04
   7295.9488411496877        3.08294773       4.33168665E-04
   7298.4060482878504        3.04930043       4.34996851E-04
   7300.8632554260121        3.18949103       4.53007378E-04
   7303.3204625641738        3.40651989       4.77670983E-04
   7305.7776697023355        3.45553041       4.89671889E-04
   7308.2348768404972        3.55260849       5.03901741E-04
   7310.6920839786590        3.70955276       5.22237504E-04
   7313.1492911168207        3.78060889       5.37218759E-04
   7315.6064982549833        3.95755124       5.58892789E-04
   7318.0637053931450        4.10572672       5.78552601E-04
   7320.5209125313067        4.15401363       5.85805741E-04
   7322.9781196694685        4.11879063       5.81639470E-04
   7325.4353268076302        4.04605103       5.76231629E-04
   7327.8925339457928        4.15517712       5.90124051E-04
   7330.3497410839536        4.38677406       6.20141625E-04
   7332.8069482221163        4.60513210       6.49127818E-04
   7335.2641553602780        4.74005508       6.69048692E-04
   7337.7213624984397        4.78033066       6.68942928E-04
   7340.1785696366014        4.50726748       6.42011291E-04
   7342.6357767747631        4.40804052       6.28399721E-04
   7345.0929839129258        4.52682257       6.37591409E-04
   7347.5501910510866        4.53641510       6.41926250E-04
   7350.0073981892492        4.56081104       6.46315981E-04
   7352.4646053274109        4.64044905       6.54684787E-04
   7354.9218124655727        4.65881729       6.60768303E-04
   7357.3790196037344        4.78362656       6.80774509E-04
   7359.8362267418961        5.09108257       7.15740316E-04
   7362.2934338800587        5.22657347       7.37388327E-04
   7364.7506410182204        5.27511358       7.44868012E-04
   7367.2078481563822        5.26778793       7.42831209E-04
   7369.6650552945439        5.14639854       7.27943552E-04
   7372.1222624327056        5.04245663       7.18901982E-04
   7374.5794695708682        5.17004108       7.27662875E-04
   7377.0366767090300        5.16904545       7.32106913E-04
   7379.4938838471917        5.19920683       7.36323535E-04
   7381.9510909853534        5.30126238       7.51665153E-04
   7384.4082981235151        5.47526598       7.69759645E-04
   7386.8655052616768        5.43578672       7.64244702E-04
   7389.3227123998386        5.17914724       7.37125054E-04
   7391.7799195380012        5.11180449       7.25499645E-04
   7394.2371266761629        5.17844534       7.34375441E-04
   7396.6943338143246        5.30333185       7.43515498E-04
   7399.1515409524864        5.16297531       7.33243884E-04
   7401.6087480906481        5.13134241       7.26294937E-04
   7404.0659552288098        5.15025425       7.30216503E-04
   7406.5231623669715        5.24063730       7.39333860E-04
   7408.9803695051341        5.26169348       7.42981792E-04
   7411.4375766432959        5.21773863       7.36118935E-04
   7413.8947837814576        5.08396530       7.18882307E-04
   7416.3519909196193        4.93714476       7.02279911E-04
   7418.8091980577810        4.98029995       7.08151376E-04
   7421.2664051959437        5.20477867       7.34725036E-04
   7423.7236123341045        5.37001705       7.55021872E-04
   7426.1808194722671        5.33847094       7.53350905E-04
   7428.6380266104288        5.22430134       7.39235838E-04
   7431.0952337485905        5.11391020       7.23576231E-04
   7433.5524408867523        5.01052284       7.10123742E-04
   7436.0096480249140        4.98433208       7.08121166E-04
   7438.4668551630766        5.08171415       7.13741581E-04
   7440.9240623012374        4.97059059       7.03911996E-04
   7443.3812694394001        4.89418888       6.96545525E-04
   7445.8384765775618        5.01914692       7.08563661E-04
   7448.2956837157235        5.08080006       7.15067261E-04
   7450.7528908538861        5.01386070       7.12997862E-04
   7453.2100979920478        5.08161306       7.13587156E-04
   7455.6673051302096        4.97417879       7.10453722E-04
   7458.1245122683713        5.15678978       7.29153166E-04
   7460.5817194065330        5.32914400       7.47228216E-04
   7463.0389265446947        5.23597097       7.44804332E-04
   7465.4961336828565        5.30301905       7.45856145E-04
   7467.9533408210191        5.21213102       7.39413372E-04
   7470.4105479591808        5.20849943       7.37924478E-04
   7472.8677550973425        5.26610327       7.42925331E-04
   7475.3249622355042        5.25149965       7.44484889E-04
   7477.7821693736660        5.32200861       7.55167275E-04
   7480.2393765118277        5.52579641       7.81654031E-04
   7482.6965836499894        5.71547556       8.01214075E-04
   7485.1537907881520        5.60997391       7.94663676E-04
   7487.6109979263138        5.52670765       7.82222312E-04
   7490.0682050644755        5.49055290       7.79599592E-04
   7492.5254122026372        5.59044361       7.92108534E-04
   7494.9826193407989        5.75750780       8.11277132E-04
   7497.4398264789606        5.80608034       8.21907888E-04
   7499.8970336171224        5.87923956       8.29437922E-04
   7502.3542407552850        5.87505245       8.31684039E-04
   7504.8114478934467        5.88895559       8.31633282E-04
   7507.2686550316084        5.87928152       8.35807994E-04
   7509.7258621697702        6.02402210       8.45370581E-04
   7512.1830693079319        5.90391636       8.37069936E-04
   7514.6402764460936        5.84610844       8.27752578E-04
   7517.0974835842553        5.83686399       8.24847491E-04
   7519.5546907224179        5.79307508       8.20813701E-04
   7522.0118978605797        5.83678198       8.29214463E-04
   7524.4691049987414        6.04429960       8.52440542E-04
   7526.9263121369040        6.17051601       8.72996752E-04
   7529.3835192750648        6.31242895       8.91578326E-04
   7531.8407264132275        6.39876127       9.02337139E-04
   7534.2979335513892        6.40816116       9.12856427E-04
   7536.7551406895509        6.67663813       9.37089440E-04
   7539.2123478277126        6.65580416       9.40599537E-04
   7541.6695549658743        6.58453655       9.33241274E-04
   7544.1267621040370        6.59810734       9.31523798E-04
   7546.5839692421978        6.54534340       9.27612302E-04
   7549.0411763803604        6.56962824       9.28971742E-04
   7551.4983835185221        6.59359598       9.32827941E-04
   7553.9555906566839        6.64621830       9.41791688E-04
   7556.4127977948456        6.75366306       9.48340457E-04
   7558.8700049330073        6.56848478       9.30253067E-04
   7561.3272120711699        6.40948963       9.09367634E-04
   7563.7844192093316        6.38117695       9.03284934E-04
   7566.2416263474934        6.39673090       9.06749105E-04
   7568.6988334856551        6.51363230       9.21314117E-04
   7571.1560406238168        6.65146112       9.40471422E-04
   7573.6132477619785        6.79495764       9.61603655E-04
   7576.0704549001402        6.99002552       9.89178545E-04
   7578.5276620383029        7.19890976       1.00959919E-03
   7580.9848691764637        6.99557018       9.79968812E-04
   7583.4420763146263        6.28804588       8.89711548E-04
   7585.8992834527880        5.42854452       7.73163920E-04
   7588.3564905909498        4.64617729       6.62432692E-04
   7590.8136977291124        3.92046928       5.56403771E-04
   7593.2709048672732        3.10545659       4.45755490E-04
   7595.7281120054358        2.34409761       3.41322302E-04
   7598.1853191435976        1.87205052       2.71516037E-04
   7600.6425262817593        1.63235462       2.34805804E-04
   7603.0997334199219        1.60641479       2.36773223E-04
   7605.5569405580827        2.03701496       2.93432939E-04
   7608.0141476962453        2.64953852       3.75705305E-04
   7610.4713548344071        3.30949664       4.73383901E-04
   7612.9285619725688        4.11606836       5.73821715E-04
   7615.3857691107305        4.51464510       6.22742693E-04
   7617.8429762488922        4.16463947       5.79170010E-04
   7620.3001833870549        3.80737948       4.72176762E-04
   7622.7573905252157        2.66179800       3.81924561E-04
   7625.2145976633783        2.24165392       3.22110689E-04
   7627.6718048015400        1.98646080       2.87822710E-04
   7630.1290119397017        2.02122664       2.84704409E-04
   7632.5862190778635        2.03096867       2.88950163E-04
   7635.0434262160252        2.09735656       2.94106052E-04
   7637.5006333541878        2.06825376       2.93251098E-04
   7639.9578404923486        2.06633639       2.93322839E-04
   7642.4150476305113        2.11302328       2.97175895E-04
   7644.8722547686730        2.09097457       2.95835111E-04
   7647.3294619068347        2.05936027       2.88869778E-04
   7649.7866690449964        1.91763914       2.71224562E-04
   7652.2438761831581        1.74610829       2.46342825E-04
   7654.7010833213208        1.51944733       2.15611435E-04
   7657.1582904594816        1.28896391       1.85607525E-04
   7659.6154975976442        1.18042243       1.68521321E-04
   7662.0727047358059        1.15067005       1.65082994E-04
   7664.5299118739676        1.23887837       1.77502661E-04
   7666.9871190121294        1.42933583       2.01678849E-04
   7669.4443261502911        1.60601270       2.27016222E-04
   7671.9015332884537        1.77376091       2.49241013E-04
   7674.3587404266145        1.88034415       2.65441864E-04
   7676.8159475647772        1.96783340       2.77089042E-04
   7679.2731547029389        2.00209451       2.81719782E-04
   7681.7303618411006        1.98070765       2.81130720E-04
   7684.1875689792632        1.99066138       2.79156229E-04
   7686.6447761174240        1.89133370       2.66659103E-04
   7689.1019832555867        1.72392809       2.43874572E-04
   7691.5591903937484        1.52584028       2.16905959E-04
   7694.0163975319101        1.35591817       1.97535162E-04
   7696.4736046700727        1.43175876       2.03444972E-04
   7698.9308118082336        1.57040775       2.24387637E-04
   7701.3880189463962        1.81113315       2.56761763E-04
   7703.8452260845579        2.05558228       2.86844966E-04
   7706.3024332227196        2.14758015       3.05626483E-04
   7708.7596403608813        2.32096863       3.27382615E-04
   7711.2168474990431        2.45794773       3.45400214E-04
   7713.6740546372057        2.51113057       3.57345125E-04
   7716.1312617753665        2.66652417       3.77338583E-04
   7718.5884689135291        2.84005427       4.00870806E-04
   7721.0456760516909        2.98385477       4.21607459E-04
   7723.5028831898526        3.11321330       4.39808297E-04
   7725.9600903280143        3.23557973       4.58686147E-04
   7728.4172974661760        3.39833832       4.78206668E-04
   7730.8745046043387        3.46396661       4.90210135E-04
   7733.3317117424995        3.54153156       5.01050905E-04
   7735.7889188806621        3.61034131       5.06534998E-04
   7738.2461260188238        3.49390006       4.94503765E-04
   7740.7033331569855        3.35636258       4.73750959E-04
   7743.1605402951473        3.15575314       4.47320286E-04
   7745.6177474333090        2.97014046       4.23290330E-04
   7748.0749545714716        2.91708732       4.14613372E-04
   7750.5321617096324        2.95911765       4.19452350E-04
   7752.9893688477950        3.04517221       4.30116401E-04
   7755.4465759859568        3.11328721       4.40290198E-04
   7757.9037831241185        3.18841553       4.51504515E-04
   7760.3609902622811        3.29768586       4.66243888E-04
   7762.8181974004419        3.40970135       4.81901836E-04
   7765.2754045386046        3.51851606       4.97553905E-04
   7767.7326116767663        3.62689710       5.11146965E-04
   7770.1898188149280        3.66065669       5.16968197E-04
   7772.6470259530906        3.66359115       5.18133165E-04
   7775.1042330912514        3.65271997       5.13782434E-04
   7777.5614402294141        3.51755953       4.99322894E-04
   7780.0186473675749        3.45247555       4.90451232E-04
   7782.4758545057375        3.47882342       4.90798091E-04
   7784.9330616438992        3.46094513       4.91665152E-04
   7787.3902687820610        3.54415083       5.01852599E-04
   7789.8474759202236        3.63786626       5.09167439E-04
   7792.3046830583844        3.50494099       4.98019683E-04
   7794.7618901965470        3.46038914       4.92941123E-04
   7797.2190973347087        3.60169721       5.13398263E-04
   7799.6763044728705        3.94187593       5.59883658E-04
   7802.1335116110322        4.38868332       6.17903599E-04
   7804.5907187491939        4.69960642       6.58305828E-04
   7807.0479258873565        4.74015713       6.70696492E-04
   7809.5051330255174        4.81277752       6.84473547E-04
   7811.9623401636800        5.02396107       7.02230609E-04
   7814.4195473018417        4.88055182       6.89592620E-04
   7816.8767544400034        4.64916563       6.57300057E-04
   7819.3339615781651        4.40896320       6.29457179E-04
   7821.7911687163269        4.38313198       6.17303711E-04
   7824.2483758544895        4.24206591       6.00147061E-04
   7826.7055829926503        4.09652233       5.85603295E-04
   7829.1627901308129        4.22267818       5.96880855E-04
   7831.6199972689747        4.36003304       6.17022510E-04
   7834.0772044071364        4.49157858       6.30894327E-04
   7836.5344115452981        4.46214056       6.34589058E-04
   7838.9916186834598        4.57502031       6.46659697E-04
   7841.4488258216224        4.69558525       6.63307321E-04
   7843.9060329597842        4.76677465       6.70794863E-04
   7846.3632400979459        4.70915842       6.68912951E-04
   7848.8204472361076        4.78935909       6.80079858E-04
   7851.2776543742693        4.97554350       6.97335112E-04
   7853.7348615124320        4.90288544       6.94669143E-04
   7856.1920686505928        4.85226488       6.83708757E-04
   7858.6492757887554        4.69141245       6.64234103E-04
   7861.1064829269171        4.53800201       6.44168700E-04
   7863.5636900650788        4.48148632       6.34049473E-04
   7866.0208972032406        4.43419218       6.28770620E-04
   7868.4781043414023        4.47648335       6.37612422E-04
   7870.9353114795649        4.73591137       6.70143403E-04
   7873.3925186177257        5.00421143       7.02886609E-04
   7875.8497257558884        5.09540176       7.24097481E-04
   7878.3069328940501        5.32990074       7.50878069E-04
   7880.7641400322118        5.45553732       7.69957376E-04
   7883.2213471703744        5.51803350       7.81897746E-04
   7885.6785543085352        5.64051723       7.93783576E-04
   7888.1357614466979        5.58529282       7.87359080E-04
   7890.5929685848587        5.38866949       7.61654577E-04
   7893.0501757230213        5.14781094       7.30251020E-04
   7895.5073828611830        4.98031807       7.07346888E-04
   7897.9645899993448        4.96060324       7.06136925E-04
   7900.4217971375074        5.11544895       7.16516457E-04
   7902.8790042756682        4.96147585       6.99751545E-04
   7905.3362114138308        4.69274569       6.69107714E-04
   7907.7934185519925        4.64798594       6.59218233E-04
   7910.2506256901543        4.71668625       6.70169713E-04
   7912.7078328283160        4.88936949       6.83713646E-04
   7915.1650399664777        4.74838781       6.74272189E-04
   7917.6222471046403        4.70874548       6.69342291E-04
   7920.0794542428021        4.83589411       6.83147984E-04
   7922.5366613809638        4.94771481       7.01131881E-04
   7924.9938685191255        5.13783932       7.27679639E-04
   7927.4510756572872        5.40956926       7.65751989E-04
   7929.9082827954498        5.68463182       7.94619322E-04
   7932.3654899336107        5.55712700       7.83879892E-04
   7934.8226970717733        5.27800226       7.44640711E-04
   7937.2799042099350        4.89453077       6.97049662E-04
   7939.7371113480967        4.67497492       6.64946041E-04
   7942.1943184862585        4.63408041       6.59360259E-04
   7944.6515256244202        4.78587151       6.81545760E-04
   7947.1087327625828        5.18809319       7.37715105E-04
   7949.5659399007436        5.73747635       8.01798888E-04
   7952.0231470389062        5.86059666       8.22581758E-04
   7954.4803541770680        5.68791294       8.05651420E-04
   7956.9375613152297        5.55910015       7.88772013E-04
   7959.3947684533914        5.56437922       7.93401676E-04
   7961.8519755915531        5.85522413       8.27358570E-04
   7964.3091827297158        6.15204620       8.69185082E-04
   7966.7663898678766        6.35533476       8.86962516E-04
   7969.2235970060392        6.06275558       8.61809880E-04
   7971.6808041442009        5.88970804       8.31826124E-04
   7974.1380112823626        5.67092657       8.03868053E-04
   7976.5952184205253        5.50622463       7.83042051E-04
   7979.0524255586861        5.51264524       7.77009234E-04
   7981.5096326968487        5.41336155       7.68552709E-04
   7983.9668398350095        5.42444372       7.67510850E-04
   7986.4240469731722        5.47598457       7.76971166E-04
   7988.8812541113339        5.63433981       7.95802043E-04
   7991.3384612494956        5.78135920       8.19236506E-04
   7993.7956683876582        5.99829102       8.46877520E-04
   7996.2528755258199        6.19036198       8.78100167E-04
   7998.7100826639817        6.50211048       9.17206809E-04
   8001.1672898021434        6.71012831       9.44717089E-04
   8003.6244969403051        6.76957798       9.63539409E-04
   8006.0817040784677        7.08843994       9.98411095E-04
   8008.5389112166285        7.25341225       1.02437916E-03
   8010.9961183547912        7.36559200       1.04485813E-03
   8013.4533254929529        7.62231827       1.07539189E-03
   8015.9105326311146        7.77191210       1.09767215E-03
   8018.3677397692763        7.86889887       1.11528859E-03
   8020.8249469074381        8.07382965       1.14269753E-03
   8023.2821540456007        8.37520885       1.19232386E-03
   8025.7393611837615        9.01133347       1.26812828E-03
   8028.1965683219241        9.36588669      -1.31178519E-03
   8030.6537754600859        0.00000000      -1.00000000    
   8033.1109825982476        0.00000000      -1.00000000    
