   5529.2169088113069        1.00000000      -5.11000218E+09
   5531.6741159494686        4.43805307E-02   6.46965009E-06
   5534.1313230876303        4.92506139E-02   6.76476384E-06
   5536.5885302257930        3.25450487E-02   4.72794636E-06
   5539.0457373639547        3.24114598E-02   4.74038734E-06
   5541.5029445021164        4.29109521E-02   6.12470603E-06
   5543.9601516402781        5.51887043E-02   7.63278695E-06
   5546.4173587784398        5.87081201E-02   8.47513365E-06
   5548.8745659166016        7.55396262E-02   1.05123963E-05
   5551.3317730547642        6.00677095E-02   8.39236236E-06
   5553.7889801929259        5.73825017E-02   8.55010330E-06
   5556.2461873310876        6.81350231E-02   9.25716631E-06
   5558.7033944692494        5.77429123E-02   8.38074084E-06
   5561.1606016074111        7.61631802E-02   1.08841841E-05
   5563.6178087455728        9.86601040E-02   1.39487183E-05
   5566.0750158837354       0.109098889       1.50695350E-05
   5568.5322230218972        9.04636607E-02   1.28691563E-05
   5570.9894301600589       0.109847710       1.61424923E-05
   5573.4466372982206       0.146826074       2.01708899E-05
   5575.9038444363823       0.120294988       1.68340466E-05
   5578.3610515745440       0.123233765       1.83533430E-05
   5580.8182587127058       0.167012408       2.29043417E-05
   5583.2754658508684       0.132712170       1.86838315E-05
   5585.7326729890301       0.140466616       2.07433077E-05
   5588.1898801271918       0.192786202       2.68499170E-05
   5590.6470872653535       0.182233542       2.53076923E-05
   5593.1042944035153       0.150930822       2.17846882E-05
   5595.5615015416770       0.154588833       2.19735739E-05
   5598.0187086798396       0.155398294       2.18890345E-05
   5600.4759158180013       0.150374293       2.12516316E-05
   5602.9331229561631       0.149629235       2.13084240E-05
   5605.3903300943248       0.162922427       2.29977832E-05
   5607.8475372324865       0.166222513       2.34553336E-05
   5610.3047443706482       0.160116091       2.24424475E-05
   5612.7619515088109       0.149333477       2.14693828E-05
   5615.2191586469726       0.174083933       2.46567306E-05
   5617.6763657851343       0.170757636       2.37166551E-05
   5620.1335729232960       0.149843931       2.15083364E-05
   5622.5907800614577       0.156572387       2.22810904E-05
   5625.0479871996195       0.161683977       2.26838820E-05
   5627.5051943377821       0.143063724       2.01637722E-05
   5629.9624014759438       0.124741867       1.78773280E-05
   5632.4196086141055       0.128518134       1.82901204E-05
   5634.8768157522672       0.145236820       2.06246186E-05
   5637.3340228904290       0.152942747       2.12747309E-05
   5639.7912300285907       0.126948714       1.79894942E-05
   5642.2484371667524       0.125277057       1.82346994E-05
   5644.7056443049150       0.140137419       1.92854404E-05
   5647.1628514430768       0.123569518       1.77704860E-05
   5649.6200585812385       0.158528998       2.27615710E-05
   5652.0772657194002       0.184899375       2.55385512E-05
   5654.5344728575619       0.172112733       2.44354524E-05
   5656.9916799957236       0.180554152       2.57711872E-05
   5659.4488871338863       0.187300071       2.61147761E-05
   5661.9060942720480       0.162362993       2.30873975E-05
   5664.3633014102097       0.156904057       2.24521809E-05
   5666.8205085483714       0.162155494       2.28805457E-05
   5669.2777156865332       0.147749245       2.06320401E-05
   5671.7349228246949       0.131588086       1.91441432E-05
   5674.1921299628575       0.163681567       2.31001068E-05
   5676.6493371010192       0.176293910       2.47892494E-05
   5679.1065442391809       0.179338142       2.51560268E-05
   5681.5637513773427       0.168810412       2.40588633E-05
   5684.0209585155044       0.187305018       2.65621165E-05
   5686.4781656536661       0.199161112       2.80235927E-05
   5688.9353727918278       0.205189973       2.89708260E-05
   5691.3925799299905       0.199050203       2.81094799E-05
   5693.8497870681522       0.180928037       2.53434082E-05
   5696.3069942063139       0.180001110       2.63909042E-05
   5698.7642013444756       0.240636066       3.34296965E-05
   5701.2214084826373       0.214574054       3.01041255E-05
   5703.6786156207991       0.208403483       2.99621661E-05
   5706.1358227589617       0.210393056       2.94635011E-05
   5708.5930298971234       0.202709392       2.88043721E-05
   5711.0502370352851       0.208413646       2.96584094E-05
   5713.5074441734469       0.223525941       3.14041972E-05
   5715.9646513116086       0.196739182       2.75927832E-05
   5718.4218584497703       0.179654896       2.60605902E-05
   5720.8790655879329       0.193459719       2.69962147E-05
   5723.3362727260946       0.182806939       2.60379529E-05
   5725.7934798642564       0.199456975       2.83101181E-05
   5728.2506870024181       0.207415000       2.90429871E-05
   5730.7078941405798       0.196853951       2.78651241E-05
   5733.1651012787415       0.206022188       2.95380651E-05
   5735.6223084169033       0.217723668       3.01415366E-05
   5738.0795155550659       0.182122380       2.61954065E-05
   5740.5367226932276       0.180724040       2.53552844E-05
   5742.9939298313893       0.173550516       2.51217571E-05
   5745.4511369695510       0.224266753       3.14583522E-05
   5747.9083441077128       0.211788446       2.95517530E-05
   5750.3655512458745       0.230195746       3.34287870E-05
   5752.8227583840371       0.252745450       3.44926157E-05
   5755.2799655221988       0.218435213       3.18896455E-05
   5757.7371726603606       0.266851157       3.75756827E-05
   5760.1943797985223       0.238466337       3.31011506E-05
   5762.6515869366840       0.186596066       2.70295204E-05
   5765.1087940748457       0.187326878       2.69288139E-05
   5767.5660012130083       0.218616769       3.07476948E-05
   5770.0232083511701       0.213562042       2.98403411E-05
   5772.4804154893318       0.213460729       3.07531263E-05
   5774.9376226274935       0.235330522       3.27476810E-05
   5777.3948297656552       0.217829451       3.10101277E-05
   5779.8520369038170       0.226348609       3.20119179E-05
   5782.3092440419787       0.232936680       3.30503681E-05
   5784.7664511801413       0.243839607       3.41805680E-05
   5787.2236583183030       0.229665518       3.26540830E-05
   5789.6808654564647       0.236612111       3.33695316E-05
   5792.1380725946265       0.241848633       3.44917389E-05
   5794.5952797327882       0.265032589       3.70211274E-05
   5797.0524868709508       0.253166854       3.61232087E-05
   5799.5096940091125       0.271513581       3.80505116E-05
   5801.9669011472743       0.253575504       3.61390121E-05
   5804.4241082854360       0.279993147       3.96361829E-05
   5806.8813154235977       0.265023321       3.70689013E-05
   5809.3385225617594       0.247616455       3.55031771E-05
   5811.7957296999211       0.241978139       3.40101942E-05
   5814.2529368380838       0.213975996       3.02301341E-05
   5816.7101439762455       0.203387231       2.94449801E-05
   5819.1673511144072       0.225612164       3.12649645E-05
   5821.6245582525689       0.197387993       2.83034569E-05
   5824.0817653907307       0.226382241       3.21242842E-05
   5826.5389725288924       0.228458896       3.19602732E-05
   5828.9961796670550       0.236555070       3.37598758E-05
   5831.4533868052167       0.240139052       3.35181758E-05
   5833.9105939433784       0.227186337       3.24152752E-05
   5836.3678010815402       0.234293774       3.31036390E-05
   5838.8250082197019       0.233078241       3.29018403E-05
   5841.2822153578636       0.215151325       3.02255794E-05
   5843.7394224960262       0.197793633       2.84441157E-05
   5846.1966296341880       0.223801836       3.17711165E-05
   5848.6538367723497       0.209827557       2.88949122E-05
   5851.1110439105114       0.150930002       2.20946076E-05
   5853.5682510486731       0.160125956       2.29823909E-05
   5856.0254581868348       0.172797695       2.41396538E-05
   5858.4826653249966       0.175420702       2.49554869E-05
   5860.9398724631592       0.176310629       2.46463587E-05
   5863.3970796013209       0.157030553       2.23589996E-05
   5865.8542867394826       0.159887254       2.28215522E-05
   5868.3114938776444       0.161074594       2.24796549E-05
   5870.7687010158061       0.141876251       2.02137435E-05
   5873.2259081539678       0.141146094       2.00709273E-05
   5875.6831152921304       0.145959258       2.06507302E-05
   5878.1403224302921       0.155076981       2.19093399E-05
   5880.5975295684539       0.149115846       2.09353802E-05
   5883.0547367066156       0.132453069       1.88322265E-05
   5885.5119438447773       0.110888846       1.56490314E-05
   5887.9691509829390       0.107100554       1.57758313E-05
   5890.4263581211017       0.110747144       1.47355549E-05
   5892.8835652592634        7.29856044E-02   1.14202721E-05
   5895.3407723974251       0.121216059       1.68051029E-05
   5897.7979795355868       0.107949883       1.53492092E-05
   5900.2551866737485       0.122567974       1.71669490E-05
   5902.7123938119103       0.103650011       1.48540657E-05
   5905.1696009500720       0.126708567       1.79256131E-05
   5907.6268080882346       0.130386427       1.84786513E-05
   5910.0840152263963       0.168679520       2.39495057E-05
   5912.5412223645581       0.167344123       2.31054746E-05
   5914.9984295027198       0.163736582       2.36909473E-05
   5917.4556366408815       0.182973117       2.56094499E-05
   5919.9128437790432       0.178024217       2.50953763E-05
   5922.3700509172058       0.159929842       2.26041902E-05
   5924.8272580553676       0.151426792       2.16664921E-05
   5927.2844651935293       0.166843191       2.37327731E-05
   5929.7416723316910       0.182243660       2.54881270E-05
   5932.1988794698527       0.167976871       2.37132281E-05
   5934.6560866080144       0.164283887       2.34071795E-05
   5937.1132937461771       0.185182840       2.64744976E-05
   5939.5705008843388       0.212470829       2.95732698E-05
   5942.0277080225005       0.181145474       2.54563292E-05
   5944.4849151606622       0.170103118       2.47664502E-05
   5946.9421222988240       0.189466208       2.63003403E-05
   5949.3993294369857       0.177346781       2.53670096E-05
   5951.8565365751474       0.194693163       2.74584927E-05
   5954.3137437133100       0.188985303       2.66242369E-05
   5956.7709508514718       0.183324292       2.59695644E-05
   5959.2281579896335       0.168430954       2.37682980E-05
   5961.6853651277952       0.171586886       2.47200605E-05
   5964.1425722659569       0.187419251       2.60135948E-05
   5966.5997794041186       0.162754104       2.30821770E-05
   5969.0569865422813       0.180350542       2.61854730E-05
   5971.5141936804430       0.219617993       3.04578953E-05
   5973.9714008186047       0.182733402       2.55866689E-05
   5976.4286079567664       0.142169580       2.06714340E-05
   5978.8858150949281       0.153619111       2.20740658E-05
   5981.3430222330899       0.183180526       2.56648073E-05
   5983.8002293712525       0.185028791       2.60054640E-05
   5986.2574365094142       0.180174112       2.54394799E-05
   5988.7146436475759       0.187737301       2.69104530E-05
   5991.1718507857377       0.218341097       3.05926296E-05
   5993.6290579238994       0.203912497       2.85785027E-05
   5996.0862650620611       0.191437587       2.74902395E-05
   5998.5434722002228       0.189845502       2.65179824E-05
   6001.0006793383855       0.173520178       2.49220502E-05
   6003.4578864765472       0.189305797       2.66818861E-05
   6005.9150936147089       0.188532606       2.65891595E-05
   6008.3723007528706       0.205339089       2.93758367E-05
   6010.8295078910323       0.211703837       2.92260011E-05
   6013.2867150291941       0.173983261       2.50609028E-05
   6015.7439221673567       0.193782300       2.78101652E-05
   6018.2011293055184       0.207372889       2.86729628E-05
   6020.6583364436801       0.192664564       2.76997434E-05
   6023.1155435818418       0.223980486       3.17238519E-05
   6025.5727507200036       0.223671928       3.11011681E-05
   6028.0299578581653       0.201316744       2.89204490E-05
   6030.4871649963279       0.204153463       2.87015209E-05
   6032.9443721344896       0.188384384       2.67548658E-05
   6035.4015792726514       0.190098971       2.68975309E-05
   6037.8587864108131       0.206769347       2.96149301E-05
   6040.3159935489748       0.249470770       3.49263828E-05
   6042.7732006871365       0.233043462       3.25606961E-05
   6045.2304078252982       0.228714898       3.30818184E-05
   6047.6876149634609       0.254688561       3.54443800E-05
   6050.1448221016226       0.239654347       3.40812403E-05
   6052.6020292397843       0.251567513       3.56008022E-05
   6055.0592363779460       0.265770942       3.77371653E-05
   6057.5164435161078       0.274796814       3.82906837E-05
   6059.9736506542704       0.249184176       3.57704666E-05
   6062.4308577924321       0.270450145       3.80786041E-05
   6064.8880649305938       0.247772530       3.48333924E-05
   6067.3452720687555       0.253209144       3.64826847E-05
   6069.8024792069173       0.283729434       3.95933130E-05
   6072.2596863450790       0.273939401       3.86817155E-05
   6074.7168934832407       0.296864182       4.27268278E-05
   6077.1741006214033       0.322093397       4.42026358E-05
   6079.6313077595651       0.257985920       3.74178599E-05
   6082.0885148977268       0.299255580       4.26475344E-05
   6084.5457220358885       0.286876619       3.96632713E-05
   6087.0029291740502       0.263211817       3.82699873E-05
   6089.4601363122119       0.275953650       3.81430364E-05
   6091.9173434503737       0.252132177       3.66071763E-05
   6094.3745505885363       0.293811828       4.09642453E-05
   6096.8317577266980       0.253545165       3.57887184E-05
   6099.2889648648597       0.255363792       3.68410874E-05
   6101.7461720030215       0.261840880       3.62502506E-05
   6104.2033791411832       0.234177724       3.36874800E-05
   6106.6605862793458       0.257765889       3.64696862E-05
   6109.1177934175075       0.266320080       3.74682350E-05
   6111.5750005556692       0.258787930       3.64940606E-05
   6114.0322076938310       0.235438377       3.32790769E-05
   6116.4894148319927       0.236434549       3.40380029E-05
   6118.9466219701544       0.257423460       3.57802455E-05
   6121.4038291083161       0.219073087       3.11139447E-05
   6123.8610362464788       0.217609286       3.12135417E-05
   6126.3182433846405       0.225915909       3.16181249E-05
   6128.7754505228022       0.226311564       3.23103013E-05
   6131.2326576609639       0.231653959       3.22768065E-05
   6133.6898647991256       0.212808877       3.05258291E-05
   6136.1470719372874       0.235205397       3.32028867E-05
   6138.6042790754491       0.227256328       3.19103783E-05
   6141.0614862136117       0.210299999       2.97967072E-05
   6143.5186933517734       0.199986562       2.85354508E-05
   6145.9759004899352       0.217929527       3.08689960E-05
   6148.4331076280969       0.216344669       3.02400276E-05
   6150.8903147662586       0.200008363       2.85435053E-05
   6153.3475219044212       0.200424239       2.82770980E-05
   6155.8047290425829       0.196781635       2.79422347E-05
   6158.2619361807447       0.207366675       2.93303110E-05
   6160.7191433189064       0.200447991       2.80625300E-05
   6163.1763504570681       0.193205237       2.78444713E-05
   6165.6335575952298       0.194823325       2.68067652E-05
   6168.0907647333916       0.164614111       2.42597325E-05
   6170.5479718715542       0.193860933       2.66299357E-05
   6173.0051790097159       0.147154376       2.13717576E-05
   6175.4623861478776       0.183493003       2.62939393E-05
   6177.9195932860393       0.174562275       2.39258115E-05
   6180.3768004242011       0.171295896       2.52486443E-05
   6182.8340075623637       0.193837479       2.64182327E-05
   6185.2912147005254       0.151411533       2.19569938E-05
   6187.7484218386871       0.154716760       2.18587757E-05
   6190.2056289768489       0.159642801       2.29065863E-05
   6192.6628361150106       0.181205094       2.51154670E-05
   6195.1200432531723       0.156863853       2.23961124E-05
   6197.5772503913340       0.170941189       2.43411469E-05
   6200.0344575294966       0.180356041       2.54336228E-05
   6202.4916646676584       0.174098894       2.41590533E-05
   6204.9488718058201       0.151494652       2.21858263E-05
   6207.4060789439818       0.188150287       2.62010199E-05
   6209.8632860821435       0.166830420       2.36436663E-05
   6212.3204932203053       0.182466090       2.60190827E-05
   6214.7777003584670       0.182522327       2.55734722E-05
   6217.2349074966296       0.188202664       2.68060139E-05
   6219.6921146347913       0.180672795       2.52748578E-05
   6222.1493217729530       0.163741007       2.33505725E-05
   6224.6065289111148       0.159975201       2.27963556E-05
   6227.0637360492765       0.165141255       2.31576978E-05
   6229.5209431874382       0.153529555       2.18381520E-05
   6231.9781503256008       0.176800475       2.52905738E-05
   6234.4353574637626       0.196779162       2.74271097E-05
   6236.8925646019243       0.184410214       2.59907356E-05
   6239.3497717400860       0.170169577       2.43031918E-05
   6241.8069788782477       0.178197742       2.52317732E-05
   6244.2641860164094       0.173808679       2.43991653E-05
   6246.7213931545721       0.176832139       2.53512771E-05
   6249.1786002927338       0.194885492       2.72431716E-05
   6251.6358074308955       0.199156865       2.84414218E-05
   6254.0930145690572       0.207849011       2.88800875E-05
   6256.5502217072190       0.183254749       2.64062473E-05
   6259.0074288453807       0.191383079       2.67100186E-05
   6261.4646359835424       0.167479724       2.40629670E-05
   6263.9218431217050       0.199433371       2.83986083E-05
   6266.3790502598667       0.205167502       2.85309579E-05
   6268.8362573980285       0.198662370       2.83501304E-05
   6271.2934645361902       0.209601536       2.97217248E-05
   6273.7506716743519       0.219344810       3.07074733E-05
   6276.2078788125136       0.208336398       2.97278657E-05
   6278.6650859506763       0.225884184       3.18245111E-05
   6281.1222930888380       0.221920431       3.13791352E-05
   6283.5795002269997       0.245196491       3.49173679E-05
   6286.0367073651614       0.255942285       3.57046956E-05
   6288.4939145033231       0.251359016       3.58735924E-05
   6290.9511216414849       0.267930657       3.77653741E-05
   6293.4083287796475       0.277694911       3.93327573E-05
   6295.8655359178092       0.276672035       3.86911452E-05
   6298.3227430559709       0.273918122       3.95897441E-05
   6300.7799501941327       0.311718851       4.32447778E-05
   6303.2371573322944       0.260673046       3.70614107E-05
   6305.6943644704561       0.274660230       3.95539282E-05
   6308.1515716086178       0.302736551       4.22485464E-05
   6310.6087787467804       0.318075389       4.53899484E-05
   6313.0659858849422       0.329367876       4.58292998E-05
   6315.5231930231039       0.302822769       4.34376852E-05
   6317.9804001612656       0.322187215       4.52988206E-05
   6320.4376072994273       0.317948937       4.51668857E-05
   6322.8948144375890       0.348172456       4.91770334E-05
   6325.3520215757508       0.369979680       5.24853604E-05
   6327.8092287139134       0.379378855       5.27251395E-05
   6330.2664358520751       0.337173104       4.86333629E-05
   6332.7236429902368       0.399602890       5.65377777E-05
   6335.1808501283986       0.393770039       5.48807766E-05
   6337.6380572665603       0.397124618       5.71789242E-05
   6340.0952644047229       0.428078890       5.95824458E-05
   6342.5524715428846       0.398722261       5.67761163E-05
   6345.0096786810464       0.407516152       5.75745653E-05
   6347.4668858192081       0.433267951       6.18693812E-05
   6349.9240929573698       0.470982313       6.56192788E-05
   6352.3813000955315       0.401070654       5.67381685E-05
   6354.8385072336932       0.378508389       5.45043440E-05
   6357.2957143718559       0.416019201       5.87563009E-05
   6359.7529215100176       0.413475007       5.76948551E-05
   6362.2101286481793       0.392857432       5.66409944E-05
   6364.6673357863410       0.433284670       6.03043845E-05
   6367.1245429245027       0.404081255       5.79667794E-05
   6369.5817500626654       0.448638290       6.28750640E-05
   6372.0389572008271       0.401537240       5.68228024E-05
   6374.4961643389888       0.415792972       5.94188350E-05
   6376.9533714771505       0.411704600       5.75627564E-05
   6379.4105786153123       0.389092118       5.54689359E-05
   6381.8677857534740       0.385697573       5.45522125E-05
   6384.3249928916357       0.382033378       5.38380191E-05
   6386.7822000297983       0.384878844       5.50823897E-05
   6389.2394071679601       0.424900770       5.93301520E-05
   6391.6966143061218       0.391479015       5.56073501E-05
   6394.1538214442835       0.412394643       5.84785885E-05
   6396.6110285824452       0.412222385       5.80380365E-05
   6399.0682357206069       0.439644068       6.26179608E-05
   6401.5254428587687       0.463636577       6.49089561E-05
   6403.9826499969313       0.459983557       6.53857860E-05
   6406.4398571350930       0.459248036       6.44450192E-05
   6408.8970642732547       0.435148269       6.20795036E-05
   6411.3542714114164       0.459217280       6.49145441E-05
   6413.8114785495782       0.444722444       6.24170061E-05
   6416.2686856877408       0.428669900       6.13664815E-05
   6418.7258928259025       0.445046395       6.23432061E-05
   6421.1830999640642       0.418945670       5.96505633E-05
   6423.6403071022260       0.444269866       6.29934584E-05
   6426.0975142403877       0.431273460       6.02633372E-05
   6428.5547213785494       0.404425144       5.80767810E-05
   6431.0119285167111       0.442181766       6.23173473E-05
   6433.4691356548738       0.440893233       6.20948995E-05
   6435.9263427930355       0.439873397       6.24765235E-05
   6438.3835499311972       0.436303854       6.13072552E-05
   6440.8407570693589       0.421164364       6.00134445E-05
   6443.2979642075206       0.447258741       6.31833173E-05
   6445.7551713456824       0.457132071       6.45119580E-05
   6448.2123784838450       0.462167859       6.53692987E-05
   6450.6695856220067       0.444609612       6.25986650E-05
   6453.1267927601684       0.409298509       5.81593922E-05
   6455.5839998983301       0.415702462       5.92672877E-05
   6458.0412070364919       0.442000359       6.20530409E-05
   6460.4984141746536       0.442346841       6.27579502E-05
   6462.9556213128162       0.466682881       6.58332574E-05
   6465.4128284509779       0.481138229       6.81647143E-05
   6467.8700355891397       0.507368624       7.13741756E-05
   6470.3272427273014       0.522882402       7.45532307E-05
   6472.7844498654631       0.555141151       7.74844884E-05
   6475.2416570036248       0.475325376       6.75039337E-05
   6477.6988641417865       0.460187256       6.58966528E-05
   6480.1560712799492       0.462307841       6.49740687E-05
   6482.6132784181109       0.466089427       6.64078034E-05
   6485.0704855562726       0.501136124       7.06556748E-05
   6487.5276926944343       0.517105818       7.30013780E-05
   6489.9848998325961       0.534697652       7.57883390E-05
   6492.4421069707587       0.537204504       7.53471031E-05
   6494.8993141089204       0.520868957       7.45112993E-05
   6497.3565212470821       0.557679355       7.81556082E-05
   6499.8137283852438       0.561700046       8.03432049E-05
   6502.2709355234056       0.637209833       8.92117605E-05
   6504.7281426615673       0.622899354       8.84776236E-05
   6507.1853497997290       0.675990939       9.53480267E-05
   6509.6425569378916       0.655179977       9.23534972E-05
   6512.0997640760534       0.689229071       9.82896963E-05
   6514.5569712142151       0.726726890       1.01867183E-04
   6517.0141783523768       0.729470730       1.03482816E-04
   6519.4713854905385       0.767364562       1.08531560E-04
   6521.9285926287002       0.823894262       1.16536030E-04
   6524.3857997668620       0.875181198       1.23413862E-04
   6526.8430069050246       0.892222166       1.25763647E-04
   6529.3002140431863       0.894181788       1.26637169E-04
   6531.7574211813480       0.940043569       1.33047055E-04
   6534.2146283195098        1.02077532       1.44716134E-04
   6536.6718354576715        1.07807207       1.50864857E-04
   6539.1290425958341        1.01480722       1.44158825E-04
   6541.5862497339958        1.02992427       1.45876635E-04
   6544.0434568721575       0.986083865       1.38921489E-04
   6546.5006640103193       0.924033999       1.31233450E-04
   6548.9578711484810       0.880653799       1.24688551E-04
   6551.4150782866427       0.903114498       1.28797663E-04
   6553.8722854248044       0.946722388       1.32265268E-04
   6556.3294925629671       0.941413462       1.34671835E-04
   6558.7866997011288        1.08438540       1.52881446E-04
   6561.2439068392905        1.08405972       1.51858709E-04
   6563.7011139774522        1.00673854       1.43154088E-04
   6566.1583211156139       0.917280972       1.29341352E-04
   6568.6155282537766       0.776878536       1.10777073E-04
   6571.0727353919374       0.742259502       1.06607818E-04
   6573.5299425301000       0.752953529       1.04923012E-04
   6575.9871496682617       0.686334133       9.87446183E-05
   6578.4443568064235       0.745941043       1.04551844E-04
   6580.9015639445852       0.680181146       9.63313505E-05
   6583.3587710827469       0.720527351       1.02851001E-04
   6585.8159782209095       0.739056230       1.03167047E-04
   6588.2731853590703       0.725000799       1.03571772E-04
   6590.7303924972330       0.744918823       1.04364401E-04
   6593.1875996353947       0.702709854       1.00004720E-04
   6595.6448067735564       0.707035065       9.97005045E-05
   6598.1020139117181       0.673402071       9.53501003E-05
   6600.5592210498799       0.693761766       9.86686355E-05
   6603.0164281880425       0.706404328       9.88609099E-05
   6605.4736353262042       0.689300239       9.85064980E-05
   6607.9308424643659       0.740260065       1.03973871E-04
   6610.3880496025276       0.715946019       1.01262201E-04
   6612.8452567406894       0.732022703       1.03804763E-04
   6615.3024638788520       0.738481641       1.04157029E-04
   6617.7596710170128       0.721661329       1.01848971E-04
   6620.2168781551754       0.683663130       9.70185138E-05
   6622.6740852933372       0.683065236       9.67299202E-05
   6625.1312924314989       0.673963904       9.52307237E-05
   6627.5884995696606       0.683511853       9.70024412E-05
   6630.0457067078223       0.684635580       9.61769911E-05
   6632.5029138459849       0.658600330       9.37033183E-05
   6634.9601209841458       0.680913627       9.63535713E-05
   6637.4173281223084       0.660347998       9.26168213E-05
   6639.8745352604701       0.615134656       8.79253785E-05
   6642.3317423986318       0.660480261       9.35148637E-05
   6644.7889495367936       0.672354579       9.45421198E-05
   6647.2461566749553       0.655216515       9.28682202E-05
   6649.7033638131179       0.598022580       8.38261767E-05
   6652.1605709512796       0.540600002       7.82729330E-05
   6654.6177780894413       0.589419186       8.22297516E-05
   6657.0749852276031       0.548315585       7.82581774E-05
   6659.5321923657648       0.609823465       8.61936060E-05
   6661.9893995039274       0.605998516       8.51191871E-05
   6664.4466066420882       0.633012354       9.02758038E-05
   6666.9038137802509       0.659105659       9.22184481E-05
   6669.3610209184126       0.641587019       9.12146061E-05
   6671.8182280565743       0.655225039       9.24956548E-05
   6674.2754351947360       0.650651991       9.19645754E-05
   6676.7326423328977       0.641282499       9.07281865E-05
   6679.1898494710604       0.638750553       9.06228670E-05
   6681.6470566092212       0.605586290       8.47928968E-05
   6684.1042637473838       0.532166302       7.64341821E-05
   6686.5614708855455       0.559039950       7.90475824E-05
   6689.0186780237073       0.563923836       7.97597750E-05
   6691.4758851618690       0.586728454       8.28132397E-05
   6693.9330923000307       0.573412061       8.09342164E-05
   6696.3902994381933       0.584329963       8.30184508E-05
   6698.8475065763550       0.600857615       8.45078030E-05
   6701.3047137145168       0.617433548       8.77745697E-05
   6703.7619208526785       0.662411630       9.33120027E-05
   6706.2191279908402       0.656970620       9.24378110E-05
   6708.6763351290019       0.638361275       9.08242291E-05
   6711.1335422671636       0.651493847       9.18054284E-05
   6713.5907494053263       0.622230172       8.80530206E-05
   6716.0479565434880       0.627667785       8.93181423E-05
   6718.5051636816497       0.602502048       8.40518915E-05
   6720.9623708198114       0.540608883       7.80326955E-05
   6723.4195779579732       0.583939850       8.19201960E-05
   6725.8767850961358       0.561710417       7.98052133E-05
   6728.3339922342975       0.594635785       8.38878550E-05
   6730.7911993724592       0.596240222       8.46044131E-05
   6733.2484065106210       0.621658742       8.72091259E-05
   6735.7056136487827       0.584726095       8.32709702E-05
   6738.1628207869444       0.632850349       8.94829500E-05
   6740.6200279251061       0.641199946       9.06029527E-05
   6743.0772350632687       0.660427928       9.29729504E-05
   6745.5344422014305       0.613032579       8.67741765E-05
   6747.9916493395922       0.637610793       9.10572198E-05
   6750.4488564777539       0.645873189       9.00189989E-05
   6752.9060636159156       0.603566647       8.63873647E-05
   6755.3632707540773       0.650161624       9.19425074E-05
   6757.8204778922391       0.656652749       9.20574457E-05
   6760.2776850304017       0.660647452       9.45796783E-05
   6762.7348921685634       0.729327440       1.02130427E-04
   6765.1920993067251       0.685317278       9.67479427E-05
   6767.6493064448869       0.699643731       9.98639298E-05
   6770.1065135830486       0.745986044       1.04807492E-04
   6772.5637207212112       0.763960063       1.08360015E-04
   6775.0209278593729       0.774195254       1.08714143E-04
   6777.4781349975347       0.725848734       1.03155893E-04
   6779.9353421356964       0.718689740       1.01660276E-04
   6782.3925492738581       0.677002966       9.56830918E-05
   6784.8497564120198       0.661345482       9.42040206E-05
   6787.3069635501815       0.656605065       9.22339459E-05
   6789.7641706883442       0.642299533       9.17167927E-05
   6792.2213778265059       0.688952684       9.69510584E-05
   6794.6785849646676       0.698191702       9.90233093E-05
   6797.1357921028293       0.703198314       9.83772552E-05
   6799.5929992409910       0.665443599       9.55240321E-05
   6802.0502063791528       0.746955335       1.04869119E-04
   6804.5074135173145       0.730026901       1.03350911E-04
   6806.9646206554771       0.763564348       1.07827138E-04
   6809.4218277936388       0.730675399       1.03085338E-04
   6811.8790349318006       0.745743334       1.06227999E-04
   6814.3362420699623       0.762565076       1.07138454E-04
   6816.7934492081240       0.732622266       1.03534439E-04
   6819.2506563462866       0.723767519       1.03238053E-04
   6821.7078634844484       0.763958335       1.07209999E-04
   6824.1650706226101       0.727875769       1.03282182E-04
   6826.6222777607718       0.764977098       1.08422260E-04
   6829.0794848989335       0.777701974       1.09537330E-04
   6831.5366920370961       0.795516551       1.12737544E-04
   6833.9938991752570       0.813130081       1.14858725E-04
   6836.4511063134196       0.812658191       1.14475675E-04
   6838.9083134515813       0.775792181       1.10161942E-04
   6841.3655205897430       0.796902537       1.12894144E-04
   6843.8227277279047       0.793344259       1.11826048E-04
   6846.2799348660665       0.780230999       1.10542111E-04
   6848.7371420042291       0.767427862       1.08524386E-04
   6851.1943491423908       0.772788286       1.09622357E-04
   6853.6515562805525       0.772943139       1.08799512E-04
   6856.1087634187143       0.749107480       1.06388841E-04
   6858.5659705568760       0.768444002       1.08733242E-04
   6861.0231776950377       0.778024197       1.09863220E-04
   6863.4803848331994       0.770072043       1.08701191E-04
   6865.9375919713621       0.757929385       1.07580141E-04
   6868.3947991095238       0.788146496       1.11503279E-04
   6870.8520062476855       0.785352886       1.10308662E-04
   6873.3092133858472       0.792955041       1.13302573E-04
   6875.7664205240089       0.900484920       1.26942366E-04
   6878.2236276621707       0.928930104       1.30621600E-04
   6880.6808348003324       0.895753562       1.26336396E-04
   6883.1380419384950       0.844827235       1.20217715E-04
   6885.5952490766567       0.866766274       1.22726444E-04
   6888.0524562148184       0.857290208       1.20752578E-04
   6890.5096633529802       0.869135857       1.23967737E-04
   6892.9668704911419       0.897746682       1.25556413E-04
   6895.4240776293036       0.840182006       1.19739649E-04
   6897.8812847674662       0.888072431       1.25810198E-04
   6900.3384919056280       0.911609590       1.28487794E-04
   6902.7956990437897       0.915313840       1.29284876E-04
   6905.2529061819514       0.917332768       1.30203320E-04
   6907.7101133201131       0.954565227       1.34567599E-04
   6910.1673204582748       0.951604068       1.34925009E-04
   6912.6245275964375       0.968798757       1.36507224E-04
   6915.0817347345992       0.915028095       1.29517037E-04
   6917.5389418727609       0.916790903       1.30279121E-04
   6919.9961490109226       0.945353150       1.33639958E-04
   6922.4533561490844       0.977219284       1.37899289E-04
   6924.9105632872470       0.974724412       1.37742143E-04
   6927.3677704254078        1.02746236       1.46047285E-04
   6929.8249775635704        1.10452378       1.55354268E-04
   6932.2821847017321        1.11900735       1.58036215E-04
   6934.7393918398939        1.13129282       1.60044554E-04
   6937.1965989780556        1.17252481       1.66022859E-04
   6939.6538061162173        1.22480989       1.72752247E-04
   6942.1110132543799        1.28575754       1.82343065E-04
   6944.5682203925408        1.36247671       1.91534054E-04
   6947.0254275307034        1.38388968       1.96526802E-04
   6949.4826346688651        1.43189204       2.01126313E-04
   6951.9398418070268        1.35603607       1.92539403E-04
   6954.3970489451885        1.35088074       1.90709776E-04
   6956.8542560833503        1.31762552       1.87442114E-04
   6959.3114632215129        1.40085816       1.97626476E-04
   6961.7686703596746        1.40753317       1.99268965E-04
   6964.2258774978363        1.44954586       2.04169672E-04
   6966.6830846359981        1.39933407       1.98447873E-04
   6969.1402917741598        1.47507763       2.09140999E-04
   6971.5974989123215        1.50672531       2.12110856E-04
   6974.0547060504832        1.51493275       2.14451895E-04
   6976.5119131886458        1.52648950       2.16071057E-04
   6978.9691203268076        1.56340456       2.20723916E-04
   6981.4263274649693        1.55631053       2.20354341E-04
   6983.8835346031310        1.58310974       2.23507464E-04
   6986.3407417412927        1.56592405       2.21898954E-04
   6988.7979488794554        1.60428405       2.26695600E-04
   6991.2551560176171        1.56890512       2.21634313E-04
   6993.7123631557788        1.54829049       2.19327907E-04
   6996.1695702939405        1.53855669       2.17924739E-04
   6998.6267774321022        1.59197223       2.25379306E-04
   7001.0839845702640        1.62186444       2.28632663E-04
   7003.5411917084257        1.66682684       2.36791704E-04
   7005.9983988465883        1.75284183       2.46766169E-04
   7008.4556059847500        1.71329379       2.41690679E-04
   7010.9128131229118        1.72724903       2.46173207E-04
   7013.3700202610735        1.83449149       2.57807696E-04
   7015.8272273992352        1.80054867       2.54780432E-04
   7018.2844345373978        1.84235144       2.60813627E-04
   7020.7416416755586        1.86877239       2.63617956E-04
   7023.1988488137213        1.95327199       2.77322979E-04
   7025.6560559518830        2.08423066       2.93230842E-04
   7028.1132630900447        2.10718918       2.97423132E-04
   7030.5704702282064        2.18920517       3.10584583E-04
   7033.0276773663682        2.32489920       3.27271060E-04
   7035.4848845045308        2.34559321       3.31207353E-04
   7037.9420916426916        2.42121887       3.43308726E-04
   7040.3992987808542        2.50763631       3.52646166E-04
   7042.8565059190159        2.47339463       3.50840593E-04
   7045.3137130571777        2.53970742       3.58941674E-04
   7047.7709201953394        2.37693143       3.34154320E-04
   7050.2281273335011        2.08187461       2.97384948E-04
   7052.6853344716637        1.76797128       2.48743076E-04
   7055.1425416098255        1.45552754       2.13257037E-04
   7057.5997487479872        1.34467411       1.82765463E-04
   7060.0569558861489       0.922008634       1.42614241E-04
   7062.5141630243106       0.953345120       2.05788543E-04
   7064.9713701624732       0.983464777       1.54757945E-04
   7067.4285773006350       0.957397997       1.42707315E-04
   7069.8857844387967        1.05359530       1.45842772E-04
   7072.3429915769584        1.07077062       1.52765802E-04
   7074.8001987151201        1.09173596       1.52777662E-04
   7077.2574058532819        1.09679186       1.56060822E-04
   7079.7146129914436        1.14864159       1.61956239E-04
   7082.1718201296062        1.15968227       1.63295583E-04
   7084.6290272677679        1.06996751       1.51147862E-04
   7087.0862344059296        1.01820183       1.44851554E-04
   7089.5434415440914       0.964862585       1.36024435E-04
   7092.0006486822531       0.897447824       1.27514490E-04
   7094.4578558204148       0.867684901       1.23116915E-04
   7096.9150629585765       0.860024333       1.21256744E-04
   7099.3722700967392       0.843723655       1.19998273E-04
   7101.8294772349009       0.923991919       1.30750850E-04
   7104.2866843730626       0.965824962       1.35710099E-04
   7106.7438915112243       0.957348228       1.35176044E-04
   7109.2010986493860       0.967610121       1.37464885E-04
   7111.6583057875478        1.04322588       1.47154205E-04
   7114.1155129257095        1.07111490       1.51050539E-04
   7116.5727200638721        1.11137366       1.57532559E-04
   7119.0299272020338        1.12380564       1.57979230E-04
   7121.4871343401956        1.03801334       1.46809689E-04
   7123.9443414783573       0.950441837       1.35135968E-04
   7126.4015486165190       0.913570464       1.29805194E-04
   7128.8587557546816       0.888062477       1.25346734E-04
   7131.3159628928424       0.831268549       1.17792981E-04
   7133.7731700310051       0.824694157       1.17478383E-04
   7136.2303771691668       0.855679810       1.20388140E-04
   7138.6875843073285       0.839114428       1.18890377E-04
   7141.1447914454911       0.862555206       1.22133381E-04
   7143.6019985836519       0.864333272       1.21597426E-04
   7146.0592057218146       0.868120074       1.23554142E-04
   7148.5164128599763       0.947064817       1.33810783E-04
   7150.9736199981380       0.979804695       1.37699390E-04
   7153.4308271362997       0.977341175       1.38730655E-04
   7155.8880342744615       0.989813209       1.39299140E-04
   7158.3452414126241       0.947940171       1.34411501E-04
   7160.8024485507858       0.975167572       1.38563846E-04
   7163.2596556889475       0.987183988       1.38497358E-04
   7165.7168628271093       0.927164853       1.31688983E-04
   7168.1740699652710       0.951833904       1.35317940E-04
   7170.6312771034327       0.987209737       1.38723932E-04
   7173.0884842415944       0.994873285       1.41368757E-04
   7175.5456913797570        1.06213832       1.49873304E-04
   7178.0028985179188        1.08615315       1.53386485E-04
   7180.4601056560805        1.07136142       1.50554915E-04
   7182.9173127942422        1.08040202       1.55039408E-04
   7185.3745199324039        1.24472702       1.74365588E-04
   7187.8317270705656        1.22969842       1.73858207E-04
   7190.2889342087274        1.27628326       1.80441086E-04
   7192.7461413468900        1.25257313       1.76998146E-04
   7195.2033484850517        1.24877787       1.76594054E-04
   7197.6605556232134        1.19265139       1.68842162E-04
   7200.1177627613752        1.19622946       1.69694002E-04
   7202.5749698995369        1.18178105       1.66683851E-04
   7205.0321770376986        1.20079839       1.70850515E-04
   7207.4893841758603        1.26019561       1.77524198E-04
   7209.9465913140230        1.25383580       1.76954258E-04
   7212.4037984521847        1.25605249       1.78438044E-04
   7214.8610055903464        1.32801306       1.87552301E-04
   7217.3182127285090        1.34432805       1.89516257E-04
   7219.7754198666698        1.36965322       1.94410706E-04
   7222.2326270048325        1.44631803       2.04381300E-04
   7224.6898341429942        1.46659565       2.06426441E-04
   7227.1470412811559        1.42775857       2.02491123E-04
   7229.6042484193176        1.46793830       2.08123005E-04
   7232.0614555574793        1.50398719       2.12000188E-04
   7234.5186626956420        1.48718655       2.10285129E-04
   7236.9758698338028        1.51021194       2.14233616E-04
   7239.4330769719654        1.61271322       2.28118821E-04
   7241.8902841101271        1.72154605       2.43005285E-04
   7244.3474912482889        1.80242527       2.54343933E-04
   7246.8046983864506        1.87042844       2.64652801E-04
   7249.2619055246123        1.93998909       2.73415179E-04
   7251.7191126627749        1.99004698       2.82398891E-04
   7254.1763198009367        2.12836528       3.00166896E-04
   7256.6335269390984        2.14992094       3.03268956E-04
   7259.0907340772601        2.19893980       3.11998883E-04
   7261.5479412154218        2.27546644       3.20888881E-04
   7264.0051483535835        2.26343775       3.19799088E-04
   7266.4623554917453        2.24944830       3.18866427E-04
   7268.9195626299079        2.29772806       3.25208501E-04
   7271.3767697680696        2.29146647       3.22832493E-04
   7273.8339769062313        2.27171636       3.23248765E-04
   7276.2911840443930        2.41808963       3.41574603E-04
   7278.7483911825548        2.46321201       3.47469526E-04
   7281.2055983207165        2.49491048       3.53499316E-04
   7283.6628054588782        2.51734114       3.54974734E-04
   7286.1200125970408        2.52379560       3.58223595E-04
   7288.5772197352026        2.65897036       3.75844946E-04
   7291.0344268733643        2.76824999       3.91142647E-04
   7293.4916340115260        2.86217475       4.03992890E-04
   7295.9488411496877        2.90831327       4.11253364E-04
   7298.4060482878504        3.06494570       4.34600603E-04
   7300.8632554260121        3.27980924       4.62316530E-04
   7303.3204625641738        3.36338782       4.74737230E-04
   7305.7776697023355        3.42465377       4.84475022E-04
   7308.2348768404972        3.52866840       4.98966081E-04
   7310.6920839786590        3.67446208       5.19624504E-04
   7313.1492911168207        3.86798525       5.46834257E-04
   7315.6064982549833        4.04007435       5.70129487E-04
   7318.0637053931450        4.11365891       5.81126660E-04
   7320.5209125313067        4.15070343       5.86965529E-04
   7322.9781196694685        4.17550850       5.90542855E-04
   7325.4353268076302        4.17348194       5.89774048E-04
   7327.8925339457928        4.16795826       5.90228534E-04
   7330.3497410839536        4.30325365       6.09407667E-04
   7332.8069482221163        4.49748182       6.35239470E-04
   7335.2641553602780        4.61023474       6.50880684E-04
   7337.7213624984397        4.64003372       6.56006334E-04
   7340.1785696366014        4.66064835       6.59030396E-04
   7342.6357767747631        4.67805672       6.62008242E-04
   7345.0929839129258        4.71205044       6.66350184E-04
   7347.5501910510866        4.63582039       6.54332049E-04
   7350.0073981892492        4.48423862       6.35694363E-04
   7352.4646053274109        4.51934671       6.40589511E-04
   7354.9218124655727        4.65369511       6.57690922E-04
   7357.3790196037344        4.75421047       6.71408721E-04
   7359.8362267418961        4.80661488       6.79251854E-04
   7362.2934338800587        4.97252560       7.05186976E-04
   7364.7506410182204        5.21551800       7.34574278E-04
   7367.2078481563822        5.16444683       7.29427091E-04
   7369.6650552945439        5.15334082       7.30096595E-04
   7372.1222624327056        5.21766138       7.37890194E-04
   7374.5794695708682        5.24209309       7.40351679E-04
   7377.0366767090300        5.13916206       7.26564671E-04
   7379.4938838471917        5.08003807       7.19588599E-04
   7381.9510909853534        5.14526987       7.28584360E-04
   7384.4082981235151        5.26071596       7.42969802E-04
   7386.8655052616768        5.23031330       7.38736475E-04
   7389.3227123998386        5.15239811       7.29065039E-04
   7391.7799195380012        5.13204193       7.26799655E-04
   7394.2371266761629        5.24334908       7.42424454E-04
   7396.6943338143246        5.24608946       7.38590839E-04
   7399.1515409524864        5.01045275       7.10257154E-04
   7401.6087480906481        5.00865173       7.10208551E-04
   7404.0659552288098        5.09685278       7.20023178E-04
   7406.5231623669715        5.16539717       7.30753469E-04
   7408.9803695051341        5.17230988       7.29746011E-04
   7411.4375766432959        5.02885723       7.11608678E-04
   7413.8947837814576        4.96452570       7.03194819E-04
   7416.3519909196193        4.99877024       7.07513536E-04
   7418.8091980577810        5.07588148       7.17289688E-04
   7421.2664051959437        5.05476379       7.13555317E-04
   7423.7236123341045        5.03972483       7.14843976E-04
   7426.1808194722671        5.15866375       7.28327024E-04
   7428.6380266104288        5.06441021       7.14589609E-04
   7431.0952337485905        4.98150730       7.07357656E-04
   7433.5524408867523        5.06181955       7.14682508E-04
   7436.0096480249140        4.97559261       7.03237951E-04
   7438.4668551630766        4.88353348       6.91242691E-04
   7440.9240623012374        4.83245277       6.84079772E-04
   7443.3812694394001        4.91023445       6.95732364E-04
   7445.8384765775618        4.98456955       7.02790800E-04
   7448.2956837157235        4.86078358       6.87329739E-04
   7450.7528908538861        4.79734182       6.79852092E-04
   7453.2100979920478        4.85226059       6.86518033E-04
   7455.6673051302096        4.94484711       6.99087454E-04
   7458.1245122683713        5.01323652       7.08324718E-04
   7460.5817194065330        5.02079201       7.09370477E-04
   7463.0389265446947        5.03347826       7.12857582E-04
   7465.4961336828565        5.14518929       7.27456820E-04
   7467.9533408210191        5.15995312       7.28063285E-04
   7470.4105479591808        5.11091518       7.23965059E-04
   7472.8677550973425        5.19809294       7.35618931E-04
   7475.3249622355042        5.27011347       7.44043209E-04
   7477.7821693736660        5.26966524       7.45527504E-04
   7480.2393765118277        5.33714056       7.55343586E-04
   7482.6965836499894        5.36751127       7.57260073E-04
   7485.1537907881520        5.33814716       7.57000002E-04
   7487.6109979263138        5.44241619       7.68223021E-04
   7490.0682050644755        5.35208130       7.56296271E-04
   7492.5254122026372        5.40821123       7.67841819E-04
   7494.9826193407989        5.57467890       7.85411801E-04
   7497.4398264789606        5.56038046       7.87272060E-04
   7499.8970336171224        5.70400906       8.06970638E-04
   7502.3542407552850        5.79061699       8.17507505E-04
   7504.8114478934467        5.80542946       8.21200665E-04
   7507.2686550316084        5.79761600       8.19307519E-04
   7509.7258621697702        5.78650665       8.19500303E-04
   7512.1830693079319        5.84996653       8.26950418E-04
   7514.6402764460936        5.80225134       8.19473062E-04
   7517.0974835842553        5.75118971       8.15339561E-04
   7519.5546907224179        5.83642530       8.24902265E-04
   7522.0118978605797        5.81270838       8.21094611E-04
   7524.4691049987414        5.81297827       8.23812385E-04
   7526.9263121369040        5.91402054       8.35223880E-04
   7529.3835192750648        5.91203785       8.35686049E-04
   7531.8407264132275        6.02318811       8.53520585E-04
   7534.2979335513892        6.24812889       8.81641055E-04
   7536.7551406895509        6.38757658       9.03970096E-04
   7539.2123478277126        6.55597591       9.25024040E-04
   7541.6695549658743        6.45721340       9.12062009E-04
   7544.1267621040370        6.41069126       9.08975780E-04
   7546.5839692421978        6.45195389       9.10865259E-04
   7549.0411763803604        6.43071079       9.10761766E-04
   7551.4983835185221        6.49531031       9.17118217E-04
   7553.9555906566839        6.47661829       9.16756166E-04
   7556.4127977948456        6.59118986       9.32072813E-04
   7558.8700049330073        6.57145452       9.27146466E-04
   7561.3272120711699        6.41876268       9.07940906E-04
   7563.7844192093316        6.38324594       9.04816494E-04
   7566.2416263474934        6.54813910       9.25671309E-04
   7568.6988334856551        6.54696655       9.23028449E-04
   7571.1560406238168        6.41078854       9.07578680E-04
   7573.6132477619785        6.48915815       9.19705431E-04
   7576.0704549001402        6.76141644       9.55945405E-04
   7578.5276620383029        6.78070498       9.54652671E-04
   7580.9848691764637        6.34737206       8.98298284E-04
   7583.4420763146263        5.78678751       8.19593552E-04
   7585.8992834527880        5.22991276       7.45586993E-04
   7588.3564905909498        4.78949499       6.76073076E-04
   7590.8136977291124        3.93395114       5.60415676E-04
   7593.2709048672732        3.34953403       4.79422219E-04
   7595.7281120054358        3.03238726       4.31381806E-04
   7598.1853191435976        2.97261238       4.21919976E-04
   7600.6425262817593        3.03514242       4.28879255E-04
   7603.0997334199219        3.26687574       4.62233671E-04
   7605.5569405580827        3.67787218       5.19344525E-04
   7608.0141476962453        4.24795341       5.99982042E-04
   7610.4713548344071        4.81564569       6.78715820E-04
   7612.9285619725688        4.97790194       6.96836622E-04
   7615.3857691107305        4.53567266       6.42335624E-04
   7617.8429762488922        4.21879864       5.98940300E-04
   7620.3001833870549        3.97332335       5.63857961E-04
   7622.7573905252157        3.80879021       5.38493332E-04
   7625.2145976633783        3.39240503       4.79238020E-04
   7627.6718048015400        3.06553125       4.39123512E-04
   7630.1290119397017        2.97369862       4.18855896E-04
   7632.5862190778635        2.67918301       3.80024954E-04
   7635.0434262160252        2.62524843       3.74904630E-04
   7637.5006333541878        2.74773932       3.86602042E-04
   7639.9578404923486        2.61098647       3.67775967E-04
   7642.4150476305113        2.52424312       3.60543811E-04
   7644.8722547686730        2.58806229       3.63122148E-04
   7647.3294619068347        2.42827797       3.45121254E-04
   7649.7866690449964        2.38494992       3.36287136E-04
   7652.2438761831581        2.12767053       3.01409804E-04
   7654.7010833213208        1.92510414       2.73439713E-04
   7657.1582904594816        1.67662370       2.37973145E-04
   7659.6154975976442        1.51449323       2.15530759E-04
   7662.0727047358059        1.41392601       2.00955881E-04
   7664.5299118739676        1.43820989       2.03768621E-04
   7666.9871190121294        1.41105282       1.98308975E-04
   7669.4443261502911        1.42751527       2.03661795E-04
   7671.9015332884537        1.59262931       2.24475400E-04
   7674.3587404266145        1.68797588       2.37518441E-04
   7676.8159475647772        1.76272678       2.49507430E-04
   7679.2731547029389        1.89763176       2.68094591E-04
   7681.7303618411006        1.97708619       2.78302643E-04
   7684.1875689792632        1.97566760       2.79694010E-04
   7686.6447761174240        1.96493948       2.77480023E-04
   7689.1019832555867        1.82232380       2.57024687E-04
   7691.5591903937484        1.68636346       2.41388771E-04
   7694.0163975319101        1.65557373       2.32430859E-04
   7696.4736046700727        1.51574850       2.17091496E-04
   7698.9308118082336        1.59858203       2.25417185E-04
   7701.3880189463962        1.54461908       2.18405345E-04
   7703.8452260845579        1.68524039       2.40517300E-04
   7706.3024332227196        1.88995874       2.65024079E-04
   7708.7596403608813        2.01379347       2.85121088E-04
   7711.2168474990431        2.19665408       3.09892173E-04
   7713.6740546372057        2.38535976       3.37530539E-04
   7716.1312617753665        2.53082013       3.55166121E-04
   7718.5884689135291        2.55941772       3.63363943E-04
   7721.0456760516909        2.79368377       3.94940173E-04
   7723.5028831898526        2.92159057       4.11147019E-04
   7725.9600903280143        2.96872568       4.19917225E-04
   7728.4172974661760        3.06169462       4.33115463E-04
   7730.8745046043387        3.23580241       4.58115828E-04
   7733.3317117424995        3.37640953       4.75434499E-04
   7735.7889188806621        3.33500838       4.71457926E-04
   7738.2461260188238        3.32392931       4.71259322E-04
   7740.7033331569855        3.28748488       4.63540375E-04
   7743.1605402951473        3.14781785       4.47029044E-04
   7745.6177474333090        3.09447050       4.37101262E-04
   7748.0749545714716        2.94405031       4.17519885E-04
   7750.5321617096324        2.93963003       4.16888215E-04
   7752.9893688477950        2.92397213       4.12862020E-04
   7755.4465759859568        2.89015031       4.08974534E-04
   7757.9037831241185        2.89579654       4.10251698E-04
   7760.3609902622811        3.05566692       4.33032110E-04
   7762.8181974004419        3.14821696       4.41715441E-04
   7765.2754045386046        3.18724036       4.54634137E-04
   7767.7326116767663        3.47411418       4.87808487E-04
   7770.1898188149280        3.43475246       4.86014091E-04
   7772.6470259530906        3.53221035       4.99677146E-04
   7775.1042330912514        3.49697638       4.93658939E-04
   7777.5614402294141        3.41624618       4.82772099E-04
   7780.0186473675749        3.34952354       4.76445566E-04
   7782.4758545057375        3.52344584       4.97320143E-04
   7784.9330616438992        3.46443272       4.88674908E-04
   7787.3902687820610        3.45529222       4.90644248E-04
   7789.8474759202236        3.46725702       4.89149301E-04
   7792.3046830583844        3.37714362       4.77389956E-04
   7794.7618901965470        3.31835437       4.70889790E-04
   7797.2190973347087        3.52588940       4.99996822E-04
   7799.6763044728705        3.76665640       5.30362711E-04
   7802.1335116110322        3.89431071       5.50358789E-04
   7804.5907187491939        4.03916979       5.70417265E-04
   7807.0479258873565        4.23490238       5.99672494E-04
   7809.5051330255174        4.50332165       6.35239528E-04
   7811.9623401636800        4.58836555       6.47259643E-04
   7814.4195473018417        4.57759047       6.47461042E-04
   7816.8767544400034        4.50147867       6.35996636E-04
   7819.3339615781651        4.42712069       6.28345995E-04
   7821.7911687163269        4.39278078       6.19135913E-04
   7824.2483758544895        4.19237280       5.94861165E-04
   7826.7055829926503        4.23673058       6.00811269E-04
   7829.1627901308129        4.30365038       6.07864000E-04
   7831.6199972689747        4.20583344       5.92588272E-04
   7834.0772044071364        4.05646276       5.77608356E-04
   7836.5344115452981        4.25740337       6.01247826E-04
   7838.9916186834598        4.33102798       6.12229458E-04
   7841.4488258216224        4.49112225       6.34725147E-04
   7843.9060329597842        4.54176998       6.41505700E-04
   7846.3632400979459        4.57560539       6.46167086E-04
   7848.8204472361076        4.59079361       6.51307986E-04
   7851.2776543742693        4.77870846       6.73933013E-04
   7853.7348615124320        4.69898272       6.63942250E-04
   7856.1920686505928        4.69277716       6.64626714E-04
   7858.6492757887554        4.65427208       6.57910481E-04
   7861.1064829269171        4.67297554       6.61786238E-04
   7863.5636900650788        4.64157867       6.55144162E-04
   7866.0208972032406        4.59332848       6.51319569E-04
   7868.4781043414023        4.61405659       6.51617243E-04
   7870.9353114795649        4.54294968       6.42363913E-04
   7873.3925186177257        4.56424046       6.46999979E-04
   7875.8497257558884        4.77243328       6.74950250E-04
   7878.3069328940501        4.99528360       7.05234474E-04
   7880.7641400322118        5.12736702       7.23211211E-04
   7883.2213471703744        5.23928833       7.42254138E-04
   7885.6785543085352        5.46006966       7.70378625E-04
   7888.1357614466979        5.49130535       7.76032859E-04
   7890.5929685848587        5.43918848       7.67637510E-04
   7893.0501757230213        5.25219631       7.44586112E-04
   7895.5073828611830        5.26482344       7.45434139E-04
   7897.9645899993448        5.23902178       7.40875606E-04
   7900.4217971375074        5.16510773       7.29762309E-04
   7902.8790042756682        4.90469170       6.93497772E-04
   7905.3362114138308        4.78144789       6.80098077E-04
   7907.7934185519925        4.88971090       6.91137859E-04
   7910.2506256901543        4.78559494       6.74010895E-04
   7912.7078328283160        4.53048229       6.43735984E-04
   7915.1650399664777        4.57676363       6.48342946E-04
   7917.6222471046403        4.61978865       6.52237562E-04
   7920.0794542428021        4.72355652       6.69609464E-04
   7922.5366613809638        4.87630081       6.86888350E-04
   7924.9938685191255        4.88524723       6.91295776E-04
   7927.4510756572872        5.12169790       7.26433413E-04
   7929.9082827954498        5.38660145       7.57723465E-04
   7932.3654899336107        5.30256701       7.49161409E-04
   7934.8226970717733        5.30361557       7.52511201E-04
   7937.2799042099350        5.32409239       7.50414096E-04
   7939.7371113480967        5.07887268       7.19039643E-04
   7942.1943184862585        4.89603090       6.93613198E-04
   7944.6515256244202        4.78968573       6.78411860E-04
   7947.1087327625828        4.96322727       7.05394486E-04
   7949.5659399007436        5.24012518       7.36287504E-04
   7952.0231470389062        5.13461304       7.26318685E-04
   7954.4803541770680        5.25365353       7.45163416E-04
   7956.9375613152297        5.42456532       7.64342258E-04
   7959.3947684533914        5.53506708       7.84273667E-04
   7961.8519755915531        5.83533859       8.24726420E-04
   7964.3091827297158        5.97263288       8.41614325E-04
   7966.7663898678766        5.86861372       8.29624769E-04
   7969.2235970060392        5.85200357       8.30142002E-04
   7971.6808041442009        5.95556068       8.40598717E-04
   7974.1380112823626        5.86802864       8.29981349E-04
   7976.5952184205253        5.82999039       8.25863390E-04
   7979.0524255586861        5.69224024       8.02834169E-04
   7981.5096326968487        5.44691706       7.73959793E-04
   7983.9668398350095        5.48457146       7.76301255E-04
   7986.4240469731722        5.45966673       7.71603605E-04
   7988.8812541113339        5.45087337       7.71738996E-04
   7991.3384612494956        5.49547768       7.77214707E-04
   7993.7956683876582        5.66354752       8.02622759E-04
   7996.2528755258199        5.88018799       8.28325225E-04
   7998.7100826639817        5.96965075       8.46371462E-04
   8001.1672898021434        6.33763790       8.95875681E-04
   8003.6244969403051        6.44365644       9.06516681E-04
   8006.0817040784677        6.46129179       9.18123173E-04
   8008.5389112166285        6.84044838       9.65420273E-04
   8010.9961183547912        7.03011751       9.93299647E-04
   8013.4533254929529        7.26496553       1.02701166E-03
   8015.9105326311146        7.35732460       1.03835086E-03
   8018.3677397692763        7.45320034       1.05587614E-03
   8020.8249469074381        7.70076275       1.08800922E-03
   8023.2821540456007        7.96147585       1.12636469E-03
   8025.7393611837615        8.22658062       1.16084912E-03
   8028.1965683219241        8.34443378       1.18073763E-03
   8030.6537754600859        8.46500969       1.19352981E-03
   8033.1109825982476        8.61380672       1.22429244E-03
