   5529.2169088113069        3.33261229E-02   4.97883275E-06
   5531.6741159494686        4.73591648E-02   6.67639279E-06
   5534.1313230876303        4.82733212E-02   6.53733150E-06
   5536.5885302257930        3.52229998E-02   5.19036803E-06
   5539.0457373639547        3.36052068E-02   4.89472222E-06
   5541.5029445021164        4.07461151E-02   5.71048122E-06
   5543.9601516402781        4.05524559E-02   5.63467165E-06
   5546.4173587784398        3.69559377E-02   5.28114015E-06
   5548.8745659166016        3.16475369E-02   4.37217523E-06
   5551.3317730547642        2.84154247E-02   4.50778225E-06
   5553.7889801929259        4.75000888E-02   6.36240611E-06
   5556.2461873310876        4.38856110E-02   6.56957263E-06
   5558.7033944692494        6.58045486E-02   9.23639345E-06
   5561.1606016074111        6.03943877E-02   8.18211174E-06
   5563.6178087455728        4.80079278E-02   7.49763240E-06
   5566.0750158837354        6.64751828E-02   8.98453163E-06
   5568.5322230218972        6.74181953E-02   1.01015521E-05
   5570.9894301600589        9.96431038E-02   1.37710358E-05
   5573.4466372982206        9.08167213E-02   1.25986071E-05
   5575.9038444363823        8.69231895E-02   1.32745117E-05
   5578.3610515745440       0.124690652       1.68554088E-05
   5580.8182587127058       0.107797407       1.54496538E-05
   5583.2754658508684       0.118891545       1.76203321E-05
   5585.7326729890301       0.152812526       2.05520137E-05
   5588.1898801271918       0.122754052       1.77050370E-05
   5590.6470872653535       0.113796338       1.63550103E-05
   5593.1042944035153       0.118050113       1.66842146E-05
   5595.5615015416770       0.119151652       1.66081682E-05
   5598.0187086798396       0.111693874       1.63354653E-05
   5600.4759158180013       0.137970775       1.93087708E-05
   5602.9331229561631       0.137014866       1.91570543E-05
   5605.3903300943248       0.130012006       1.84525979E-05
   5607.8475372324865       0.119267739       1.68787483E-05
   5610.3047443706482       0.122706145       1.78711052E-05
   5612.7619515088109       0.144585550       1.99344340E-05
   5615.2191586469726       0.133784309       1.89160000E-05
   5617.6763657851343       0.125825763       1.79685485E-05
   5620.1335729232960       0.122890100       1.71960291E-05
   5622.5907800614577       0.116899915       1.69170689E-05
   5625.0479871996195       0.126399338       1.74208872E-05
   5627.5051943377821       0.113538414       1.65542879E-05
   5629.9624014759438       0.133219421       1.87022579E-05
   5632.4196086141055       0.129753858       1.81490268E-05
   5634.8768157522672       0.128024980       1.85142744E-05
   5637.3340228904290       0.135622188       1.86387915E-05
   5639.7912300285907       0.120964594       1.76151443E-05
   5642.2484371667524       0.136204407       1.91904692E-05
   5644.7056443049150       0.138941422       1.94554759E-05
   5647.1628514430768       0.137723669       1.97227928E-05
   5649.6200585812385       0.140971646       1.94901586E-05
   5652.0772657194002       0.127251714       1.86637408E-05
   5654.5344728575619       0.157451078       2.23016832E-05
   5656.9916799957236       0.169183359       2.33478604E-05
   5659.4488871338863       0.152283028       2.17955330E-05
   5661.9060942720480       0.151624620       2.15812452E-05
   5664.3633014102097       0.155933827       2.18732039E-05
   5666.8205085483714       0.154369444       2.20936272E-05
   5669.2777156865332       0.160865992       2.21981427E-05
   5671.7349228246949       0.135387063       1.96038272E-05
   5674.1921299628575       0.145344749       2.08299625E-05
   5676.6493371010192       0.156752735       2.18209298E-05
   5679.1065442391809       0.160514116       2.31946760E-05
   5681.5637513773427       0.184973300       2.57136162E-05
   5684.0209585155044       0.174267843       2.44564017E-05
   5686.4781656536661       0.165515959       2.41553844E-05
   5688.9353727918278       0.192767560       2.66417628E-05
   5691.3925799299905       0.174663022       2.47379976E-05
   5693.8497870681522       0.171339393       2.47888220E-05
   5696.3069942063139       0.190067679       2.64358405E-05
   5698.7642013444756       0.184026256       2.61245732E-05
   5701.2214084826373       0.186422855       2.65444978E-05
   5703.6786156207991       0.199058414       2.80394888E-05
   5706.1358227589617       0.197513387       2.76572919E-05
   5708.5930298971234       0.188009977       2.70777800E-05
   5711.0502370352851       0.203592852       2.83490626E-05
   5713.5074441734469       0.181201950       2.54276929E-05
   5715.9646513116086       0.159915999       2.34560084E-05
   5718.4218584497703       0.185437173       2.59838562E-05
   5720.8790655879329       0.182113692       2.52672144E-05
   5723.3362727260946       0.162155196       2.37590721E-05
   5725.7934798642564       0.194999442       2.76416686E-05
   5728.2506870024181       0.212737799       2.95373211E-05
   5730.7078941405798       0.202365413       2.87697931E-05
   5733.1651012787415       0.197609425       2.78569296E-05
   5735.6223084169033       0.189897299       2.70347246E-05
   5738.0795155550659       0.195033967       2.75687744E-05
   5740.5367226932276       0.190541461       2.66438710E-05
   5742.9939298313893       0.180564716       2.62597096E-05
   5745.4511369695510       0.210605279       2.94253095E-05
   5747.9083441077128       0.207563981       2.92810582E-05
   5750.3655512458745       0.217445195       3.13445271E-05
   5752.8227583840371       0.239613801       3.28754577E-05
   5755.2799655221988       0.206782699       2.96734252E-05
   5757.7371726603606       0.197376862       2.78629141E-05
   5760.1943797985223       0.182952270       2.61283330E-05
   5762.6515869366840       0.195523575       2.78866009E-05
   5765.1087940748457       0.197900355       2.72395246E-05
   5767.5660012130083       0.183128685       2.71662138E-05
   5770.0232083511701       0.220315158       2.97421411E-05
   5772.4804154893318       0.176150918       2.59179706E-05
   5774.9376226274935       0.199905738       2.84823163E-05
   5777.3948297656552       0.211504593       2.96446942E-05
   5779.8520369038170       0.223792821       3.17842496E-05
   5782.3092440419787       0.221677989       3.09140814E-05
   5784.7664511801413       0.213663191       3.09021452E-05
   5787.2236583183030       0.236123264       3.30563344E-05
   5789.6808654564647       0.235108465       3.29694412E-05
   5792.1380725946265       0.218284562       3.11742697E-05
   5794.5952797327882       0.227750808       3.25508154E-05
   5797.0524868709508       0.252861470       3.56710043E-05
   5799.5096940091125       0.269822687       3.79273733E-05
   5801.9669011472743       0.265483439       3.73866569E-05
   5804.4241082854360       0.262906075       3.76541830E-05
   5806.8813154235977       0.275325000       3.81417085E-05
   5809.3385225617594       0.238058940       3.38683312E-05
   5811.7957296999211       0.214252353       3.04681598E-05
   5814.2529368380838       0.194350019       2.75536695E-05
   5816.7101439762455       0.188592091       2.71184108E-05
   5819.1673511144072       0.205971941       2.90318276E-05
   5821.6245582525689       0.215354651       3.03240467E-05
   5824.0817653907307       0.217948735       3.09830684E-05
   5826.5389725288924       0.231224418       3.26240479E-05
   5828.9961796670550       0.233393714       3.28507012E-05
   5831.4533868052167       0.232494816       3.30402909E-05
   5833.9105939433784       0.230619937       3.21588996E-05
   5836.3678010815402       0.209910408       3.02342360E-05
   5838.8250082197019       0.220270738       3.08764756E-05
   5841.2822153578636       0.204635590       2.87474486E-05
   5843.7394224960262       0.184823081       2.64641767E-05
   5846.1966296341880       0.179284945       2.52650134E-05
   5848.6538367723497       0.169787079       2.39493220E-05
   5851.1110439105114       0.151420563       2.13688945E-05
   5853.5682510486731       0.137714207       1.99595925E-05
   5856.0254581868348       0.151643619       2.13701733E-05
   5858.4826653249966       0.158009976       2.22600502E-05
   5860.9398724631592       0.157897100       2.22302388E-05
   5863.3970796013209       0.155510575       2.23103834E-05
   5865.8542867394826       0.172141969       2.41043945E-05
   5868.3114938776444       0.161250323       2.23954194E-05
   5870.7687010158061       0.132008389       1.92266634E-05
   5873.2259081539678       0.143636540       2.07491194E-05
   5875.6831152921304       0.158720374       2.14582942E-05
   5878.1403224302921       0.132348418       1.97200170E-05
   5880.5975295684539       0.147955671       1.97582740E-05
   5883.0547367066156       0.101837099       1.56645638E-05
   5885.5119438447773       0.122073643       1.65964284E-05
   5887.9691509829390        8.45143571E-02   1.27492722E-05
   5890.4263581211017       0.110453077       1.62734632E-05
   5892.8835652592634       0.107095763       1.37511006E-05
   5895.3407723974251       0.106478468       1.01259420E-05
   5897.7979795355868       0.108301975       1.47990231E-05
   5900.2551866737485       0.109108053       1.54420541E-05
   5902.7123938119103       0.119132422       1.71299635E-05
   5905.1696009500720       0.134955153       1.87985333E-05
   5907.6268080882346       0.136810482       1.93794294E-05
   5910.0840152263963       0.135496899       1.90649880E-05
   5912.5412223645581       0.136687696       1.97277550E-05
   5914.9984295027198       0.157860115       2.20837937E-05
   5917.4556366408815       0.156284586       2.18231780E-05
   5919.9128437790432       0.141324461       2.02380706E-05
   5922.3700509172058       0.143472135       2.02745505E-05
   5924.8272580553676       0.130825177       1.80615170E-05
   5927.2844651935293       0.113710009       1.74360703E-05
   5929.7416723316910       0.165426210       2.24812175E-05
   5932.1988794698527       0.142162636       2.02991760E-05
   5934.6560866080144       0.145906389       2.12182549E-05
   5937.1132937461771       0.164341033       2.27422315E-05
   5939.5705008843388       0.159886524       2.26376633E-05
   5942.0277080225005       0.152680382       2.16816006E-05
   5944.4849151606622       0.154713437       2.18219175E-05
   5946.9421222988240       0.149614364       2.13452713E-05
   5949.3993294369857       0.167604163       2.39540823E-05
   5951.8565365751474       0.175520554       2.39007859E-05
   5954.3137437133100       0.140534356       2.06174354E-05
   5956.7709508514718       0.146149054       2.06184832E-05
   5959.2281579896335       0.146937117       2.08815691E-05
   5961.6853651277952       0.156581640       2.20509482E-05
   5964.1425722659569       0.154435650       2.18146361E-05
   5966.5997794041186       0.158031285       2.25083641E-05
   5969.0569865422813       0.164553255       2.31445683E-05
   5971.5141936804430       0.168599233       2.39645524E-05
   5973.9714008186047       0.175409630       2.46263244E-05
   5976.4286079567664       0.169162914       2.38492667E-05
   5978.8858150949281       0.166251123       2.39299316E-05
   5981.3430222330899       0.179677755       2.48533270E-05
   5983.8002293712525       0.162526965       2.34068684E-05
   5986.2574365094142       0.174546167       2.46927684E-05
   5988.7146436475759       0.180122867       2.54582410E-05
   5991.1718507857377       0.188072711       2.64522841E-05
   5993.6290579238994       0.181176558       2.56730200E-05
   5996.0862650620611       0.185094818       2.62349022E-05
   5998.5434722002228       0.180265933       2.52759946E-05
   6001.0006793383855       0.178143382       2.57040228E-05
   6003.4578864765472       0.187772706       2.57653173E-05
   6005.9150936147089       0.165512592       2.43708146E-05
   6008.3723007528706       0.200358018       2.79423457E-05
   6010.8295078910323       0.185293645       2.57832162E-05
   6013.2867150291941       0.172997504       2.57496158E-05
   6015.7439221673567       0.211977527       2.87000294E-05
   6018.2011293055184       0.173013121       2.49356526E-05
   6020.6583364436801       0.168514267       2.43102568E-05
   6023.1155435818418       0.179203749       2.49384357E-05
   6025.5727507200036       0.175552726       2.51746296E-05
   6028.0299578581653       0.190337270       2.69816082E-05
   6030.4871649963279       0.214100391       3.04198493E-05
   6032.9443721344896       0.226318136       3.11361073E-05
   6035.4015792726514       0.196435228       2.85531041E-05
   6037.8587864108131       0.215793729       3.05477006E-05
   6040.3159935489748       0.226040170       3.17993035E-05
   6042.7732006871365       0.230772883       3.26138579E-05
   6045.2304078252982       0.232218683       3.30260773E-05
   6047.6876149634609       0.248027563       3.49680777E-05
   6050.1448221016226       0.251060456       3.55278207E-05
   6052.6020292397843       0.259564966       3.64907573E-05
   6055.0592363779460       0.238370642       3.33695352E-05
   6057.5164435161078       0.218217164       3.20194777E-05
   6059.9736506542704       0.259900838       3.63715590E-05
   6062.4308577924321       0.268135160       3.76761745E-05
   6064.8880649305938       0.260894120       3.67982720E-05
   6067.3452720687555       0.253221065       3.62218343E-05
   6069.8024792069173       0.264816493       3.70146299E-05
   6072.2596863450790       0.255225092       3.66377135E-05
   6074.7168934832407       0.275784761       3.84106497E-05
   6077.1741006214033       0.250805616       3.56894088E-05
   6079.6313077595651       0.256366909       3.67372013E-05
   6082.0885148977268       0.268078744       3.71639326E-05
   6084.5457220358885       0.241962329       3.44428445E-05
   6087.0029291740502       0.234103084       3.36873672E-05
   6089.4601363122119       0.259571046       3.63496292E-05
   6091.9173434503737       0.254758179       3.60181220E-05
   6094.3745505885363       0.258988470       3.67453249E-05
   6096.8317577266980       0.253645927       3.53498253E-05
   6099.2889648648597       0.230415419       3.32597701E-05
   6101.7461720030215       0.246161073       3.46980232E-05
   6104.2033791411832       0.243296325       3.39197104E-05
   6106.6605862793458       0.218786299       3.14221543E-05
   6109.1177934175075       0.222890586       3.15884572E-05
   6111.5750005556692       0.234365478       3.33130592E-05
   6114.0322076938310       0.244556218       3.38840509E-05
   6116.4894148319927       0.216702580       3.12161937E-05
   6118.9466219701544       0.228616476       3.23850909E-05
   6121.4038291083161       0.229806378       3.21766493E-05
   6123.8610362464788       0.221068650       3.15468606E-05
   6126.3182433846405       0.228294164       3.24076973E-05
   6128.7754505228022       0.237822786       3.30322873E-05
   6131.2326576609639       0.200760156       2.84728103E-05
   6133.6898647991256       0.188307285       2.77701110E-05
   6136.1470719372874       0.225664169       3.10931318E-05
   6138.6042790754491       0.217475265       3.11175427E-05
   6141.0614862136117       0.223652557       3.09673596E-05
   6143.5186933517734       0.186788991       2.69220491E-05
   6145.9759004899352       0.195631161       2.82814926E-05
   6148.4331076280969       0.214614049       2.94228048E-05
   6150.8903147662586       0.188030168       2.70012060E-05
   6153.3475219044212       0.183808759       2.60922643E-05
   6155.8047290425829       0.185515329       2.62297272E-05
   6158.2619361807447       0.188916102       2.67937685E-05
   6160.7191433189064       0.191814199       2.68339118E-05
   6163.1763504570681       0.179591432       2.56522198E-05
   6165.6335575952298       0.185586542       2.62870562E-05
   6168.0907647333916       0.186564118       2.60549150E-05
   6170.5479718715542       0.165962815       2.34113249E-05
   6173.0051790097159       0.144513533       2.08357760E-05
   6175.4623861478776       0.146662876       2.07016965E-05
   6177.9195932860393       0.147067979       2.10610178E-05
   6180.3768004242011       0.171989515       2.45625743E-05
   6182.8340075623637       0.191501066       2.64413702E-05
   6185.2912147005254       0.180483356       2.59185163E-05
   6187.7484218386871       0.188904509       2.63715428E-05
   6190.2056289768489       0.170725420       2.41887519E-05
   6192.6628361150106       0.170103550       2.46881482E-05
   6195.1200432531723       0.187371269       2.55598243E-05
   6197.5772503913340       0.156777561       2.28225363E-05
   6200.0344575294966       0.163485363       2.29167163E-05
   6202.4916646676584       0.148114935       2.09387963E-05
   6204.9488718058201       0.147646457       2.14833144E-05
   6207.4060789439818       0.169195756       2.33953724E-05
   6209.8632860821435       0.159353703       2.25740823E-05
   6212.3204932203053       0.155117258       2.21874216E-05
   6214.7777003584670       0.163652718       2.30027981E-05
   6217.2349074966296       0.166203111       2.37240329E-05
   6219.6921146347913       0.180658743       2.53281323E-05
   6222.1493217729530       0.176223025       2.48682300E-05
   6224.6065289111148       0.174029186       2.47157132E-05
   6227.0637360492765       0.169528216       2.36153955E-05
   6229.5209431874382       0.144264117       2.06149616E-05
   6231.9781503256008       0.140379161       2.04587595E-05
   6234.4353574637626       0.164198920       2.27315231E-05
   6236.8925646019243       0.160020798       2.29663729E-05
   6239.3497717400860       0.176564589       2.46897325E-05
   6241.8069788782477       0.165917069       2.34454274E-05
   6244.2641860164094       0.168543786       2.42675778E-05
   6246.7213931545721       0.178893238       2.46503823E-05
   6249.1786002927338       0.161459938       2.33752162E-05
   6251.6358074308955       0.176221475       2.49202785E-05
   6254.0930145690572       0.186435267       2.63323291E-05
   6256.5502217072190       0.199154034       2.82026613E-05
   6259.0074288453807       0.200130686       2.78032385E-05
   6261.4646359835424       0.185813010       2.70901583E-05
   6263.9218431217050       0.215045184       2.99280964E-05
   6266.3790502598667       0.202961802       2.85860770E-05
   6268.8362573980285       0.197293952       2.84171601E-05
   6271.2934645361902       0.211742640       2.95053014E-05
   6273.7506716743519       0.199351832       2.82219717E-05
   6276.2078788125136       0.198187381       2.85756996E-05
   6278.6650859506763       0.220944136       3.06759393E-05
   6281.1222930888380       0.209413365       2.99476123E-05
   6283.5795002269997       0.225004256       3.19149076E-05
   6286.0367073651614       0.233444631       3.27519519E-05
   6288.4939145033231       0.235058159       3.34034667E-05
   6290.9511216414849       0.236096382       3.31214942E-05
   6293.4083287796475       0.233615533       3.36321536E-05
   6295.8655359178092       0.262696266       3.68376059E-05
   6298.3227430559709       0.260566324       3.65027554E-05
   6300.7799501941327       0.251310229       3.62836145E-05
   6303.2371573322944       0.284978569       4.00912613E-05
   6305.6943644704561       0.290691018       4.06715480E-05
   6308.1515716086178       0.283426344       4.07086554E-05
   6310.6087787467804       0.308239162       4.32981542E-05
   6313.0659858849422       0.314766198       4.47141210E-05
   6315.5231930231039       0.336798459       4.74790104E-05
   6317.9804001612656       0.329256445       4.59137482E-05
   6320.4376072994273       0.303033978       4.39119322E-05
   6322.8948144375890       0.332178682       4.64933328E-05
   6325.3520215757508       0.328742146       4.66221099E-05
   6327.8092287139134       0.338592350       4.79477130E-05
   6330.2664358520751       0.350186765       4.97025976E-05
   6332.7236429902368       0.371516079       5.21446418E-05
   6335.1808501283986       0.361186445       5.11796643E-05
   6337.6380572665603       0.371909350       5.29761346E-05
   6340.0952644047229       0.387528539       5.42980270E-05
   6342.5524715428846       0.389051199       5.56716477E-05
   6345.0096786810464       0.419248521       5.87635041E-05
   6347.4668858192081       0.414443135       5.85536982E-05
   6349.9240929573698       0.405496955       5.72389981E-05
   6352.3813000955315       0.392000496       5.56991436E-05
   6354.8385072336932       0.393965840       5.55389961E-05
   6357.2957143718559       0.384955555       5.46463925E-05
   6359.7529215100176       0.389052272       5.47134077E-05
   6362.2101286481793       0.367188811       5.21224647E-05
   6364.6673357863410       0.383185416       5.52449055E-05
   6367.1245429245027       0.434873223       6.03142616E-05
   6369.5817500626654       0.415064096       5.88771290E-05
   6372.0389572008271       0.407594651       5.76761013E-05
   6374.4961643389888       0.402012050       5.71008168E-05
   6376.9533714771505       0.414998770       5.84848058E-05
   6379.4105786153123       0.399488449       5.61067027E-05
   6381.8677857534740       0.378836542       5.42839953E-05
   6384.3249928916357       0.382747978       5.33937491E-05
   6386.7822000297983       0.361820906       5.24299176E-05
   6389.2394071679601       0.422061324       5.95009551E-05
   6391.6966143061218       0.430281699       5.96590944E-05
   6394.1538214442835       0.392102063       5.66522758E-05
   6396.6110285824452       0.422810853       5.97621038E-05
   6399.0682357206069       0.445062459       6.26837864E-05
   6401.5254428587687       0.446338356       6.27550762E-05
   6403.9826499969313       0.424279153       6.01495231E-05
   6406.4398571350930       0.419352055       5.96843747E-05
   6408.8970642732547       0.433346540       6.11545984E-05
   6411.3542714114164       0.439107150       6.19818093E-05
   6413.8114785495782       0.432172596       6.08212104E-05
   6416.2686856877408       0.406244636       5.75420127E-05
   6418.7258928259025       0.394266009       5.62605201E-05
   6421.1830999640642       0.408223271       5.74507576E-05
   6423.6403071022260       0.404589385       5.73092257E-05
   6426.0975142403877       0.409785181       5.79605949E-05
   6428.5547213785494       0.409907579       5.78873078E-05
   6431.0119285167111       0.413299471       5.87079667E-05
   6433.4691356548738       0.423567832       5.95477868E-05
   6435.9263427930355       0.418521017       5.95388374E-05
   6438.3835499311972       0.434805810       6.13551238E-05
   6440.8407570693589       0.435753167       6.15305617E-05
   6443.2979642075206       0.446181715       6.37453340E-05
   6445.7551713456824       0.481636614       6.73262839E-05
   6448.2123784838450       0.459939957       6.47840716E-05
   6450.6695856220067       0.431649625       6.15925237E-05
   6453.1267927601684       0.437522441       6.20585051E-05
   6455.5839998983301       0.454510957       6.41989100E-05
   6458.0412070364919       0.461896867       6.51201044E-05
   6460.4984141746536       0.457886755       6.47577544E-05
   6462.9556213128162       0.453719765       6.42738014E-05
   6465.4128284509779       0.463430375       6.58060308E-05
   6467.8700355891397       0.476894081       6.68108914E-05
   6470.3272427273014       0.458420187       6.53550087E-05
   6472.7844498654631       0.475977272       6.72227907E-05
   6475.2416570036248       0.471096426       6.61561571E-05
   6477.6988641417865       0.455828041       6.51775626E-05
   6480.1560712799492       0.472143024       6.62647508E-05
   6482.6132784181109       0.464080751       6.61282829E-05
   6485.0704855562726       0.493263960       6.98654476E-05
   6487.5276926944343       0.510376632       7.15690257E-05
   6489.9848998325961       0.503452122       7.17350340E-05
   6492.4421069707587       0.522883713       7.36428046E-05
   6494.8993141089204       0.526176155       7.48254897E-05
   6497.3565212470821       0.568545401       8.08209807E-05
   6499.8137283852438       0.605055153       8.43656453E-05
   6502.2709355234056       0.588903904       8.45328177E-05
   6504.7281426615673       0.652796447       9.21881292E-05
   6507.1853497997290       0.675107837       9.43752239E-05
   6509.6425569378916       0.643814743       9.15515484E-05
   6512.0997640760534       0.647470653       9.22315303E-05
   6514.5569712142151       0.705546319       1.00337267E-04
   6517.0141783523768       0.771393716       1.08057458E-04
   6519.4713854905385       0.774859846       1.09906585E-04
   6521.9285926287002       0.811962068       1.15532770E-04
   6524.3857997668620       0.884823859       1.24928556E-04
   6526.8430069050246       0.925662696       1.30034066E-04
   6529.3002140431863       0.920565546       1.30883825E-04
   6531.7574211813480       0.969440103       1.37468305E-04
   6534.2146283195098        1.02267528       1.44062273E-04
   6536.6718354576715        1.03883111       1.46456121E-04
   6539.1290425958341        1.01154184       1.42530203E-04
   6541.5862497339958       0.965780020       1.37227296E-04
   6544.0434568721575       0.947465956       1.33378198E-04
   6546.5006640103193       0.889306962       1.25917795E-04
   6548.9578711484810       0.849126697       1.20661985E-04
   6551.4150782866427       0.849180400       1.20697368E-04
   6553.8722854248044       0.897952199       1.27584120E-04
   6556.3294925629671       0.979886711       1.38595278E-04
   6558.7866997011288        1.03181374       1.44046484E-04
   6561.2439068392905       0.941335857       1.32156623E-04
   6563.7011139774522       0.798389137       1.14143135E-04
   6566.1583211156139       0.726284325       1.03710801E-04
   6568.6155282537766       0.721158147       1.02456288E-04
   6571.0727353919374       0.745774329       1.05352279E-04
   6573.5299425301000       0.741050065       1.03639512E-04
   6575.9871496682617       0.678954005       9.71106783E-05
   6578.4443568064235       0.689127207       9.75525181E-05
   6580.9015639445852       0.692999005       9.79905817E-05
   6583.3587710827469       0.719607651       1.02525089E-04
   6585.8159782209095       0.767990172       1.07622393E-04
   6588.2731853590703       0.750743091       1.05790241E-04
   6590.7303924972330       0.710644126       1.00735233E-04
   6593.1875996353947       0.690054595       9.79271208E-05
   6595.6448067735564       0.688562930       9.73379210E-05
   6598.1020139117181       0.685647905       9.70601832E-05
   6600.5592210498799       0.693720460       9.83472855E-05
   6603.0164281880425       0.710444152       1.00075267E-04
   6605.4736353262042       0.698782086       9.88188986E-05
   6607.9308424643659       0.704054356       1.00445672E-04
   6610.3880496025276       0.754687846       1.06213956E-04
   6612.8452567406894       0.758537412       1.06630054E-04
   6615.3024638788520       0.725604415       1.02732833E-04
   6617.7596710170128       0.702948093       9.96522867E-05
   6620.2168781551754       0.684275091       9.61288388E-05
   6622.6740852933372       0.630185902       8.98518992E-05
   6625.1312924314989       0.643340170       9.20665916E-05
   6627.5884995696606       0.700359881       9.80044861E-05
   6630.0457067078223       0.683525741       9.62734630E-05
   6632.5029138459849       0.652718425       9.28020963E-05
   6634.9601209841458       0.641920924       9.03467444E-05
   6637.4173281223084       0.614147663       8.76539198E-05
   6639.8745352604701       0.648149312       9.20787134E-05
   6642.3317423986318       0.682429850       9.54132556E-05
   6644.7889495367936       0.646511972       9.12054820E-05
   6647.2461566749553       0.599194825       8.51812147E-05
   6649.7033638131179       0.582030892       8.24565577E-05
   6652.1605709512796       0.561991751       7.90048798E-05
   6654.6177780894413       0.525842428       7.53103232E-05
   6657.0749852276031       0.559020996       7.95316664E-05
   6659.5321923657648       0.599739373       8.40327048E-05
   6661.9893995039274       0.601531446       8.55801700E-05
   6664.4466066420882       0.636382341       8.99457664E-05
   6666.9038137802509       0.651434898       9.15329802E-05
   6669.3610209184126       0.643174589       9.15879136E-05
   6671.8182280565743       0.669050157       9.42295010E-05
   6674.2754351947360       0.654723585       9.18199585E-05
   6676.7326423328977       0.593598783       8.40865105E-05
   6679.1898494710604       0.543995678       7.75955195E-05
   6681.6470566092212       0.541104853       7.69218459E-05
   6684.1042637473838       0.558858514       7.88809266E-05
   6686.5614708855455       0.565016389       7.97128814E-05
   6689.0186780237073       0.558951080       7.91994462E-05
   6691.4758851618690       0.574494064       8.18330736E-05
   6693.9330923000307       0.614731610       8.63094610E-05
   6696.3902994381933       0.609818757       8.61821027E-05
   6698.8475065763550       0.616732121       8.78576247E-05
   6701.3047137145168       0.651052296       9.16333302E-05
   6703.7619208526785       0.662252843       9.38586018E-05
   6706.2191279908402       0.678440154       9.53147828E-05
   6708.6763351290019       0.643539011       9.07006615E-05
   6711.1335422671636       0.604497313       8.61789158E-05
   6713.5907494053263       0.592184484       8.30611316E-05
   6716.0479565434880       0.542050004       7.71889245E-05
   6718.5051636816497       0.538127840       7.67921956E-05
   6720.9623708198114       0.561871052       7.88961115E-05
   6723.4195779579732       0.560939252       7.98873225E-05
   6725.8767850961358       0.597149312       8.44583410E-05
   6728.3339922342975       0.616421461       8.64366084E-05
   6730.7911993724592       0.593603492       8.41595902E-05
   6733.2484065106210       0.593967378       8.46605471E-05
   6735.7056136487827       0.633511007       8.94280529E-05
   6738.1628207869444       0.650260210       9.15366109E-05
   6740.6200279251061       0.650035322       9.21770043E-05
   6743.0772350632687       0.647292376       9.06238638E-05
   6745.5344422014305       0.596051991       8.50548095E-05
   6747.9916493395922       0.603256643       8.57870764E-05
   6750.4488564777539       0.623494685       8.77020793E-05
   6752.9060636159156       0.626220703       8.89555959E-05
   6755.3632707540773       0.648480117       9.15512865E-05
   6757.8204778922391       0.658851981       9.31485192E-05
   6760.2776850304017       0.677509248       9.63775383E-05
   6762.7348921685634       0.727099776       1.02677324E-04
   6765.1920993067251       0.761007965       1.07411113E-04
   6767.6493064448869       0.771479487       1.08414788E-04
   6770.1065135830486       0.741584480       1.05457635E-04
   6772.5637207212112       0.771468341       1.09965542E-04
   6775.0209278593729       0.812021673       1.12792739E-04
   6777.4781349975347       0.729364872       1.03551072E-04
   6779.9353421356964       0.678319633       9.65779618E-05
   6782.3925492738581       0.657432497       9.28714362E-05
   6784.8497564120198       0.638505518       9.06407877E-05
   6787.3069635501815       0.645204067       9.16696154E-05
   6789.7641706883442       0.676293910       9.53269046E-05
   6792.2213778265059       0.677488327       9.56383519E-05
   6794.6785849646676       0.686545968       9.78089083E-05
   6797.1357921028293       0.723478854       1.01631580E-04
   6799.5929992409910       0.722675622       1.02494763E-04
   6802.0502063791528       0.739643455       1.04406390E-04
   6804.5074135173145       0.739068091       1.04561834E-04
   6806.9646206554771       0.751662433       1.06458516E-04
   6809.4218277936388       0.752739727       1.05648352E-04
   6811.8790349318006       0.721248686       1.02872495E-04
   6814.3362420699623       0.744070768       1.05213949E-04
   6816.7934492081240       0.756106913       1.06621555E-04
   6819.2506563462866       0.757886469       1.07506814E-04
   6821.7078634844484       0.777007341       1.09827124E-04
   6824.1650706226101       0.788417697       1.11133842E-04
   6826.6222777607718       0.771561742       1.09094246E-04
   6829.0794848989335       0.775909722       1.10851855E-04
   6831.5366920370961       0.833815932       1.17010975E-04
   6833.9938991752570       0.824171245       1.16355477E-04
   6836.4511063134196       0.818236887       1.16236675E-04
   6838.9083134515813       0.830849051       1.17127114E-04
   6841.3655205897430       0.830440342       1.17658412E-04
   6843.8227277279047       0.825755477       1.15899005E-04
   6846.2799348660665       0.771520317       1.09498695E-04
   6848.7371420042291       0.743850231       1.05433355E-04
   6851.1943491423908       0.734225750       1.04331186E-04
   6853.6515562805525       0.762201905       1.07928034E-04
   6856.1087634187143       0.793176591       1.12437207E-04
   6858.5659705568760       0.858968914       1.22058838E-04
   6861.0231776950377       0.914327443       1.27126710E-04
   6863.4803848331994       0.827920675       1.16868716E-04
   6865.9375919713621       0.729506552       1.04021768E-04
   6868.3947991095238       0.696244299       9.99237018E-05
   6870.8520062476855       0.758212447       1.07344582E-04
   6873.3092133858472       0.813023686       1.14863738E-04
   6875.7664205240089       0.864320099       1.22045516E-04
   6878.2236276621707       0.879859388       1.23658785E-04
   6880.6808348003324       0.861440063       1.22169164E-04
   6883.1380419384950       0.849332094       1.19637545E-04
   6885.5952490766567       0.825263321       1.17591320E-04
   6888.0524562148184       0.846879244       1.19237331E-04
   6890.5096633529802       0.840068102       1.19430442E-04
   6892.9668704911419       0.880545855       1.24340528E-04
   6895.4240776293036       0.873304009       1.22213605E-04
   6897.8812847674662       0.810038626       1.15729279E-04
   6900.3384919056280       0.828861713       1.18180200E-04
   6902.7956990437897       0.905658126       1.27972584E-04
   6905.2529061819514       0.954488337       1.34208909E-04
   6907.7101133201131       0.960429668       1.36106319E-04
   6910.1673204582748       0.983239293       1.38834323E-04
   6912.6245275964375       0.970862448       1.36166724E-04
   6915.0817347345992       0.893842399       1.27120715E-04
   6917.5389418727609       0.888381064       1.27377119E-04
   6919.9961490109226       0.978567958       1.37755575E-04
   6922.4533561490844        1.00651598       1.41745884E-04
   6924.9105632872470        1.02378047       1.45936938E-04
   6927.3677704254078        1.09548450       1.54212190E-04
   6929.8249775635704        1.11989546       1.58516719E-04
   6932.2821847017321        1.15734410       1.63546516E-04
   6934.7393918398939        1.16980648       1.65058256E-04
   6937.1965989780556        1.18314147       1.68341518E-04
   6939.6538061162173        1.24991214       1.76663598E-04
   6942.1110132543799        1.32554126       1.88570004E-04
   6944.5682203925408        1.45823896       2.05430872E-04
   6947.0254275307034        1.48889756       2.08478625E-04
   6949.4826346688651        1.40594339       1.99337810E-04
   6951.9398418070268        1.34285414       1.89764658E-04
   6954.3970489451885        1.28439069       1.82816337E-04
   6956.8542560833503        1.31460989       1.86682009E-04
   6959.3114632215129        1.38424993       1.95878441E-04
   6961.7686703596746        1.46920347       2.07797479E-04
   6964.2258774978363        1.50825202       2.11174804E-04
   6966.6830846359981        1.43405974       2.03961623E-04
   6969.1402917741598        1.44420326       2.04890515E-04
   6971.5974989123215        1.48722816       2.10417187E-04
   6974.0547060504832        1.53954935       2.17533641E-04
   6976.5119131886458        1.56813729       2.21547467E-04
   6978.9691203268076        1.58613575       2.24126270E-04
   6981.4263274649693        1.58662045       2.24351854E-04
   6983.8835346031310        1.58339095       2.23421041E-04
   6986.3407417412927        1.54066300       2.17895416E-04
   6988.7979488794554        1.51615584       2.15189866E-04
   6991.2551560176171        1.53995025       2.18095374E-04
   6993.7123631557788        1.57982361       2.22986127E-04
   6996.1695702939405        1.58602190       2.24327450E-04
   6998.6267774321022        1.61115527       2.28438817E-04
   7001.0839845702640        1.65625393       2.33726081E-04
   7003.5411917084257        1.68443143       2.38897832E-04
   7005.9983988465883        1.74591362       2.46395648E-04
   7008.4556059847500        1.76915741       2.50126614E-04
   7010.9128131229118        1.79592538       2.54306535E-04
   7013.3700202610735        1.84646463       2.61456997E-04
   7015.8272273992352        1.89811563       2.67192489E-04
   7018.2844345373978        1.87262833       2.65383016E-04
   7020.7416416755586        1.90841961       2.70996854E-04
   7023.1988488137213        2.00334811       2.83580535E-04
   7025.6560559518830        2.12431359       3.00872838E-04
   7028.1132630900447        2.26023459       3.19715647E-04
   7030.5704702282064        2.39232087       3.37867183E-04
   7033.0276773663682        2.46595454       3.47384048E-04
   7035.4848845045308        2.44801593       3.46169923E-04
   7037.9420916426916        2.47456145       3.52296775E-04
   7040.3992987808542        2.60462284       3.66159511E-04
   7042.8565059190159        2.60402822       3.69227608E-04
   7045.3137130571777        2.65507936       3.73142422E-04
   7047.7709201953394        2.45527697       3.42996413E-04
   7050.2281273335011        1.98977876       2.82741879E-04
   7052.6853344716637        1.48740757       2.12414583E-04
   7055.1425416098255        1.05668223       1.55784830E-04
   7057.5997487479872       0.958467901       1.37448253E-04
   7060.0569558861489       0.963707149       1.36123868E-04
   7062.5141630243106       0.978681028       1.38964606E-04
   7064.9713701624732        1.01565051       1.43407931E-04
   7067.4285773006350        1.05122471       1.49021158E-04
   7069.8857844387967        1.08322465       1.51967513E-04
   7072.3429915769584        1.05198455       1.49831685E-04
   7074.8001987151201        1.11194074       1.58312308E-04
   7077.2574058532819        1.20024121       1.68404440E-04
   7079.7146129914436        1.20983911       1.71119143E-04
   7082.1718201296062        1.20000291       1.68192273E-04
   7084.6290272677679        1.06985331       1.50581982E-04
   7087.0862344059296       0.912078142       1.31100722E-04
   7089.5434415440914       0.877374709       1.24472252E-04
   7092.0006486822531       0.855487406       1.20787685E-04
   7094.4578558204148       0.850470066       1.21651450E-04
   7096.9150629585765       0.914076447       1.28441097E-04
   7099.3722700967392       0.923042774       1.30747154E-04
   7101.8294772349009       0.953220785       1.34853064E-04
   7104.2866843730626       0.977590203       1.38591990E-04
   7106.7438915112243        1.05230272       1.49700893E-04
   7109.2010986493860        1.12125409       1.56132432E-04
   7111.6583057875478        1.06749356       1.52592387E-04
   7114.1155129257095        1.12228000       1.58928684E-04
   7116.5727200638721        1.16785753       1.64573779E-04
   7119.0299272020338        1.16871691       1.64074721E-04
   7121.4871343401956        1.07633483       1.51921122E-04
   7123.9443414783573       0.969278634       1.37298979E-04
   7126.4015486165190       0.862956762       1.22809433E-04
   7128.8587557546816       0.828068495       1.18375290E-04
   7131.3159628928424       0.854550540       1.20463483E-04
   7133.7731700310051       0.866690457       1.22617057E-04
   7136.2303771691668       0.862881541       1.21400895E-04
   7138.6875843073285       0.848690748       1.21524041E-04
   7141.1447914454911       0.917241931       1.29005726E-04
   7143.6019985836519       0.926081359       1.30698332E-04
   7146.0592057218146       0.928229690       1.31418710E-04
   7148.5164128599763       0.942910552       1.34050060E-04
   7150.9736199981380        1.00244308       1.41379045E-04
   7153.4308271362997        1.02166963       1.44174875E-04
   7155.8880342744615        1.01899707       1.43426718E-04
   7158.3452414126241       0.974220812       1.38376941E-04
   7160.8024485507858       0.971402407       1.37187628E-04
   7163.2596556889475       0.955834568       1.35759910E-04
   7165.7168628271093       0.979779303       1.38140123E-04
   7168.1740699652710       0.977923691       1.39083801E-04
   7170.6312771034327        1.02794600       1.44744539E-04
   7173.0884842415944        1.02882326       1.46124294E-04
   7175.5456913797570        1.08965874       1.54173365E-04
   7178.0028985179188        1.12424290       1.58726034E-04
   7180.4601056560805        1.16611814       1.65114645E-04
   7182.9173127942422        1.19127178       1.67931081E-04
   7185.3745199324039        1.20383978       1.70761108E-04
   7187.8317270705656        1.24271750       1.75852678E-04
   7190.2889342087274        1.27065516       1.78314251E-04
   7192.7461413468900        1.21098757       1.71707754E-04
   7195.2033484850517        1.18373013       1.67011036E-04
   7197.6605556232134        1.10799325       1.56414739E-04
   7200.1177627613752        1.04714012       1.49742365E-04
   7202.5749698995369        1.09417570       1.55651622E-04
   7205.0321770376986        1.19140828       1.67956925E-04
   7207.4893841758603        1.23582196       1.74485511E-04
   7209.9465913140230        1.27963364       1.81467214E-04
   7212.4037984521847        1.33418524       1.88061516E-04
   7214.8610055903464        1.35640669       1.92004503E-04
   7217.3182127285090        1.38415647       1.95556961E-04
   7219.7754198666698        1.40524793       1.99191723E-04
   7222.2326270048325        1.46219218       2.07092249E-04
   7224.6898341429942        1.52107310       2.14177242E-04
   7227.1470412811559        1.49974513       2.11046063E-04
   7229.6042484193176        1.43699467       2.04619777E-04
   7232.0614555574793        1.46078587       2.06889206E-04
   7234.5186626956420        1.52743495       2.17377368E-04
   7236.9758698338028        1.63740993       2.29428784E-04
   7239.4330769719654        1.64179516       2.34525243E-04
   7241.8902841101271        1.78932405       2.51877704E-04
   7244.3474912482889        1.82992661       2.59483553E-04
   7246.8046983864506        1.96802473       2.79103988E-04
   7249.2619055246123        2.04898763       2.86668015E-04
   7251.7191126627749        2.00383282       2.85838993E-04
   7254.1763198009367        2.10439968       2.97910825E-04
   7256.6335269390984        2.19965577       3.09886760E-04
   7259.0907340772601        2.22941732       3.16122198E-04
   7261.5479412154218        2.31531310       3.27229354E-04
   7264.0051483535835        2.35918069       3.32602765E-04
   7266.4623554917453        2.34099293       3.30635434E-04
   7268.9195626299079        2.28384662       3.22708132E-04
   7271.3767697680696        2.21965504       3.14465055E-04
   7273.8339769062313        2.20632529       3.13535857E-04
   7276.2911840443930        2.31728482       3.29473114E-04
   7278.7483911825548        2.52742124       3.57459532E-04
   7281.2055983207165        2.69052887       3.78356577E-04
   7283.6628054588782        2.69592977       3.80081910E-04
   7286.1200125970408        2.63117361       3.72646318E-04
   7288.5772197352026        2.65666151       3.79451987E-04
   7291.0344268733643        2.91865921       4.12714668E-04
   7293.4916340115260        3.09837580       4.35943541E-04
   7295.9488411496877        3.17173171       4.49623156E-04
   7298.4060482878504        3.27283645       4.61274001E-04
   7300.8632554260121        3.29475737       4.67580976E-04
   7303.3204625641738        3.46292663       4.92145307E-04
   7305.7776697023355        3.74233174       5.27534052E-04
   7308.2348768404972        3.82068586       5.36024454E-04
   7310.6920839786590        3.69009376       5.25499461E-04
   7313.1492911168207        3.81381917       5.40878915E-04
   7315.6064982549833        4.02806520       5.70760225E-04
   7318.0637053931450        4.27241182       6.01588166E-04
   7320.5209125313067        4.33371449       6.13397919E-04
   7322.9781196694685        4.42287493       6.23084779E-04
   7325.4353268076302        4.30323601       6.08392700E-04
   7327.8925339457928        4.30111790       6.13058335E-04
   7330.3497410839536        4.50412464       6.34892494E-04
   7332.8069482221163        4.68277311       6.66715379E-04
   7335.2641553602780        5.01261806       7.02503487E-04
   7337.7213624984397        4.92754412       6.97299780E-04
   7340.1785696366014        4.87232590       6.86895743E-04
   7342.6357767747631        4.63146210       6.55875716E-04
   7345.0929839129258        4.57140875       6.51206530E-04
   7347.5501910510866        4.71260118       6.64010004E-04
   7350.0073981892492        4.74104929       6.70787296E-04
   7352.4646053274109        4.74119902       6.69415924E-04
   7354.9218124655727        4.75161982       6.75781746E-04
   7357.3790196037344        4.97885036       7.03719037E-04
   7359.8362267418961        5.19308043       7.35658745E-04
   7362.2934338800587        5.42867088       7.64461525E-04
   7364.7506410182204        5.46217823       7.73703097E-04
   7367.2078481563822        5.55561447       7.82987336E-04
   7369.6650552945439        5.44658661       7.70354760E-04
   7372.1222624327056        5.36621857       7.58098322E-04
   7374.5794695708682        5.22431421       7.41316995E-04
   7377.0366767090300        5.31835890       7.53913890E-04
   7379.4938838471917        5.42721224       7.65282661E-04
   7381.9510909853534        5.46896029       7.75217661E-04
   7384.4082981235151        5.57503605       7.87159603E-04
   7386.8655052616768        5.59151411       7.88929989E-04
   7389.3227123998386        5.46131754       7.71500985E-04
   7391.7799195380012        5.32270861       7.55009823E-04
   7394.2371266761629        5.33412981       7.55515939E-04
   7396.6943338143246        5.41197872       7.64437194E-04
   7399.1515409524864        5.38821602       7.60099385E-04
   7401.6087480906481        5.28517151       7.49388593E-04
   7404.0659552288098        5.29533815       7.48629565E-04
   7406.5231623669715        5.31116867       7.52982392E-04
   7408.9803695051341        5.45795250       7.71424093E-04
   7411.4375766432959        5.48970795       7.72305939E-04
   7413.8947837814576        5.27322865       7.45655037E-04
   7416.3519909196193        5.08416891       7.22041470E-04
   7418.8091980577810        5.11354494       7.25111400E-04
   7421.2664051959437        5.27250671       7.46606849E-04
   7423.7236123341045        5.46998978       7.71962572E-04
   7426.1808194722671        5.51822948       7.78075540E-04
   7428.6380266104288        5.41090727       7.64037191E-04
   7431.0952337485905        5.23186922       7.41053955E-04
   7433.5524408867523        5.16851997       7.32980261E-04
   7436.0096480249140        5.19643116       7.33637018E-04
   7438.4668551630766        5.17136860       7.32011918E-04
   7440.9240623012374        5.14552975       7.25702906E-04
   7443.3812694394001        5.04781485       7.17123155E-04
   7445.8384765775618        5.14455318       7.26200000E-04
   7448.2956837157235        5.13250685       7.26270431E-04
   7450.7528908538861        5.18922138       7.33890687E-04
   7453.2100979920478        5.16494751       7.28195708E-04
   7455.6673051302096        5.09329319       7.24285666E-04
   7458.1245122683713        5.26179838       7.44155375E-04
   7460.5817194065330        5.37469053       7.57169502E-04
   7463.0389265446947        5.33134031       7.55716756E-04
   7465.4961336828565        5.41388559       7.65779696E-04
   7467.9533408210191        5.45297766       7.69212260E-04
   7470.4105479591808        5.39160061       7.62796495E-04
   7472.8677550973425        5.33927059       7.55578221E-04
   7475.3249622355042        5.37602806       7.63034681E-04
   7477.7821693736660        5.53107643       7.79391732E-04
   7480.2393765118277        5.51543379       7.81182607E-04
   7482.6965836499894        5.61841965       7.96247099E-04
   7485.1537907881520        5.79027462       8.17219901E-04
   7487.6109979263138        5.78441811       8.14117317E-04
   7490.0682050644755        5.62917328       8.01701040E-04
   7492.5254122026372        5.78300381       8.14721803E-04
   7494.9826193407989        5.74654102       8.15356616E-04
   7497.4398264789606        5.90619469       8.33964499E-04
   7499.8970336171224        5.93154812       8.39712040E-04
   7502.3542407552850        6.06659603       8.56993895E-04
   7504.8114478934467        6.04786110       8.54799931E-04
   7507.2686550316084        6.12603045       8.68671224E-04
   7509.7258621697702        6.16308784       8.65405134E-04
   7512.1830693079319        5.95662498       8.48023396E-04
   7514.6402764460936        6.04986286       8.53514124E-04
   7517.0974835842553        6.00118589       8.49111588E-04
   7519.5546907224179        6.04007769       8.55839578E-04
   7522.0118978605797        6.08967161       8.57737323E-04
   7524.4691049987414        5.99115944       8.50519980E-04
   7526.9263121369040        6.10503387       8.64220259E-04
   7529.3835192750648        6.26190996       8.85664544E-04
   7531.8407264132275        6.41801977       9.07117326E-04
   7534.2979335513892        6.55231905       9.28110152E-04
   7536.7551406895509        6.77723026       9.57470445E-04
   7539.2123478277126        6.87135315       9.68998647E-04
   7541.6695549658743        6.80541134       9.62071237E-04
   7544.1267621040370        6.70738840       9.48850473E-04
   7546.5839692421978        6.64845276       9.41213395E-04
   7549.0411763803604        6.65771341       9.42217885E-04
   7551.4983835185221        6.69911861       9.47008608E-04
   7553.9555906566839        6.74878454       9.55970143E-04
   7556.4127977948456        6.84127569       9.64586274E-04
   7558.8700049330073        6.79104376       9.62943828E-04
   7561.3272120711699        6.86217737       9.66674066E-04
   7563.7844192093316        6.65734100       9.42173589E-04
   7566.2416263474934        6.61055565       9.38941143E-04
   7568.6988334856551        6.74104500       9.52102186E-04
   7571.1560406238168        6.86505318       9.72395355E-04
   7573.6132477619785        6.98600769       9.84201441E-04
   7576.0704549001402        6.94053555       9.84885381E-04
   7578.5276620383029        7.08560228       9.99899581E-04
   7580.9848691764637        6.97756147       9.80527257E-04
   7583.4420763146263        6.42303991       9.03992390E-04
   7585.8992834527880        5.46501541       7.72376603E-04
   7588.3564905909498        4.43329906       6.35277538E-04
   7590.8136977291124        3.76063156       5.34528226E-04
   7593.2709048672732        3.24133372       4.62916039E-04
   7595.7281120054358        2.90193510       4.07983141E-04
   7598.1853191435976        2.43985915       3.51340626E-04
   7600.6425262817593        2.38029885       3.38266458E-04
   7603.0997334199219        2.39628816       3.41298088E-04
   7605.5569405580827        2.70345473       3.88214656E-04
   7608.0141476962453        3.26012111       4.61588032E-04
   7610.4713548344071        3.81596589       5.40626876E-04
   7612.9285619725688        4.28650284       6.03715947E-04
   7615.3857691107305        4.56192970       6.42398838E-04
   7617.8429762488922        4.50165415       6.28094305E-04
   7620.3001833870549        3.88145638       5.49341843E-04
   7622.7573905252157        3.25923681       4.65433695E-04
   7625.2145976633783        2.82815862       4.01093799E-04
   7627.6718048015400        2.46380615       3.51826893E-04
   7630.1290119397017        2.33095431       3.32926546E-04
   7632.5862190778635        2.40805149       3.40971339E-04
   7635.0434262160252        2.47817159       3.48701491E-04
   7637.5006333541878        2.43526196       3.44201282E-04
   7639.9578404923486        2.38602400       3.37632926E-04
   7642.4150476305113        2.34745717       3.32362280E-04
   7644.8722547686730        2.35000539       3.32850352E-04
   7647.3294619068347        2.34569693       3.29396222E-04
   7649.7866690449964        2.17150569       3.06164613E-04
   7652.2438761831581        1.95432281       2.78120249E-04
   7654.7010833213208        1.82163823       2.57158652E-04
   7657.1582904594816        1.62694454       2.29131649E-04
   7659.6154975976442        1.36382353       1.94479726E-04
   7662.0727047358059        1.20595634       1.73544948E-04
   7664.5299118739676        1.25864589       1.79922892E-04
   7666.9871190121294        1.41713595       2.00572453E-04
   7669.4443261502911        1.58542073       2.24986579E-04
   7671.9015332884537        1.76022768       2.47591379E-04
   7674.3587404266145        1.83779871       2.60062778E-04
   7676.8159475647772        1.93379927       2.73746438E-04
   7679.2731547029389        2.03078938       2.87036295E-04
   7681.7303618411006        2.10621619       2.96776154E-04
   7684.1875689792632        2.08714080       2.94186262E-04
   7686.6447761174240        2.01359630       2.84454203E-04
   7689.1019832555867        1.88642824       2.65496230E-04
   7691.5591903937484        1.67633367       2.37520362E-04
   7694.0163975319101        1.47972596       2.10455546E-04
   7696.4736046700727        1.38482070       1.98782625E-04
   7698.9308118082336        1.49914289       2.13867141E-04
   7701.3880189463962        1.71804845       2.43871880E-04
   7703.8452260845579        1.97263908       2.79140368E-04
   7706.3024332227196        2.17550373       3.05962370E-04
   7708.7596403608813        2.26032662       3.19785177E-04
   7711.2168474990431        2.38104320       3.38460464E-04
   7713.6740546372057        2.58579421       3.64874519E-04
   7716.1312617753665        2.70316577       3.81222373E-04
   7718.5884689135291        2.76998591       3.92533868E-04
   7721.0456760516909        2.88816404       4.09190136E-04
   7723.5028831898526        3.06747317       4.34863265E-04
   7725.9600903280143        3.27065563       4.60717769E-04
   7728.4172974661760        3.34300876       4.72936401E-04
   7730.8745046043387        3.47386765       4.93441650E-04
   7733.3317117424995        3.68280935       5.18190907E-04
   7735.7889188806621        3.68522739       5.19219844E-04
   7738.2461260188238        3.58164573       5.06792509E-04
   7740.7033331569855        3.45856214       4.87417477E-04
   7743.1605402951473        3.23076153       4.57781862E-04
   7745.6177474333090        3.08104587       4.37501178E-04
   7748.0749545714716        3.03224039       4.29035223E-04
   7750.5321617096324        3.01531196       4.27361549E-04
   7752.9893688477950        3.05690408       4.32332832E-04
   7755.4465759859568        3.09407210       4.37560811E-04
   7757.9037831241185        3.15146565       4.46695514E-04
   7760.3609902622811        3.25760293       4.60166950E-04
   7762.8181974004419        3.34134459       4.73717984E-04
   7765.2754045386046        3.51750326       4.98171081E-04
   7767.7326116767663        3.68259358       5.18460234E-04
   7770.1898188149280        3.69324732       5.21985407E-04
   7772.6470259530906        3.70571518       5.24912146E-04
   7775.1042330912514        3.73268843       5.25735726E-04
   7777.5614402294141        3.62132001       5.12259197E-04
   7780.0186473675749        3.54327989       5.02228388E-04
   7782.4758545057375        3.52417040       4.98535170E-04
   7784.9330616438992        3.54718065       5.03427640E-04
   7787.3902687820610        3.68211102       5.20498375E-04
   7789.8474759202236        3.74220252       5.26245858E-04
   7792.3046830583844        3.63661671       5.15471504E-04
   7794.7618901965470        3.61234665       5.10990852E-04
   7797.2190973347087        3.59082770       5.09114587E-04
   7799.6763044728705        3.75365281       5.36567764E-04
   7802.1335116110322        4.24996042       6.01321110E-04
   7804.5907187491939        4.63674641       6.51744835E-04
   7807.0479258873565        4.75885820       6.72869675E-04
   7809.5051330255174        4.88050556       6.90453569E-04
   7811.9623401636800        4.98639727       7.03837606E-04
   7814.4195473018417        4.98908567       7.03984173E-04
   7816.8767544400034        4.87060642       6.87674503E-04
   7819.3339615781651        4.68289804       6.62506383E-04
   7821.7911687163269        4.51338673       6.38860627E-04
   7824.2483758544895        4.36649132       6.17265410E-04
   7826.7055829926503        4.22588634       5.99277613E-04
   7829.1627901308129        4.19770288       5.94653364E-04
   7831.6199972689747        4.27391672       6.06973190E-04
   7834.0772044071364        4.48067760       6.31989795E-04
   7836.5344115452981        4.57619524       6.47894165E-04
   7838.9916186834598        4.71734142       6.66007749E-04
   7841.4488258216224        4.75781250       6.73026021E-04
   7843.9060329597842        4.85346794       6.86859654E-04
   7846.3632400979459        4.89436150       6.89303968E-04
   7848.8204472361076        4.81352043       6.82751939E-04
   7851.2776543742693        4.84406376       6.85077452E-04
   7853.7348615124320        4.89404488       6.92822330E-04
   7856.1920686505928        4.95350695       6.98276446E-04
   7858.6492757887554        4.85228634       6.85619947E-04
   7861.1064829269171        4.73611116       6.70342590E-04
   7863.5636900650788        4.62975836       6.54576812E-04
   7866.0208972032406        4.56356287       6.47856563E-04
   7868.4781043414023        4.63727093       6.55257434E-04
   7870.9353114795649        4.67960310       6.62900857E-04
   7873.3925186177257        4.85920334       6.90488727E-04
   7875.8497257558884        5.17948008       7.30153697E-04
   7878.3069328940501        5.35267115       7.57769682E-04
   7880.7641400322118        5.55924129       7.84602307E-04
   7883.2213471703744        5.62232018       7.94427237E-04
   7885.6785543085352        5.69910145       8.07656907E-04
   7888.1357614466979        5.80616665       8.17260705E-04
   7890.5929685848587        5.62949181       7.94258958E-04
   7893.0501757230213        5.41920805       7.70675309E-04
   7895.5073828611830        5.39199686       7.58267939E-04
   7897.9645899993448        5.14391422       7.31448003E-04
   7900.4217971375074        5.17764521       7.32395565E-04
   7902.8790042756682        5.15449429       7.27594423E-04
   7905.3362114138308        5.06245422       7.14075810E-04
   7907.7934185519925        4.81814384       6.82868762E-04
   7910.2506256901543        4.77806330       6.79843710E-04
   7912.7078328283160        4.90331888       6.90776738E-04
   7915.1650399664777        4.90560389       6.94478338E-04
   7917.6222471046403        4.91510534       6.93835784E-04
   7920.0794542428021        4.88414145       6.93251088E-04
   7922.5366613809638        5.06244516       7.18816649E-04
   7924.9938685191255        5.37522888       7.58176320E-04
   7927.4510756572872        5.50757837       7.77389971E-04
   7929.9082827954498        5.63129616       7.99835077E-04
   7932.3654899336107        5.83338642       8.17627937E-04
   7934.8226970717733        5.57463598       7.88695645E-04
   7937.2799042099350        5.30229282       7.47134327E-04
   7939.7371113480967        4.86247492       6.92387111E-04
   7942.1943184862585        4.80752563       6.82865968E-04
   7944.6515256244202        4.82303619       6.80630328E-04
   7947.1087327625828        4.95515251       7.09384272E-04
   7949.5659399007436        5.51140642       7.76304747E-04
   7952.0231470389062        5.82087708       8.21829482E-04
   7954.4803541770680        5.97283411       8.39892193E-04
   7956.9375613152297        5.77882433       8.16448533E-04
   7959.3947684533914        5.63845444       8.03005823E-04
   7961.8519755915531        5.87725878       8.34226259E-04
   7964.3091827297158        6.27014732       8.84822221E-04
   7966.7663898678766        6.46858835       9.11768293E-04
   7969.2235970060392        6.44566631       9.08704242E-04
   7971.6808041442009        6.22075844       8.79378640E-04
   7974.1380112823626        5.99798107       8.49195756E-04
   7976.5952184205253        5.79870033       8.19424808E-04
   7979.0524255586861        5.59830666       7.93980900E-04
   7981.5096326968487        5.55351686       7.87254598E-04
   7983.9668398350095        5.66517115       8.02641851E-04
   7986.4240469731722        5.78279209       8.14148923E-04
   7988.8812541113339        5.76584244       8.20355664E-04
   7991.3384612494956        5.99747467       8.44241644E-04
   7993.7956683876582        5.99462509       8.50943092E-04
   7996.2528755258199        6.23954964       8.82533612E-04
   7998.7100826639817        6.43619013       9.11630166E-04
   8001.1672898021434        6.78547287       9.59403289E-04
   8003.6244969403051        6.97648144       9.84020066E-04
   8006.0817040784677        7.14791918       1.01516012E-03
   8008.5389112166285        7.45077372       1.04894291E-03
   8010.9961183547912        7.48049784       1.05895963E-03
   8013.4533254929529        7.63440180       1.08286075E-03
   8015.9105326311146        7.91525459       1.11568975E-03
   8018.3677397692763        7.95448303       1.12524617E-03
   8020.8249469074381        8.06643105       1.14408950E-03
   8023.2821540456007        8.45418644       1.19959947E-03
   8025.7393611837615        8.92858028       1.25492073E-03
   8028.1965683219241        8.97926903       1.27572159E-03
   8030.6537754600859        9.43048000       1.33196975E-03
   8033.1109825982476        9.53700542      -1.34873600E-03
