   5529.2169088113069        4.78170663E-02   6.56856128E-06
   5531.6741159494686        2.19608676E-02   3.48368553E-06
   5534.1313230876303        1.80696007E-02   2.71286058E-06
   5536.5885302257930        2.45766118E-02   3.35720574E-06
   5539.0457373639547        2.62719058E-02   3.87821865E-06
   5541.5029445021164        3.55523527E-02   5.02076364E-06
   5543.9601516402781        4.42409180E-02   6.14847932E-06
   5546.4173587784398        8.15402996E-03   2.18733362E-06
   5548.8745659166016        3.00913267E-02   3.71661099E-06
   5551.3317730547642        2.44961455E-02   3.79535118E-06
   5553.7889801929259        1.18745761E-02   3.47805417E-06
   5556.2461873310876        5.86062483E-02   7.42392194E-06
   5558.7033944692494        5.03574535E-02   7.31640512E-06
   5561.1606016074111        3.48350219E-02   5.54653434E-06
   5563.6178087455728        5.97100817E-02   8.00729595E-06
   5566.0750158837354        5.90195507E-02   8.77118873E-06
   5568.5322230218972        8.25346410E-02   1.14886898E-05
   5570.9894301600589       0.100438647       1.38743144E-05
   5573.4466372982206        8.08439478E-02   1.24040407E-05
   5575.9038444363823       0.124117613       1.69075665E-05
   5578.3610515745440       0.130844474       1.83375869E-05
   5580.8182587127058       0.115198351       1.69756513E-05
   5583.2754658508684       0.146963239       2.02304873E-05
   5585.7326729890301       0.149986640       2.11087554E-05
   5588.1898801271918       0.122682244       1.78104965E-05
   5590.6470872653535       0.133478701       1.87144742E-05
   5593.1042944035153       0.128677726       1.83748652E-05
   5595.5615015416770       0.138374314       1.92823318E-05
   5598.0187086798396       0.122076757       1.74932629E-05
   5600.4759158180013       0.118167810       1.66807404E-05
   5602.9331229561631       0.109093957       1.55717898E-05
   5605.3903300943248       0.109260656       1.54606078E-05
   5607.8475372324865       0.109636918       1.57901432E-05
   5610.3047443706482       0.130201489       1.78511855E-05
   5612.7619515088109       0.111508541       1.62506803E-05
   5615.2191586469726       0.119565979       1.70880430E-05
   5617.6763657851343       0.146165103       2.00211671E-05
   5620.1335729232960       0.121238433       1.75713667E-05
   5622.5907800614577       0.115153380       1.63527548E-05
   5625.0479871996195       0.122034773       1.72032196E-05
   5627.5051943377821       0.119032219       1.68349361E-05
   5629.9624014759438       0.120675795       1.71101528E-05
   5632.4196086141055       0.121163219       1.71028787E-05
   5634.8768157522672       0.122885905       1.71691863E-05
   5637.3340228904290        9.86343771E-02   1.46603252E-05
   5639.7912300285907       0.122373432       1.70054245E-05
   5642.2484371667524       0.135544538       1.90881401E-05
   5644.7056443049150       0.137469962       1.94399563E-05
   5647.1628514430768       0.144410312       2.02587235E-05
   5649.6200585812385       0.136746153       1.95720750E-05
   5652.0772657194002       0.144122362       2.01046078E-05
   5654.5344728575619       0.134943545       1.93165324E-05
   5656.9916799957236       0.133766547       1.89637758E-05
   5659.4488871338863       0.143794626       2.01540843E-05
   5661.9060942720480       0.133278549       1.90987921E-05
   5664.3633014102097       0.144075558       2.02863012E-05
   5666.8205085483714       0.146756515       2.05090964E-05
   5669.2777156865332       0.133783787       1.92685493E-05
   5671.7349228246949       0.134924725       1.92140415E-05
   5674.1921299628575       0.155701056       2.16527369E-05
   5676.6493371010192       0.137951478       1.99852366E-05
   5679.1065442391809       0.158290520       2.20400289E-05
   5681.5637513773427       0.153773353       2.19464018E-05
   5684.0209585155044       0.165346056       2.32233124E-05
   5686.4781656536661       0.164702952       2.32275743E-05
   5688.9353727918278       0.160774067       2.26919474E-05
   5691.3925799299905       0.144656375       2.13119820E-05
   5693.8497870681522       0.185705781       2.52557220E-05
   5696.3069942063139       0.164217144       2.38962784E-05
   5698.7642013444756       0.175519392       2.48780761E-05
   5701.2214084826373       0.206319153       2.86565555E-05
   5703.6786156207991       0.190644279       2.75916082E-05
   5706.1358227589617       0.219910413       3.03493180E-05
   5708.5930298971234       0.202719629       2.91123306E-05
   5711.0502370352851       0.200768515       2.81646426E-05
   5713.5074441734469       0.192307800       2.71652989E-05
   5715.9646513116086       0.155370623       2.26997145E-05
   5718.4218584497703       0.170648396       2.37759104E-05
   5720.8790655879329       0.166851908       2.38274624E-05
   5723.3362727260946       0.171151564       2.41843736E-05
   5725.7934798642564       0.185990497       2.62977683E-05
   5728.2506870024181       0.193259463       2.68939693E-05
   5730.7078941405798       0.177006185       2.53587677E-05
   5733.1651012787415       0.161695555       2.32396415E-05
   5735.6223084169033       0.184785798       2.56629410E-05
   5738.0795155550659       0.162363455       2.37754648E-05
   5740.5367226932276       0.198444515       2.73619735E-05
   5742.9939298313893       0.190728813       2.70390246E-05
   5745.4511369695510       0.180543765       2.59312419E-05
   5747.9083441077128       0.201206863       2.85011956E-05
   5750.3655512458745       0.232082307       3.20616200E-05
   5752.8227583840371       0.198179066       2.85896785E-05
   5755.2799655221988       0.199333251       2.83489826E-05
   5757.7371726603606       0.214658946       2.99724870E-05
   5760.1943797985223       0.205094859       2.90612588E-05
   5762.6515869366840       0.182378426       2.61818477E-05
   5765.1087940748457       0.191253856       2.67178657E-05
   5767.5660012130083       0.169160753       2.44989878E-05
   5770.0232083511701       0.186472654       2.61831574E-05
   5772.4804154893318       0.197863221       2.78302123E-05
   5774.9376226274935       0.197766677       2.81071261E-05
   5777.3948297656552       0.207866460       2.92559107E-05
   5779.8520369038170       0.212793753       2.98764862E-05
   5782.3092440419787       0.193925515       2.78418847E-05
   5784.7664511801413       0.205728084       2.90207299E-05
   5787.2236583183030       0.216217846       3.03894885E-05
   5789.6808654564647       0.217073455       3.10565156E-05
   5792.1380725946265       0.242639616       3.39964063E-05
   5794.5952797327882       0.257136554       3.60282138E-05
   5797.0524868709508       0.235998586       3.39946055E-05
   5799.5096940091125       0.261856794       3.65341330E-05
   5801.9669011472743       0.257578045       3.64278312E-05
   5804.4241082854360       0.242609546       3.42513340E-05
   5806.8813154235977       0.218383983       3.11414005E-05
   5809.3385225617594       0.200249270       2.86123704E-05
   5811.7957296999211       0.203225791       2.86137056E-05
   5814.2529368380838       0.198079646       2.81804059E-05
   5816.7101439762455       0.204475015       2.91696542E-05
   5819.1673511144072       0.234291330       3.26308727E-05
   5821.6245582525689       0.231879875       3.26152367E-05
   5824.0817653907307       0.205688849       2.95219106E-05
   5826.5389725288924       0.208647624       2.96424223E-05
   5828.9961796670550       0.226397932       3.17049453E-05
   5831.4533868052167       0.222023904       3.11583499E-05
   5833.9105939433784       0.189495578       2.71827357E-05
   5836.3678010815402       0.172685325       2.47820590E-05
   5838.8250082197019       0.184479460       2.58696782E-05
   5841.2822153578636       0.182838380       2.58160107E-05
   5843.7394224960262       0.174725354       2.48617416E-05
   5846.1966296341880       0.177016318       2.47796233E-05
   5848.6538367723497       0.158685431       2.25814256E-05
   5851.1110439105114       0.137081876       1.99697279E-05
   5853.5682510486731       0.158352733       2.20246438E-05
   5856.0254581868348       0.160141289       2.24514461E-05
   5858.4826653249966       0.136736810       1.98088419E-05
   5860.9398724631592       0.147868574       2.09536938E-05
   5863.3970796013209       0.167582095       2.32628772E-05
   5865.8542867394826       0.154938996       2.21258269E-05
   5868.3114938776444       0.154169574       2.20225775E-05
   5870.7687010158061       0.172857732       2.39740766E-05
   5873.2259081539678       0.161813736       2.31745507E-05
   5875.6831152921304       0.159448877       2.22078943E-05
   5878.1403224302921       0.139367104       2.00037884E-05
   5880.5975295684539       0.107907481       1.61279604E-05
   5883.0547367066156       0.145204261       2.01882212E-05
   5885.5119438447773       0.157298163       2.17466022E-05
   5887.9691509829390       0.134627998       1.92515763E-05
   5890.4263581211017        7.87005052E-02   1.18956559E-05
   5892.8835652592634        7.74563700E-02   1.09806624E-05
   5895.3407723974251        7.35573024E-02   1.11514682E-05
   5897.7979795355868       0.115339391       1.56202896E-05
   5900.2551866737485       0.114915721       1.65923884E-05
   5902.7123938119103       0.135692477       1.87444493E-05
   5905.1696009500720       0.132455021       1.89216444E-05
   5907.6268080882346       0.136712521       1.92340303E-05
   5910.0840152263963       0.141369313       2.00684299E-05
   5912.5412223645581       0.148863941       2.09286645E-05
   5914.9984295027198       0.153146312       2.15687087E-05
   5917.4556366408815       0.145400867       2.05749402E-05
   5919.9128437790432       0.138623908       1.97021418E-05
   5922.3700509172058       0.133319631       1.91006493E-05
   5924.8272580553676       0.149172366       2.08063211E-05
   5927.2844651935293       0.145643726       2.09641730E-05
   5929.7416723316910       0.167212158       2.31575013E-05
   5932.1988794698527       0.158255130       2.24488849E-05
   5934.6560866080144       0.143319160       2.06391232E-05
   5937.1132937461771       0.154652476       2.15742148E-05
   5939.5705008843388       0.151862025       2.17584457E-05
   5942.0277080225005       0.160171151       2.25283493E-05
   5944.4849151606622       0.174229607       2.45702195E-05
   5946.9421222988240       0.169868454       2.39281690E-05
   5949.3993294369857       0.169432476       2.38859502E-05
   5951.8565365751474       0.138346806       2.02986139E-05
   5954.3137437133100       0.163560122       2.25128606E-05
   5956.7709508514718       0.142434686       2.10164817E-05
   5959.2281579896335       0.176676109       2.42658789E-05
   5961.6853651277952       0.173085541       2.44692310E-05
   5964.1425722659569       0.146042913       2.09018399E-05
   5966.5997794041186       0.139774352       2.01895600E-05
   5969.0569865422813       0.160397008       2.23761508E-05
   5971.5141936804430       0.170055166       2.39292240E-05
   5973.9714008186047       0.160899431       2.29130237E-05
   5976.4286079567664       0.169111028       2.37647091E-05
   5978.8858150949281       0.162663192       2.34175568E-05
   5981.3430222330899       0.186628386       2.57964602E-05
   5983.8002293712525       0.170181215       2.42882343E-05
   5986.2574365094142       0.157085970       2.22821927E-05
   5988.7146436475759       0.153628796       2.22891722E-05
   5991.1718507857377       0.185223088       2.55817395E-05
   5993.6290579238994       0.188323572       2.67083742E-05
   5996.0862650620611       0.180144385       2.58694399E-05
   5998.5434722002228       0.209609866       2.89604868E-05
   6001.0006793383855       0.178044528       2.55852901E-05
   6003.4578864765472       0.171218917       2.44718522E-05
   6005.9150936147089       0.179545835       2.51370402E-05
   6008.3723007528706       0.179759756       2.55067152E-05
   6010.8295078910323       0.166577220       2.38298289E-05
   6013.2867150291941       0.186934561       2.61935475E-05
   6015.7439221673567       0.173535630       2.49317200E-05
   6018.2011293055184       0.198094890       2.75035200E-05
   6020.6583364436801       0.168463230       2.44838720E-05
   6023.1155435818418       0.190456778       2.65060989E-05
   6025.5727507200036       0.178466693       2.59618719E-05
   6028.0299578581653       0.215710387       2.95182854E-05
   6030.4871649963279       0.182171330       2.66286206E-05
   6032.9443721344896       0.198703542       2.78299267E-05
   6035.4015792726514       0.211376488       2.98049181E-05
   6037.8587864108131       0.210388005       2.99303301E-05
   6040.3159935489748       0.227236584       3.17827726E-05
   6042.7732006871365       0.218969971       3.10199503E-05
   6045.2304078252982       0.207891256       2.97804399E-05
   6047.6876149634609       0.224759787       3.15095022E-05
   6050.1448221016226       0.229299247       3.24650864E-05
   6052.6020292397843       0.227413118       3.19199753E-05
   6055.0592363779460       0.215321049       3.07697810E-05
   6057.5164435161078       0.210894018       3.03051638E-05
   6059.9736506542704       0.251248479       3.47952991E-05
   6062.4308577924321       0.234642729       3.38107857E-05
   6064.8880649305938       0.262537569       3.65630949E-05
   6067.3452720687555       0.257844508       3.66259919E-05
   6069.8024792069173       0.256456554       3.61375278E-05
   6072.2596863450790       0.248810485       3.53984433E-05
   6074.7168934832407       0.252206504       3.55785633E-05
   6077.1741006214033       0.254140705       3.61650527E-05
   6079.6313077595651       0.271995932       3.82181606E-05
   6082.0885148977268       0.276995778       3.88073422E-05
   6084.5457220358885       0.248498604       3.58931393E-05
   6087.0029291740502       0.264548987       3.68091351E-05
   6089.4601363122119       0.251483709       3.57819954E-05
   6091.9173434503737       0.225087538       3.26629561E-05
   6094.3745505885363       0.268609464       3.71455244E-05
   6096.8317577266980       0.248758897       3.54290169E-05
   6099.2889648648597       0.241522714       3.44246946E-05
   6101.7461720030215       0.252625734       3.53647883E-05
   6104.2033791411832       0.245351657       3.47477580E-05
   6106.6605862793458       0.220220163       3.14733043E-05
   6109.1177934175075       0.227152973       3.18761995E-05
   6111.5750005556692       0.202822328       2.95837617E-05
   6114.0322076938310       0.243388042       3.34397992E-05
   6116.4894148319927       0.217879862       3.13210294E-05
   6118.9466219701544       0.216089725       3.06074653E-05
   6121.4038291083161       0.228953660       3.23411296E-05
   6123.8610362464788       0.239407301       3.37848505E-05
   6126.3182433846405       0.245783031       3.43036372E-05
   6128.7754505228022       0.218978375       3.15542457E-05
   6131.2326576609639       0.220644966       3.13516102E-05
   6133.6898647991256       0.245059058       3.39419385E-05
   6136.1470719372874       0.198943615       2.87186267E-05
   6138.6042790754491       0.184669420       2.64567352E-05
   6141.0614862136117       0.197775617       2.79349388E-05
   6143.5186933517734       0.212592557       2.95913178E-05
   6145.9759004899352       0.188264698       2.71016252E-05
   6148.4331076280969       0.192524105       2.71198915E-05
   6150.8903147662586       0.196333140       2.76876654E-05
   6153.3475219044212       0.187229455       2.63287548E-05
   6155.8047290425829       0.164226755       2.36440683E-05
   6158.2619361807447       0.163666993       2.34865456E-05
   6160.7191433189064       0.192760557       2.65923300E-05
   6163.1763504570681       0.174243167       2.49857094E-05
   6165.6335575952298       0.170800701       2.40908648E-05
   6168.0907647333916       0.170600921       2.41776543E-05
   6170.5479718715542       0.166662052       2.35793486E-05
   6173.0051790097159       0.166372865       2.32569037E-05
   6175.4623861478776       0.135677069       1.98515372E-05
   6177.9195932860393       0.147233978       2.07728517E-05
   6180.3768004242011       0.165700302       2.31691993E-05
   6182.8340075623637       0.160641730       2.27979490E-05
   6185.2912147005254       0.163219675       2.29152974E-05
   6187.7484218386871       0.152322739       2.18728437E-05
   6190.2056289768489       0.164089888       2.32012480E-05
   6192.6628361150106       0.182729289       2.55294308E-05
   6195.1200432531723       0.176117480       2.47207336E-05
   6197.5772503913340       0.148183718       2.14278407E-05
   6200.0344575294966       0.144791052       2.06550321E-05
   6202.4916646676584       0.161527023       2.25860622E-05
   6204.9488718058201       0.157961786       2.24021314E-05
   6207.4060789439818       0.158172116       2.21919017E-05
   6209.8632860821435       0.144437283       2.09992304E-05
   6212.3204932203053       0.166838184       2.30821806E-05
   6214.7777003584670       0.164460927       2.33228820E-05
   6217.2349074966296       0.149158284       2.13694730E-05
   6219.6921146347913       0.160616368       2.23672942E-05
   6222.1493217729530       0.138455093       2.00760896E-05
   6224.6065289111148       0.148986563       2.08462261E-05
   6227.0637360492765       0.151004955       2.15590317E-05
   6229.5209431874382       0.164686188       2.31821105E-05
   6231.9781503256008       0.177651748       2.48055876E-05
   6234.4353574637626       0.163084894       2.32197217E-05
   6236.8925646019243       0.155289561       2.23828756E-05
   6239.3497717400860       0.179780439       2.51180973E-05
   6241.8069788782477       0.187912107       2.62992162E-05
   6244.2641860164094       0.170031756       2.44179864E-05
   6246.7213931545721       0.175047800       2.46532181E-05
   6249.1786002927338       0.179537922       2.54909301E-05
   6251.6358074308955       0.186098188       2.61247260E-05
   6254.0930145690572       0.186169580       2.63343190E-05
   6256.5502217072190       0.176553339       2.51879683E-05
   6259.0074288453807       0.187079623       2.61504101E-05
   6261.4646359835424       0.169962451       2.45332012E-05
   6263.9218431217050       0.187283605       2.63674629E-05
   6266.3790502598667       0.203876898       2.86596078E-05
   6268.8362573980285       0.207254112       2.92095447E-05
   6271.2934645361902       0.201846182       2.85922179E-05
   6273.7506716743519       0.197650924       2.79588076E-05
   6276.2078788125136       0.191957861       2.75569419E-05
   6278.6650859506763       0.216738731       3.04518653E-05
   6281.1222930888380       0.233758181       3.26088593E-05
   6283.5795002269997       0.213294059       3.05216272E-05
   6286.0367073651614       0.211322978       3.00316042E-05
   6288.4939145033231       0.225462049       3.16702826E-05
   6290.9511216414849       0.224390551       3.20457693E-05
   6293.4083287796475       0.247743607       3.49675902E-05
   6295.8655359178092       0.273725033       3.83035840E-05
   6298.3227430559709       0.271012515       3.83858242E-05
   6300.7799501941327       0.270087451       3.85075473E-05
   6303.2371573322944       0.294968426       4.14749702E-05
   6305.6943644704561       0.308491111       4.33154528E-05
   6308.1515716086178       0.296466440       4.23564379E-05
   6310.6087787467804       0.313030481       4.40202566E-05
   6313.0659858849422       0.319967985       4.51646411E-05
   6315.5231930231039       0.313533932       4.46550912E-05
   6317.9804001612656       0.330819428       4.61807758E-05
   6320.4376072994273       0.303862363       4.35125075E-05
   6322.8948144375890       0.301327318       4.28124040E-05
   6325.3520215757508       0.325062513       4.56775524E-05
   6327.8092287139134       0.324776322       4.61623131E-05
   6330.2664358520751       0.345468879       4.86339413E-05
   6332.7236429902368       0.356302261       5.06117685E-05
   6335.1808501283986       0.383672833       5.37530141E-05
   6337.6380572665603       0.383895338       5.43656533E-05
   6340.0952644047229       0.380056053       5.38749155E-05
   6342.5524715428846       0.393049896       5.54384242E-05
   6345.0096786810464       0.393032640       5.55794832E-05
   6347.4668858192081       0.393786430       5.55377592E-05
   6349.9240929573698       0.380441636       5.43082679E-05
   6352.3813000955315       0.402978778       5.67262578E-05
   6354.8385072336932       0.415767491       5.84681402E-05
   6357.2957143718559       0.395595223       5.59798282E-05
   6359.7529215100176       0.369752616       5.27986922E-05
   6362.2101286481793       0.375797808       5.32110134E-05
   6364.6673357863410       0.394182682       5.54856379E-05
   6367.1245429245027       0.394473910       5.60722110E-05
   6369.5817500626654       0.414331943       5.79225016E-05
   6372.0389572008271       0.390706986       5.58200372E-05
   6374.4961643389888       0.392211169       5.57085514E-05
   6376.9533714771505       0.423088729       5.87818286E-05
   6379.4105786153123       0.362926066       5.23019298E-05
   6381.8677857534740       0.351488739       4.99224261E-05
   6384.3249928916357       0.371031791       5.23638591E-05
   6386.7822000297983       0.378162146       5.35289473E-05
   6389.2394071679601       0.399032980       5.62616988E-05
   6391.6966143061218       0.409155220       5.79089210E-05
   6394.1538214442835       0.428148359       6.01202992E-05
   6396.6110285824452       0.417512983       5.92928191E-05
   6399.0682357206069       0.418922067       5.91499738E-05
   6401.5254428587687       0.421147704       5.97742946E-05
   6403.9826499969313       0.434780359       6.12338554E-05
   6406.4398571350930       0.440480292       6.22799926E-05
   6408.8970642732547       0.435134619       6.13458396E-05
   6411.3542714114164       0.419900149       5.95096717E-05
   6413.8114785495782       0.396548063       5.66995332E-05
   6416.2686856877408       0.421676487       5.88082112E-05
   6418.7258928259025       0.385097265       5.51622034E-05
   6421.1830999640642       0.382997483       5.42530433E-05
   6423.6403071022260       0.401179492       5.65834889E-05
   6426.0975142403877       0.404403001       5.71341625E-05
   6428.5547213785494       0.407712102       5.76092170E-05
   6431.0119285167111       0.403712302       5.70424636E-05
   6433.4691356548738       0.395417809       5.59040636E-05
   6435.9263427930355       0.381757528       5.46850533E-05
   6438.3835499311972       0.418415308       5.85222551E-05
   6440.8407570693589       0.422507495       5.96529171E-05
   6443.2979642075206       0.406147838       5.80877095E-05
   6445.7551713456824       0.444467068       6.23588785E-05
   6448.2123784838450       0.455196142       6.41452862E-05
   6450.6695856220067       0.443020105       6.26208130E-05
   6453.1267927601684       0.422856748       5.99435989E-05
   6455.5839998983301       0.404418081       5.74545593E-05
   6458.0412070364919       0.400312275       5.65480223E-05
   6460.4984141746536       0.449353516       5.61453562E-05
   6462.9556213128162       0.423599571       5.97857215E-05
   6465.4128284509779       0.460266709       6.44164320E-05
   6467.8700355891397       0.444135785       6.34880635E-05
   6470.3272427273014       0.474211335       6.63616229E-05
   6472.7844498654631       0.464717776       6.59063226E-05
   6475.2416570036248       0.449060380       6.37974372E-05
   6477.6988641417865       0.462408364       6.50822258E-05
   6480.1560712799492       0.448054731       6.40008366E-05
   6482.6132784181109       0.478528857       6.72017195E-05
   6485.0704855562726       0.485187829       6.84627739E-05
   6487.5276926944343       0.468322068       6.66253836E-05
   6489.9848998325961       0.482924134       6.84115876E-05
   6492.4421069707587       0.512005627       7.24081110E-05
   6494.8993141089204       0.549083889       7.74554937E-05
   6497.3565212470821       0.579439878       8.16776301E-05
   6499.8137283852438       0.594011068       8.39931163E-05
   6502.2709355234056       0.610910118       8.67407143E-05
   6504.7281426615673       0.657480419       9.24468113E-05
   6507.1853497997290       0.675892830       9.50609610E-05
   6509.6425569378916       0.644901991       9.18101359E-05
   6512.0997640760534       0.653996050       9.28122463E-05
   6514.5569712142151       0.695554376       9.79978358E-05
   6517.0141783523768       0.720497370       1.01900936E-04
   6519.4713854905385       0.749890924       1.06298045E-04
   6521.9285926287002       0.812123001       1.14610018E-04
   6524.3857997668620       0.867930353       1.22070007E-04
   6526.8430069050246       0.884659827       1.24831888E-04
   6529.3002140431863       0.877539873       1.24858372E-04
   6531.7574211813480       0.935558915       1.32195943E-04
   6534.2146283195098        1.00632358       1.41668090E-04
   6536.6718354576715        1.03941095       1.46102393E-04
   6539.1290425958341        1.00051248       1.41554046E-04
   6541.5862497339958       0.937337875       1.33038746E-04
   6544.0434568721575       0.887508750       1.25774182E-04
   6546.5006640103193       0.839199424       1.19137847E-04
   6548.9578711484810       0.806781828       1.14561975E-04
   6551.4150782866427       0.811543345       1.15628151E-04
   6553.8722854248044       0.893762946       1.27280335E-04
   6556.3294925629671        1.07127273       1.50650580E-04
   6558.7866997011288        1.21140873       1.68149447E-04
   6561.2439068392905        1.11917782       1.57753733E-04
   6563.7011139774522       0.848198116       1.23133243E-04
   6566.1583211156139       0.713589489       1.02662911E-04
   6568.6155282537766       0.695029676       9.86552550E-05
   6571.0727353919374       0.698891163       9.83674399E-05
   6573.5299425301000       0.665602624       9.44572021E-05
   6575.9871496682617       0.640245199       9.09570736E-05
   6578.4443568064235       0.651164055       9.23450061E-05
   6580.9015639445852       0.685946167       9.65850631E-05
   6583.3587710827469       0.705185473       9.92874193E-05
   6585.8159782209095       0.690420747       9.81597987E-05
   6588.2731853590703       0.715055227       1.00513549E-04
   6590.7303924972330       0.703027606       9.94255679E-05
   6593.1875996353947       0.676580310       9.62200356E-05
   6595.6448067735564       0.694034994       9.79443357E-05
   6598.1020139117181       0.706012309       9.95658556E-05
   6600.5592210498799       0.699046552       9.89690452E-05
   6603.0164281880425       0.701743126       9.92819914E-05
   6605.4736353262042       0.711845994       1.00743819E-04
   6607.9308424643659       0.730897903       1.03069193E-04
   6610.3880496025276       0.733239055       1.03491358E-04
   6612.8452567406894       0.715061724       1.01392354E-04
   6615.3024638788520       0.712974429       1.00630052E-04
   6617.7596710170128       0.694020867       9.81396588E-05
   6620.2168781551754       0.658927321       9.33906122E-05
   6622.6740852933372       0.628847659       8.92929238E-05
   6625.1312924314989       0.620137632       8.83184621E-05
   6627.5884995696606       0.661816895       9.30976603E-05
   6630.0457067078223       0.679659665       9.53672352E-05
   6632.5029138459849       0.628937721       8.95324119E-05
   6634.9601209841458       0.606065214       8.64080794E-05
   6637.4173281223084       0.641396284       9.05236448E-05
   6639.8745352604701       0.676091850       9.50991525E-05
   6642.3317423986318       0.675263584       9.51638940E-05
   6644.7889495367936       0.641957164       9.08767688E-05
   6647.2461566749553       0.595221162       8.43632297E-05
   6649.7033638131179       0.545365393       7.78212197E-05
   6652.1605709512796       0.533918679       7.60748881E-05
   6654.6177780894413       0.570733070       7.97840330E-05
   6657.0749852276031       0.547043085       7.80311093E-05
   6659.5321923657648       0.560623765       7.96226741E-05
   6661.9893995039274       0.620048523       8.68819916E-05
   6664.4466066420882       0.625334084       8.84575347E-05
   6666.9038137802509       0.632256687       8.90954834E-05
   6669.3610209184126       0.618572295       8.79127838E-05
   6671.8182280565743       0.630478501       8.88507275E-05
   6674.2754351947360       0.626366556       8.82463210E-05
   6676.7326423328977       0.577750206       8.21162248E-05
   6679.1898494710604       0.543784320       7.71982741E-05
   6681.6470566092212       0.524650753       7.45821962E-05
   6684.1042637473838       0.531786263       7.53249406E-05
   6686.5614708855455       0.557449281       7.88223479E-05
   6689.0186780237073       0.586477637       8.22891889E-05
   6691.4758851618690       0.574205041       8.13554143E-05
   6693.9330923000307       0.560628057       7.98245892E-05
   6696.3902994381933       0.594310582       8.34202801E-05
   6698.8475065763550       0.589736938       8.38386331E-05
   6701.3047137145168       0.611678302       8.61473673E-05
   6703.7619208526785       0.624798059       8.83681569E-05
   6706.2191279908402       0.633519948       9.00872765E-05
   6708.6763351290019       0.685804784       9.54036659E-05
   6711.1335422671636       0.620537102       8.82957902E-05
   6713.5907494053263       0.541297197       7.76653542E-05
   6716.0479565434880       0.544535220       7.70292463E-05
   6718.5051636816497       0.548110962       7.75764202E-05
   6720.9623708198114       0.557841897       7.86200180E-05
   6723.4195779579732       0.549691916       7.82483621E-05
   6725.8767850961358       0.577502906       8.14370796E-05
   6728.3339922342975       0.603735089       8.50972210E-05
   6730.7911993724592       0.605550528       8.55516846E-05
   6733.2484065106210       0.605899334       8.57875930E-05
   6735.7056136487827       0.610535383       8.65885813E-05
   6738.1628207869444       0.640581965       9.01212115E-05
   6740.6200279251061       0.639230847       9.02916800E-05
   6743.0772350632687       0.621655285       8.77744969E-05
   6745.5344422014305       0.583342135       8.28938355E-05
   6747.9916493395922       0.560719788       7.98727051E-05
   6750.4488564777539       0.584273577       8.26872129E-05
   6752.9060636159156       0.621036232       8.72157689E-05
   6755.3632707540773       0.619618356       8.78100691E-05
   6757.8204778922391       0.626440942       8.86141715E-05
   6760.2776850304017       0.645846844       9.12803080E-05
   6762.7348921685634       0.662385821       9.36958240E-05
   6765.1920993067251       0.690961182       9.74681388E-05
   6767.6493064448869       0.707263350       1.00291574E-04
   6770.1065135830486       0.749433994       1.05228391E-04
   6772.5637207212112       0.746283531       1.05616695E-04
   6775.0209278593729       0.734085560       1.03629849E-04
   6777.4781349975347       0.704862416       9.94279835E-05
   6779.9353421356964       0.624359667       8.93831384E-05
   6782.3925492738581       0.601401806       8.56245751E-05
   6784.8497564120198       0.629002869       8.88397772E-05
   6787.3069635501815       0.652023017       9.17907018E-05
   6789.7641706883442       0.648690879       9.18574733E-05
   6792.2213778265059       0.648328662       9.19893500E-05
   6794.6785849646676       0.677357078       9.53921190E-05
   6797.1357921028293       0.684495389       9.70815599E-05
   6799.5929992409910       0.712455630       1.00510362E-04
   6802.0502063791528       0.736033916       1.03581799E-04
   6804.5074135173145       0.717685938       1.01899779E-04
   6806.9646206554771       0.725119233       1.02524144E-04
   6809.4218277936388       0.737111032       1.03949678E-04
   6811.8790349318006       0.726342618       1.03003629E-04
   6814.3362420699623       0.734149873       1.03771221E-04
   6816.7934492081240       0.744355142       1.05061023E-04
   6819.2506563462866       0.736924529       1.04403356E-04
   6821.7078634844484       0.740884066       1.04867395E-04
   6824.1650706226101       0.757467985       1.07420914E-04
   6826.6222777607718       0.798922062       1.12152651E-04
   6829.0794848989335       0.793609738       1.12431750E-04
   6831.5366920370961       0.785868764       1.11303030E-04
   6833.9938991752570       0.801603436       1.12636815E-04
   6836.4511063134196       0.749022126       1.07091291E-04
   6838.9083134515813       0.773330033       1.09342574E-04
   6841.3655205897430       0.814397871       1.14477312E-04
   6843.8227277279047       0.800535977       1.12901711E-04
   6846.2799348660665       0.747967005       1.06432817E-04
   6848.7371420042291       0.727983177       1.03321239E-04
   6851.1943491423908       0.741775155       1.05399929E-04
   6853.6515562805525       0.800782502       1.13188849E-04
   6856.1087634187143       0.873642802       1.22258440E-04
   6858.5659705568760       0.864159167       1.22690908E-04
   6861.0231776950377       0.873262405       1.22704165E-04
   6863.4803848331994       0.827813327       1.16536648E-04
   6865.9375919713621       0.664620280       9.64524370E-05
   6868.3947991095238       0.648385167       9.26887733E-05
   6870.8520062476855       0.729226172       1.02870908E-04
   6873.3092133858472       0.803339779       1.12673421E-04
   6875.7664205240089       0.826282740       1.16456118E-04
   6878.2236276621707       0.815672338       1.15860719E-04
   6880.6808348003324       0.845025539       1.18987329E-04
   6883.1380419384950       0.845884860       1.19449491E-04
   6885.5952490766567       0.818073034       1.15821764E-04
   6888.0524562148184       0.798880935       1.13727998E-04
   6890.5096633529802       0.826996982       1.16711672E-04
   6892.9668704911419       0.851329565       1.19302073E-04
   6895.4240776293036       0.771634698       1.10466717E-04
   6897.8812847674662       0.771345019       1.09521126E-04
   6900.3384919056280       0.822432220       1.16004310E-04
   6902.7956990437897       0.859176755       1.21483827E-04
   6905.2529061819514       0.904538870       1.27407548E-04
   6907.7101133201131       0.920490682       1.30001266E-04
   6910.1673204582748       0.915104806       1.29236636E-04
   6912.6245275964375       0.887614548       1.25243852E-04
   6915.0817347345992       0.817376196       1.17294447E-04
   6917.5389418727609       0.859832883       1.21826582E-04
   6919.9961490109226       0.950489521       1.33498310E-04
   6922.4533561490844       0.977606177       1.38116055E-04
   6924.9105632872470        1.00590694       1.42156947E-04
   6927.3677704254078        1.03271866       1.46809034E-04
   6929.8249775635704        1.12375498       1.57097063E-04
   6932.2821847017321        1.09977925       1.55886300E-04
   6934.7393918398939        1.07073367       1.52688503E-04
   6937.1965989780556        1.15313530       1.62677854E-04
   6939.6538061162173        1.23166418       1.74451910E-04
   6942.1110132543799        1.34156120       1.88266204E-04
   6944.5682203925408        1.37388217       1.93455344E-04
   6947.0254275307034        1.31507480       1.86597448E-04
   6949.4826346688651        1.28853559       1.82159260E-04
   6951.9398418070268        1.23876882       1.76092522E-04
   6954.3970489451885        1.24252009       1.75999696E-04
   6956.8542560833503        1.27853918       1.80867020E-04
   6959.3114632215129        1.32768273       1.87773912E-04
   6961.7686703596746        1.39235485       1.96137218E-04
   6964.2258774978363        1.41065681       1.98851310E-04
   6966.6830846359981        1.37101173       1.94821769E-04
   6969.1402917741598        1.39241087       1.97264832E-04
   6971.5974989123215        1.46040857       2.05932112E-04
   6974.0547060504832        1.49454033       2.11113875E-04
   6976.5119131886458        1.51675940       2.14420565E-04
   6978.9691203268076        1.53205943       2.16115324E-04
   6981.4263274649693        1.50793433       2.13702195E-04
   6983.8835346031310        1.49617803       2.11891005E-04
   6986.3407417412927        1.51541817       2.13516687E-04
   6988.7979488794554        1.45975888       2.07418343E-04
   6991.2551560176171        1.45923281       2.06525554E-04
   6993.7123631557788        1.47601998       2.08822079E-04
   6996.1695702939405        1.49947727       2.12206927E-04
   6998.6267774321022        1.53883779       2.17383524E-04
   7001.0839845702640        1.57305479       2.22471615E-04
   7003.5411917084257        1.61101651       2.27935554E-04
   7005.9983988465883        1.67206860       2.35780797E-04
   7008.4556059847500        1.68850982       2.39017681E-04
   7010.9128131229118        1.71978736       2.42777285E-04
   7013.3700202610735        1.73249424       2.45418312E-04
   7015.8272273992352        1.77242577       2.50580197E-04
   7018.2844345373978        1.83410907       2.58337241E-04
   7020.7416416755586        1.82311499       2.58069951E-04
   7023.1988488137213        1.84299171       2.62659159E-04
   7025.6560559518830        2.03552341       2.86610128E-04
   7028.1132630900447        2.20832729       3.09805415E-04
   7030.5704702282064        2.21215701       3.14511271E-04
   7033.0276773663682        2.35697460       3.31243617E-04
   7035.4848845045308        2.40678692       3.39937891E-04
   7037.9420916426916        2.40687227       3.40815663E-04
   7040.3992987808542        2.46864223       3.48594505E-04
   7042.8565059190159        2.50021863       3.52889678E-04
   7045.3137130571777        2.47521353       3.48397210E-04
   7047.7709201953394        2.26210546       3.19880084E-04
   7050.2281273335011        1.86559546       2.66047369E-04
   7052.6853344716637        1.34800458       1.96599052E-04
   7055.1425416098255        1.00774300       1.46643666E-04
   7057.5997487479872       0.913365602       1.30264161E-04
   7060.0569558861489       0.886945665       1.26608749E-04
   7062.5141630243106       0.952313483       1.33653113E-04
   7064.9713701624732       0.979815841       1.38493546E-04
   7067.4285773006350       0.997261763       1.41099546E-04
   7069.8857844387967        1.05707216       1.48708568E-04
   7072.3429915769584        1.06701529       1.50611158E-04
   7074.8001987151201        1.08288109       1.53530098E-04
   7077.2574058532819        1.13346684       1.59910414E-04
   7079.7146129914436        1.18992662       1.66276339E-04
   7082.1718201296062        1.07143044       1.52550580E-04
   7084.6290272677679       0.986571074       1.39626049E-04
   7087.0862344059296       0.882314324       1.26065541E-04
   7089.5434415440914       0.845286965       1.19969103E-04
   7092.0006486822531       0.847868621       1.20072167E-04
   7094.4578558204148       0.865580976       1.22175261E-04
   7096.9150629585765       0.871707618       1.23406426E-04
   7099.3722700967392       0.892648697       1.26429761E-04
   7101.8294772349009       0.938671887       1.32413974E-04
   7104.2866843730626       0.980730653       1.38492542E-04
   7106.7438915112243        1.01807654       1.43968326E-04
   7109.2010986493860        1.06937826       1.50154417E-04
   7111.6583057875478        1.05489266       1.50136271E-04
   7114.1155129257095        1.10274220       1.55711998E-04
   7116.5727200638721        1.16341722       1.62966811E-04
   7119.0299272020338        1.08870125       1.54392095E-04
   7121.4871343401956        1.00853550       1.42771343E-04
   7123.9443414783573       0.898845375       1.28409447E-04
   7126.4015486165190       0.843912423       1.19968870E-04
   7128.8587557546816       0.831631303       1.17731863E-04
   7131.3159628928424       0.821080327       1.16403920E-04
   7133.7731700310051       0.831821024       1.17739597E-04
   7136.2303771691668       0.859294891       1.21375968E-04
   7138.6875843073285       0.881396532       1.24418599E-04
   7141.1447914454911       0.895409048       1.26679777E-04
   7143.6019985836519       0.913367093       1.28796019E-04
   7146.0592057218146       0.915401220       1.29687935E-04
   7148.5164128599763       0.932940185       1.32876870E-04
   7150.9736199981380        1.03297436       1.44088088E-04
   7153.4308271362997        1.00552249       1.42313060E-04
   7155.8880342744615       0.948711455       1.35535316E-04
   7158.3452414126241       0.998160541       1.40068048E-04
   7160.8024485507858       0.980486691       1.38916788E-04
   7163.2596556889475       0.954969704       1.35477283E-04
   7165.7168628271093       0.972263038       1.37015930E-04
   7168.1740699652710       0.941532075       1.33601774E-04
   7170.6312771034327       0.943227053       1.34212445E-04
   7173.0884842415944        1.00854707       1.42054749E-04
   7175.5456913797570        1.06069541       1.49416999E-04
   7178.0028985179188        1.06256652       1.50712469E-04
   7180.4601056560805        1.10892832       1.55943286E-04
   7182.9173127942422        1.09607649       1.56136244E-04
   7185.3745199324039        1.15949547       1.62664655E-04
   7187.8317270705656        1.15160787       1.63304692E-04
   7190.2889342087274        1.14905500       1.62836717E-04
   7192.7461413468900        1.18783450       1.66567421E-04
   7195.2033484850517        1.10185790       1.56939626E-04
   7197.6605556232134        1.05249417       1.48805353E-04
   7200.1177627613752        1.00390708       1.43446785E-04
   7202.5749698995369        1.03804910       1.47523198E-04
   7205.0321770376986        1.16008854       1.62203796E-04
   7207.4893841758603        1.15280116       1.63935751E-04
   7209.9465913140230        1.21169615       1.71303865E-04
   7212.4037984521847        1.29376578       1.82405696E-04
   7214.8610055903464        1.34460604       1.89291604E-04
   7217.3182127285090        1.33894145       1.90170205E-04
   7219.7754198666698        1.39475334       1.97610570E-04
   7222.2326270048325        1.49576402       2.09732461E-04
   7224.6898341429942        1.47927272       2.09314851E-04
   7227.1470412811559        1.42594028       2.02218944E-04
   7229.6042484193176        1.42586935       2.02429481E-04
   7232.0614555574793        1.46151817       2.06520825E-04
   7234.5186626956420        1.52055383       2.14236541E-04
   7236.9758698338028        1.49784517       2.13289182E-04
   7239.4330769719654        1.60565102       2.26443008E-04
   7241.8902841101271        1.68930376       2.39257060E-04
   7244.3474912482889        1.82346368       2.56244239E-04
   7246.8046983864506        1.85798109       2.62715825E-04
   7249.2619055246123        1.89038789       2.67160096E-04
   7251.7191126627749        1.91820955       2.72223580E-04
   7254.1763198009367        2.02860045       2.85458460E-04
   7256.6335269390984        2.06221199       2.92390207E-04
   7259.0907340772601        2.14349651       3.02252360E-04
   7261.5479412154218        2.19281411       3.10044677E-04
   7264.0051483535835        2.22685289       3.15595884E-04
   7266.4623554917453        2.31707978       3.24559282E-04
   7268.9195626299079        2.16533852       3.08294402E-04
   7271.3767697680696        2.05904555       2.93030782E-04
   7273.8339769062313        2.11627793       2.99333391E-04
   7276.2911840443930        2.16689944       3.08105111E-04
   7278.7483911825548        2.37552309       3.34285462E-04
   7281.2055983207165        2.50301790       3.52666044E-04
   7283.6628054588782        2.53860974       3.58051271E-04
   7286.1200125970408        2.49072099       3.53963143E-04
   7288.5772197352026        2.55885386       3.62652005E-04
   7291.0344268733643        2.73169470       3.86150117E-04
   7293.4916340115260        2.92676854       4.12406982E-04
   7295.9488411496877        3.06441903       4.32371860E-04
   7298.4060482878504        3.12441015       4.40950505E-04
   7300.8632554260121        3.15070033       4.48099425E-04
   7303.3204625641738        3.33680224       4.69508406E-04
   7305.7776697023355        3.45543766       4.88028832E-04
   7308.2348768404972        3.46230078       4.92146239E-04
   7310.6920839786590        3.72631979       5.22753282E-04
   7313.1492911168207        3.68518281       5.24216914E-04
   7315.6064982549833        3.86204338       5.44413226E-04
   7318.0637053931450        3.97816014       5.63097245E-04
   7320.5209125313067        4.12972975       5.81551692E-04
   7322.9781196694685        4.14326572       5.86402486E-04
   7325.4353268076302        4.13850641       5.84430643E-04
   7327.8925339457928        4.08979559       5.81247557E-04
   7330.3497410839536        4.22068024       5.98389015E-04
   7332.8069482221163        4.56253910       6.42510771E-04
   7335.2641553602780        4.74776649       6.69133558E-04
   7337.7213624984397        4.79191542       6.75290416E-04
   7340.1785696366014        4.59445333       6.52379415E-04
   7342.6357767747631        4.52700281       6.40819257E-04
   7345.0929839129258        4.49487209       6.37535588E-04
   7347.5501910510866        4.58821726       6.46935019E-04
   7350.0073981892492        4.56493855       6.46849163E-04
   7352.4646053274109        4.60345173       6.51382841E-04
   7354.9218124655727        4.70639277       6.64562453E-04
   7357.3790196037344        4.75938988       6.74983603E-04
   7359.8362267418961        4.97458935       7.02220888E-04
   7362.2934338800587        5.19958925       7.33441091E-04
   7364.7506410182204        5.28073215       7.44884601E-04
   7367.2078481563822        5.25993681       7.43610726E-04
   7369.6650552945439        5.13005400       7.26536207E-04
   7372.1222624327056        5.09601021       7.21769407E-04
   7374.5794695708682        5.08289814       7.19535863E-04
   7377.0366767090300        5.18765640       7.31848180E-04
   7379.4938838471917        5.12073326       7.26927945E-04
   7381.9510909853534        5.29685688       7.46890728E-04
   7384.4082981235151        5.33844280       7.55453657E-04
   7386.8655052616768        5.42254829       7.63194985E-04
   7389.3227123998386        5.20828295       7.39861920E-04
   7391.7799195380012        5.15636349       7.29582505E-04
   7394.2371266761629        5.16321564       7.31526408E-04
   7396.6943338143246        5.25623751       7.41810189E-04
   7399.1515409524864        5.27275562       7.43803044E-04
   7401.6087480906481        5.09765148       7.22859928E-04
   7404.0659552288098        5.02220678       7.12878536E-04
   7406.5231623669715        5.15798140       7.27927778E-04
   7408.9803695051341        5.23751879       7.38944858E-04
   7411.4375766432959        5.15796614       7.30182161E-04
   7413.8947837814576        5.12178612       7.23710633E-04
   7416.3519909196193        5.00424147       7.09083339E-04
   7418.8091980577810        4.97553635       7.06251187E-04
   7421.2664051959437        5.15295744       7.27030740E-04
   7423.7236123341045        5.29591465       7.46606034E-04
   7426.1808194722671        5.24073982       7.42623466E-04
   7428.6380266104288        5.29597807       7.45640020E-04
   7431.0952337485905        5.08736372       7.22605851E-04
   7433.5524408867523        5.01118517       7.08879379E-04
   7436.0096480249140        4.99479198       7.07515515E-04
   7438.4668551630766        5.00593948       7.06335471E-04
   7440.9240623012374        4.94639301       7.00432749E-04
   7443.3812694394001        4.86720705       6.91164227E-04
   7445.8384765775618        5.05010176       7.10574328E-04
   7448.2956837157235        4.98504829       7.07903295E-04
   7450.7528908538861        5.10482693       7.18608266E-04
   7453.2100979920478        5.04702425       7.15352478E-04
   7455.6673051302096        5.02280903       7.10971828E-04
   7458.1245122683713        5.11181355       7.21689197E-04
   7460.5817194065330        5.09021854       7.21922726E-04
   7463.0389265446947        5.24486494       7.39311858E-04
   7465.4961336828565        5.25919724       7.43240525E-04
   7467.9533408210191        5.20326614       7.37025635E-04
   7470.4105479591808        5.22708988       7.38597068E-04
   7472.8677550973425        5.22783327       7.40371586E-04
   7475.3249622355042        5.28078985       7.47118669E-04
   7477.7821693736660        5.42512655       7.65793957E-04
   7480.2393765118277        5.45738983       7.72427884E-04
   7482.6965836499894        5.57809639       7.86897202E-04
   7485.1537907881520        5.54748535       7.85186712E-04
   7487.6109979263138        5.56353235       7.86092889E-04
   7490.0682050644755        5.50672770       7.79430207E-04
   7492.5254122026372        5.49478006       7.78147310E-04
   7494.9826193407989        5.56118011       7.88165897E-04
   7497.4398264789606        5.81231546       8.18963279E-04
   7499.8970336171224        5.89043713       8.32722930E-04
   7502.3542407552850        5.93054342       8.36399733E-04
   7504.8114478934467        5.80761194       8.24890274E-04
   7507.2686550316084        5.88816023       8.31943238E-04
   7509.7258621697702        5.99125719       8.44638969E-04
   7512.1830693079319        5.82902527       8.26195581E-04
   7514.6402764460936        5.76486492       8.15149571E-04
   7517.0974835842553        5.66914225       8.05791526E-04
   7519.5546907224179        5.85623693       8.25084338E-04
   7522.0118978605797        5.89214516       8.32459249E-04
   7524.4691049987414        5.81215048       8.25566589E-04
   7526.9263121369040        6.02669907       8.49484408E-04
   7529.3835192750648        6.12226439       8.66337214E-04
   7531.8407264132275        6.23679590       8.82574939E-04
   7534.2979335513892        6.49274015       9.15138400E-04
   7536.7551406895509        6.54581451       9.25956119E-04
   7539.2123478277126        6.63464975       9.36758181E-04
   7541.6695549658743        6.61768579       9.35307704E-04
   7544.1267621040370        6.51949835       9.22261970E-04
   7546.5839692421978        6.40037727       9.08028567E-04
   7549.0411763803604        6.46888256       9.13623953E-04
   7551.4983835185221        6.50830889       9.21656785E-04
   7553.9555906566839        6.62045050       9.34672600E-04
   7556.4127977948456        6.70371342       9.46493412E-04
   7558.8700049330073        6.62052965       9.36282566E-04
   7561.3272120711699        6.55165386       9.25003202E-04
   7563.7844192093316        6.30595255       8.97069986E-04
   7566.2416263474934        6.44991255       9.10707167E-04
   7568.6988334856551        6.59686518       9.30749404E-04
   7571.1560406238168        6.60189486       9.33332136E-04
   7573.6132477619785        6.61873007       9.38100391E-04
   7576.0704549001402        6.85164738       9.67966451E-04
   7578.5276620383029        7.11487007       1.00249355E-03
   7580.9848691764637        7.13546419       1.00386119E-03
   7583.4420763146263        6.65500164       9.41667706E-04
   7585.8992834527880        5.88006639       8.36977328E-04
   7588.3564905909498        5.16698074       7.35104899E-04
   7590.8136977291124        4.43911934       6.31880364E-04
   7593.2709048672732        3.61595559       5.17815701E-04
   7595.7281120054358        2.81260872       4.05611703E-04
   7598.1853191435976        2.27042556       3.26089648E-04
   7600.6425262817593        1.91051972       2.73656711E-04
   7603.0997334199219        1.74312186       2.51054676E-04
   7605.5569405580827        1.95279205       2.79077882E-04
   7608.0141476962453        2.49312592       3.52456671E-04
   7610.4713548344071        3.14189577       4.44451871E-04
   7612.9285619725688        3.92045832       5.47351083E-04
   7615.3857691107305        4.35069561       6.08413015E-04
   7617.8429762488922        4.30947733       6.03525375E-04
   7620.3001833870549        3.66737890       5.22454386E-04
   7622.7573905252157        2.85719299       4.11893066E-04
   7625.2145976633783        2.34920144       3.37724952E-04
   7627.6718048015400        2.10986066       3.01741675E-04
   7630.1290119397017        2.10693455       2.97716295E-04
   7632.5862190778635        2.10453725       2.97879946E-04
   7635.0434262160252        2.11460257       2.98130850E-04
   7637.5006333541878        2.07131600       2.94302765E-04
   7639.9578404923486        2.10774231       2.97318504E-04
   7642.4150476305113        2.12616682       2.99513020E-04
   7644.8722547686730        2.01645374       2.86572060E-04
   7647.3294619068347        1.99010396       2.81176559E-04
   7649.7866690449964        1.93557346       2.73209502E-04
   7652.2438761831581        1.79448342       2.53425795E-04
   7654.7010833213208        1.54094076       2.20271628E-04
   7657.1582904594816        1.35635161       1.92710111E-04
   7659.6154975976442        1.20404625       1.72222455E-04
   7662.0727047358059        1.14444995       1.63681820E-04
   7664.5299118739676        1.25441730       1.76814938E-04
   7666.9871190121294        1.35753286       1.92355568E-04
   7669.4443261502911        1.52059460       2.13848034E-04
   7671.9015332884537        1.65540338       2.34675594E-04
   7674.3587404266145        1.85696185       2.60411500E-04
   7676.8159475647772        1.96254349       2.75783823E-04
   7679.2731547029389        1.92370772       2.73325015E-04
   7681.7303618411006        1.98215353       2.79415603E-04
   7684.1875689792632        1.99118781       2.81207060E-04
   7686.6447761174240        1.93847644       2.73994199E-04
   7689.1019832555867        1.83626211       2.59172375E-04
   7691.5591903937484        1.59873641       2.28163437E-04
   7694.0163975319101        1.39045775       2.00081253E-04
   7696.4736046700727        1.40241551       1.99793794E-04
   7698.9308118082336        1.55304813       2.20059563E-04
   7701.3880189463962        1.76092863       2.47881515E-04
   7703.8452260845579        1.94013917       2.73976446E-04
   7706.3024332227196        2.11286640       2.97846011E-04
   7708.7596403608813        2.27096725       3.19677667E-04
   7711.2168474990431        2.33746934       3.31163290E-04
   7713.6740546372057        2.47825360       3.49299517E-04
   7716.1312617753665        2.57757688       3.64907726E-04
   7718.5884689135291        2.72783136       3.85183317E-04
   7721.0456760516909        2.89782929       4.09732020E-04
   7723.5028831898526        3.09296727       4.35569586E-04
   7725.9600903280143        3.21874237       4.54749505E-04
   7728.4172974661760        3.31120920       4.67545033E-04
   7730.8745046043387        3.39585590       4.79745155E-04
   7733.3317117424995        3.43369675       4.86778998E-04
   7735.7889188806621        3.57255340       5.01652132E-04
   7738.2461260188238        3.44131303       4.87708516E-04
   7740.7033331569855        3.27037287       4.63606673E-04
   7743.1605402951473        3.14677668       4.46413498E-04
   7745.6177474333090        3.04552841       4.30910819E-04
   7748.0749545714716        2.94172812       4.17581003E-04
   7750.5321617096324        2.89261913       4.10899665E-04
   7752.9893688477950        3.00977039       4.24427446E-04
   7755.4465759859568        3.05794048       4.33692418E-04
   7757.9037831241185        3.21185470       4.51466301E-04
   7760.3609902622811        3.21166110       4.55169909E-04
   7762.8181974004419        3.26129603       4.62391559E-04
   7765.2754045386046        3.45767689       4.86952602E-04
   7767.7326116767663        3.54541850       5.01072209E-04
   7770.1898188149280        3.61233044       5.09687176E-04
   7772.6470259530906        3.60982299       5.09849284E-04
   7775.1042330912514        3.51961112       4.99449088E-04
   7777.5614402294141        3.52944350       4.97863977E-04
   7780.0186473675749        3.44366336       4.88205842E-04
   7782.4758545057375        3.38071990       4.79713548E-04
   7784.9330616438992        3.45931125       4.88630787E-04
   7787.3902687820610        3.49896502       4.95443819E-04
   7789.8474759202236        3.59576201       5.06407814E-04
   7792.3046830583844        3.54436255       5.01657021E-04
   7794.7618901965470        3.48036790       4.93880128E-04
   7797.2190973347087        3.55575204       5.04085736E-04
   7799.6763044728705        3.78014493       5.35879866E-04
   7802.1335116110322        4.17840528       5.88798255E-04
   7804.5907187491939        4.53214216       6.36753219E-04
   7807.0479258873565        4.63561249       6.55828568E-04
   7809.5051330255174        4.77231455       6.73246221E-04
   7811.9623401636800        4.83337975       6.82030688E-04
   7814.4195473018417        4.74491978       6.72235270E-04
   7816.8767544400034        4.71215248       6.65274682E-04
   7819.3339615781651        4.55309296       6.44295535E-04
   7821.7911687163269        4.31959248       6.13888376E-04
   7824.2483758544895        4.22852707       5.97882143E-04
   7826.7055829926503        4.11738586       5.84554567E-04
   7829.1627901308129        4.11606503       5.83859801E-04
   7831.6199972689747        4.31072092       6.07749156E-04
   7834.0772044071364        4.39551878       6.22253399E-04
   7836.5344115452981        4.55214262       6.40595623E-04
   7838.9916186834598        4.51532698       6.41134277E-04
   7841.4488258216224        4.63726997       6.55323733E-04
   7843.9060329597842        4.81347752       6.77442178E-04
   7846.3632400979459        4.72889423       6.70295092E-04
   7848.8204472361076        4.74156857       6.71637128E-04
   7851.2776543742693        4.86140871       6.85970765E-04
   7853.7348615124320        4.89399052       6.91399735E-04
   7856.1920686505928        4.84558582       6.85516279E-04
   7858.6492757887554        4.79569149       6.76775991E-04
   7861.1064829269171        4.58141756       6.50610367E-04
   7863.5636900650788        4.48143911       6.34645112E-04
   7866.0208972032406        4.45021582       6.30333612E-04
   7868.4781043414023        4.46501207       6.31795090E-04
   7870.9353114795649        4.54715157       6.43793843E-04
   7873.3925186177257        4.71679831       6.67784247E-04
   7875.8497257558884        5.02605677       7.07566098E-04
   7878.3069328940501        5.18432236       7.33643712E-04
   7880.7641400322118        5.41020966       7.62257667E-04
   7883.2213471703744        5.51013851       7.78042071E-04
   7885.6785543085352        5.51118612       7.81160605E-04
   7888.1357614466979        5.65060425       7.93905521E-04
   7890.5929685848587        5.41870880       7.68444268E-04
   7893.0501757230213        5.14703512       7.30569824E-04
   7895.5073828611830        5.08638716       7.19593896E-04
   7897.9645899993448        4.95628166       7.04142847E-04
   7900.4217971375074        5.08540154       7.16019655E-04
   7902.8790042756682        4.96603060       7.02382182E-04
   7905.3362114138308        4.78014946       6.76982978E-04
   7907.7934185519925        4.57780457       6.50807342E-04
   7910.2506256901543        4.61239862       6.52011426E-04
   7912.7078328283160        4.63400793       6.55684969E-04
   7915.1650399664777        4.71171474       6.66384003E-04
   7917.6222471046403        4.79422760       6.76855503E-04
   7920.0794542428021        4.85906124       6.86961750E-04
   7922.5366613809638        4.88177633       6.92425878E-04
   7924.9938685191255        5.14333248       7.25238991E-04
   7927.4510756572872        5.30773544       7.51645886E-04
   7929.9082827954498        5.60593319       7.87250872E-04
   7932.3654899336107        5.53653097       7.82799441E-04
   7934.8226970717733        5.32704449       7.51780230E-04
   7937.2799042099350        4.90127850       6.97894779E-04
   7939.7371113480967        4.61927795       6.57644647E-04
   7942.1943184862585        4.68398380       6.61957485E-04
   7944.6515256244202        4.72280502       6.70115172E-04
   7947.1087327625828        4.98477316       7.06300896E-04
   7949.5659399007436        5.44331264       7.66731217E-04
   7952.0231470389062        5.79537344       8.12928949E-04
   7954.4803541770680        5.66496611       8.03143659E-04
   7956.9375613152297        5.61699057       7.94231950E-04
   7959.3947684533914        5.58069277       7.91070459E-04
   7961.8519755915531        5.67364073       8.04734183E-04
   7964.3091827297158        6.01174641       8.47380143E-04
   7966.7663898678766        6.24517345       8.80156120E-04
   7969.2235970060392        6.22710705       8.77519895E-04
   7971.6808041442009        5.92550135       8.40134278E-04
   7974.1380112823626        5.58093452       7.93986022E-04
   7976.5952184205253        5.55192232       7.84653588E-04
   7979.0524255586861        5.44239426       7.72276893E-04
   7981.5096326968487        5.47856426       7.73183885E-04
   7983.9668398350095        5.40886211       7.66974408E-04
   7986.4240469731722        5.43317652       7.71058549E-04
   7988.8812541113339        5.72820663       8.08347075E-04
   7991.3384612494956        5.94378281       8.36686871E-04
   7993.7956683876582        5.91904020       8.40441440E-04
   7996.2528755258199        6.09184027       8.61052482E-04
   7998.7100826639817        6.37685823       8.99894862E-04
   8001.1672898021434        6.49443150       9.19721962E-04
   8003.6244969403051        6.81714869       9.60543344E-04
   8006.0817040784677        6.89224768       9.76337818E-04
   8008.5389112166285        7.15389395       1.00977044E-03
   8010.9961183547912        7.31043482       1.03506446E-03
   8013.4533254929529        7.63928747       1.07714534E-03
   8015.9105326311146        7.76720047       1.09810126E-03
   8018.3677397692763        7.91364479       1.11706578E-03
   8020.8249469074381        7.88934183       1.12011237E-03
   8023.2821540456007        8.25389290       1.16733683E-03
   8025.7393611837615        8.73980713       1.23409322E-03
   8028.1965683219241        9.22079659       1.29510276E-03
   8030.6537754600859        1.00000000      -1980515.62    
   8033.1109825982476        0.00000000      -1.00000000    
