   5529.2169088113069        2.26535127E-02   3.19463470E-06
   5531.6741159494686        4.03715037E-02   5.74315573E-06
   5534.1313230876303        4.51989099E-02   6.32425190E-06
   5536.5885302257930        4.48217019E-02   6.39233758E-06
   5539.0457373639547        3.93920764E-02   5.54422468E-06
   5541.5029445021164        3.58724333E-02   5.14863314E-06
   5543.9601516402781        3.48553322E-02   4.87968191E-06
   5546.4173587784398        3.34773250E-02   4.79038044E-06
   5548.8745659166016        4.09162641E-02   5.72180898E-06
   5551.3317730547642        4.24224995E-02   6.02226737E-06
   5553.7889801929259        5.43332510E-02   7.65583354E-06
   5556.2461873310876        5.39311916E-02   7.56488271E-06
   5558.7033944692494        6.42373562E-02   9.07259619E-06
   5561.1606016074111        7.85545260E-02   1.11300642E-05
   5563.6178087455728        8.26044530E-02   1.15345811E-05
   5566.0750158837354        8.23872909E-02   1.17639520E-05
   5568.5322230218972       0.101390757       1.41852352E-05
   5570.9894301600589        9.50329825E-02   1.34631009E-05
   5573.4466372982206       0.127345383       1.80908846E-05
   5575.9038444363823       0.105927445       1.47162209E-05
   5578.3610515745440       0.114267364       1.63629556E-05
   5580.8182587127058       0.138683528       1.94918211E-05
   5583.2754658508684       0.137797877       1.94957211E-05
   5585.7326729890301       0.133973762       1.89045222E-05
   5588.1898801271918       0.134402230       1.90835763E-05
   5590.6470872653535       0.140877053       1.98673988E-05
   5593.1042944035153       0.136286065       1.93810756E-05
   5595.5615015416770       0.132380038       1.86467751E-05
   5598.0187086798396       0.116572067       1.65184338E-05
   5600.4759158180013       0.134330794       1.90655610E-05
   5602.9331229561631       0.133525893       1.87765327E-05
   5605.3903300943248       0.131629676       1.86032576E-05
   5607.8475372324865       0.144951642       2.05948090E-05
   5610.3047443706482       0.149834335       2.10551607E-05
   5612.7619515088109       0.134398729       1.91012368E-05
   5615.2191586469726       0.146851107       2.08878500E-05
   5617.6763657851343       0.117188863       1.64354242E-05
   5620.1335729232960       0.106936261       1.52769189E-05
   5622.5907800614577       0.120464414       1.70237745E-05
   5625.0479871996195       0.122453958       1.72405835E-05
   5627.5051943377821       0.121132344       1.71306619E-05
   5629.9624014759438       0.135861069       1.92828029E-05
   5632.4196086141055       0.129917338       1.82218246E-05
   5634.8768157522672       0.124833651       1.77679649E-05
   5637.3340228904290       0.139040112       1.96022793E-05
   5639.7912300285907       0.133379593       1.87754904E-05
   5642.2484371667524       0.149259180       2.11902916E-05
   5644.7056443049150       0.160297006       2.25641306E-05
   5647.1628514430768       0.152808324       2.15965974E-05
   5649.6200585812385       0.160459965       2.27940200E-05
   5652.0772657194002       0.155803248       2.19315116E-05
   5654.5344728575619       0.145328984       2.05845226E-05
   5656.9916799957236       0.159154758       2.25411040E-05
   5659.4488871338863       0.163725749       2.31482263E-05
   5661.9060942720480       0.158418342       2.24085379E-05
   5664.3633014102097       0.143514544       2.03022264E-05
   5666.8205085483714       0.147535995       2.09300160E-05
   5669.2777156865332       0.150275111       2.12722407E-05
   5671.7349228246949       0.144076988       2.03343352E-05
   5674.1921299628575       0.133722574       1.88258273E-05
   5676.6493371010192       0.162002936       2.31104095E-05
   5679.1065442391809       0.173823059       2.44178791E-05
   5681.5637513773427       0.139725432       1.97323079E-05
   5684.0209585155044       0.151629135       2.14964530E-05
   5686.4781656536661       0.173073128       2.44936691E-05
   5688.9353727918278       0.179946005       2.53490052E-05
   5691.3925799299905       0.159943327       2.25597523E-05
   5693.8497870681522       0.180720359       2.57574593E-05
   5696.3069942063139       0.181563318       2.54472579E-05
   5698.7642013444756       0.166736215       2.36161050E-05
   5701.2214084826373       0.196305245       2.78288207E-05
   5703.6786156207991       0.200710177       2.81819594E-05
   5706.1358227589617       0.199246317       2.81820721E-05
   5708.5930298971234       0.227468953       3.23181303E-05
   5711.0502370352851       0.222548053       3.13152268E-05
   5713.5074441734469       0.187132567       2.65085873E-05
   5715.9646513116086       0.200736329       2.85722999E-05
   5718.4218584497703       0.202294394       2.85410606E-05
   5720.8790655879329       0.178072363       2.51644487E-05
   5723.3362727260946       0.176582187       2.50452886E-05
   5725.7934798642564       0.193776697       2.73962723E-05
   5728.2506870024181       0.194464460       2.74368867E-05
   5730.7078941405798       0.191444635       2.71253757E-05
   5733.1651012787415       0.192932919       2.73047444E-05
   5735.6223084169033       0.181325138       2.56071471E-05
   5738.0795155550659       0.180484414       2.55917967E-05
   5740.5367226932276       0.185021535       2.60543329E-05
   5742.9939298313893       0.192946106       2.74091599E-05
   5745.4511369695510       0.201626047       2.84014859E-05
   5747.9083441077128       0.183296621       2.58658565E-05
   5750.3655512458745       0.202793702       2.86839750E-05
   5752.8227583840371       0.225711092       3.19844476E-05
   5755.2799655221988       0.226471230       3.18973034E-05
   5757.7371726603606       0.196107864       2.78863390E-05
   5760.1943797985223       0.199204147       2.81143657E-05
   5762.6515869366840       0.188597515       2.67680953E-05
   5765.1087940748457       0.210719705       2.98986270E-05
   5767.5660012130083       0.174354523       2.44498442E-05
   5770.0232083511701       0.172004417       2.44819785E-05
   5772.4804154893318       0.202426985       2.86196173E-05
   5774.9376226274935       0.208549067       2.91977012E-05
   5777.3948297656552       0.217774644       3.10502619E-05
   5779.8520369038170       0.247912601       3.49123038E-05
   5782.3092440419787       0.200226054       2.82169058E-05
   5784.7664511801413       0.222860724       3.17526938E-05
   5787.2236583183030       0.227326587       3.20110303E-05
   5789.6808654564647       0.220114231       3.09876596E-05
   5792.1380725946265       0.227610916       3.22513624E-05
   5794.5952797327882       0.278175801       3.93843329E-05
   5797.0524868709508       0.255469441       3.59201294E-05
   5799.5096940091125       0.240864828       3.42230196E-05
   5801.9669011472743       0.246681601       3.48772082E-05
   5804.4241082854360       0.251584917       3.55774973E-05
   5806.8813154235977       0.242188662       3.43649590E-05
   5809.3385225617594       0.229937598       3.25098663E-05
   5811.7957296999211       0.196422592       2.78520602E-05
   5814.2529368380838       0.203332007       2.88387164E-05
   5816.7101439762455       0.191863894       2.69136162E-05
   5819.1673511144072       0.219100356       3.12194315E-05
   5821.6245582525689       0.232654989       3.26975205E-05
   5824.0817653907307       0.205739856       2.91065517E-05
   5826.5389725288924       0.212746695       3.02018798E-05
   5828.9961796670550       0.214105949       3.01907112E-05
   5831.4533868052167       0.204088807       2.87725288E-05
   5833.9105939433784       0.222138435       3.15841899E-05
   5836.3678010815402       0.231098890       3.25576584E-05
   5838.8250082197019       0.199032351       2.81620178E-05
   5841.2822153578636       0.200054556       2.84299804E-05
   5843.7394224960262       0.194030285       2.74262911E-05
   5846.1966296341880       0.177225068       2.50776575E-05
   5848.6538367723497       0.164805248       2.33553474E-05
   5851.1110439105114       0.167173803       2.36605174E-05
   5853.5682510486731       0.163879365       2.31276827E-05
   5856.0254581868348       0.166969687       2.36702053E-05
   5858.4826653249966       0.166764900       2.35731168E-05
   5860.9398724631592       0.153834179       2.17162469E-05
   5863.3970796013209       0.149281010       2.11965198E-05
   5865.8542867394826       0.156383619       2.21453083E-05
   5868.3114938776444       0.138202399       1.94393378E-05
   5870.7687010158061       0.136845648       1.94980075E-05
   5873.2259081539678       0.144633293       2.04391599E-05
   5875.6831152921304       0.128105253       1.80802726E-05
   5878.1403224302921       0.118145928       1.68295119E-05
   5880.5975295684539       0.118796676       1.68623137E-05
   5883.0547367066156        9.43221897E-02   1.31412453E-05
   5885.5119438447773       0.100211471       1.45096483E-05
   5887.9691509829390       0.120096482       1.67911021E-05
   5890.4263581211017        7.73571730E-02   1.09141938E-05
   5892.8835652592634        9.82798934E-02   1.40285792E-05
   5895.3407723974251       0.105505936       1.47469664E-05
   5897.7979795355868       0.117932253       1.66930913E-05
   5900.2551866737485       0.127373025       1.79745912E-05
   5902.7123938119103       0.133222923       1.87865626E-05
   5905.1696009500720       0.131013975       1.85250992E-05
   5907.6268080882346       0.143388554       2.03130439E-05
   5910.0840152263963       0.138064072       1.94848490E-05
   5912.5412223645581       0.134012818       1.89078164E-05
   5914.9984295027198       0.136872545       1.94437671E-05
   5917.4556366408815       0.155080691       2.18579698E-05
   5919.9128437790432       0.140411422       1.97943609E-05
   5922.3700509172058       0.160226986       2.28570043E-05
   5924.8272580553676       0.149691463       2.09054451E-05
   5927.2844651935293       0.141916841       2.03084983E-05
   5929.7416723316910       0.160878956       2.26490374E-05
   5932.1988794698527       0.141340047       1.99360984E-05
   5934.6560866080144       0.160221651       2.27718083E-05
   5937.1132937461771       0.163083494       2.28651988E-05
   5939.5705008843388       0.169817939       2.41407797E-05
   5942.0277080225005       0.184479117       2.60056622E-05
   5944.4849151606622       0.169416919       2.40205736E-05
   5946.9421222988240       0.167513385       2.36802443E-05
   5949.3993294369857       0.152773157       2.14967877E-05
   5951.8565365751474       0.183674634       2.61906353E-05
   5954.3137437133100       0.193087399       2.70053461E-05
   5956.7709508514718       0.175876454       2.49792847E-05
   5959.2281579896335       0.204737842       2.90969747E-05
   5961.6853651277952       0.180251598       2.52758491E-05
   5964.1425722659569       0.163437426       2.33318715E-05
   5966.5997794041186       0.177226767       2.50541107E-05
   5969.0569865422813       0.163147256       2.29531306E-05
   5971.5141936804430       0.169874161       2.42139959E-05
   5973.9714008186047       0.178448990       2.51549391E-05
   5976.4286079567664       0.154254720       2.17521574E-05
   5978.8858150949281       0.162774920       2.31051872E-05
   5981.3430222330899       0.182270899       2.56682397E-05
   5983.8002293712525       0.189964041       2.68979129E-05
   5986.2574365094142       0.190355688       2.68754939E-05
   5988.7146436475759       0.176934093       2.50042831E-05
   5991.1718507857377       0.185029253       2.62740177E-05
   5993.6290579238994       0.188015535       2.65083127E-05
   5996.0862650620611       0.174927726       2.47326225E-05
   5998.5434722002228       0.185678348       2.63672446E-05
   6001.0006793383855       0.180590108       2.53904109E-05
   6003.4578864765472       0.177773654       2.52641985E-05
   6005.9150936147089       0.188698456       2.66112038E-05
   6008.3723007528706       0.185047671       2.61788846E-05
   6010.8295078910323       0.191446736       2.70179589E-05
   6013.2867150291941       0.198916331       2.83039772E-05
   6015.7439221673567       0.195043951       2.73817568E-05
   6018.2011293055184       0.167544812       2.39352285E-05
   6020.6583364436801       0.187567607       2.64433093E-05
   6023.1155435818418       0.158387214       2.23310872E-05
   6025.5727507200036       0.194887087       2.76830815E-05
   6028.0299578581653       0.193663940       2.72201651E-05
   6030.4871649963279       0.204807118       2.90338412E-05
   6032.9443721344896       0.196032852       2.76888150E-05
   6035.4015792726514       0.204937965       2.90256758E-05
   6037.8587864108131       0.191684991       2.69183583E-05
   6040.3159935489748       0.220177680       3.14033532E-05
   6042.7732006871365       0.229719564       3.20948639E-05
   6045.2304078252982       0.221461475       3.15060061E-05
   6047.6876149634609       0.261995226       3.70551534E-05
   6050.1448221016226       0.237232581       3.33576172E-05
   6052.6020292397843       0.237166688       3.36941121E-05
   6055.0592363779460       0.252101839       3.56813653E-05
   6057.5164435161078       0.244439900       3.44124783E-05
   6059.9736506542704       0.235217735       3.33018179E-05
   6062.4308577924321       0.271559238       3.85443454E-05
   6064.8880649305938       0.265384585       3.71985006E-05
   6067.3452720687555       0.256025374       3.64764092E-05
   6069.8024792069173       0.283797145       4.00875906E-05
   6072.2596863450790       0.247736603       3.48821632E-05
   6074.7168934832407       0.258676142       3.68256260E-05
   6077.1741006214033       0.268901467       3.78634431E-05
   6079.6313077595651       0.261639744       3.70475900E-05
   6082.0885148977268       0.265977532       3.76560929E-05
   6084.5457220358885       0.260436177       3.68536203E-05
   6087.0029291740502       0.244866818       3.45168410E-05
   6089.4601363122119       0.249737725       3.55368320E-05
   6091.9173434503737       0.263266832       3.70373673E-05
   6094.3745505885363       0.242309824       3.43347929E-05
   6096.8317577266980       0.262137920       3.70983544E-05
   6099.2889648648597       0.249630913       3.52580064E-05
   6101.7461720030215       0.251994848       3.56853452E-05
   6104.2033791411832       0.242234647       3.43299580E-05
   6106.6605862793458       0.236156583       3.32823874E-05
   6109.1177934175075       0.222141609       3.14416393E-05
   6111.5750005556692       0.259869814       3.68562542E-05
   6114.0322076938310       0.249122843       3.50930604E-05
   6116.4894148319927       0.230719581       3.27165071E-05
   6118.9466219701544       0.219634905       3.10767173E-05
   6121.4038291083161       0.226907402       3.21157822E-05
   6123.8610362464788       0.221922889       3.13626333E-05
   6126.3182433846405       0.223819986       3.17037702E-05
   6128.7754505228022       0.210641190       2.97636216E-05
   6131.2326576609639       0.208821535       2.95668724E-05
   6133.6898647991256       0.203966737       2.87564235E-05
   6136.1470719372874       0.221117929       3.13880191E-05
   6138.6042790754491       0.221442312       3.11560179E-05
   6141.0614862136117       0.211536258       3.00408519E-05
   6143.5186933517734       0.214193881       3.02542903E-05
   6145.9759004899352       0.200365990       2.83880472E-05
   6148.4331076280969       0.198765129       2.81284629E-05
   6150.8903147662586       0.185989529       2.63263828E-05
   6153.3475219044212       0.184811160       2.61589284E-05
   6155.8047290425829       0.176378116       2.49285331E-05
   6158.2619361807447       0.183025360       2.58308792E-05
   6160.7191433189064       0.190571189       2.69858701E-05
   6163.1763504570681       0.204880685       2.90053831E-05
   6165.6335575952298       0.179519668       2.53593735E-05
   6168.0907647333916       0.163272470       2.32275597E-05
   6170.5479718715542       0.150019795       2.10192338E-05
   6173.0051790097159       0.167730421       2.39393594E-05
   6175.4623861478776       0.201188177       2.83396639E-05
   6177.9195932860393       0.163565621       2.30321784E-05
   6180.3768004242011       0.163226143       2.33062146E-05
   6182.8340075623637       0.163724437       2.29908455E-05
   6185.2912147005254       0.160301343       2.27765177E-05
   6187.7484218386871       0.171183690       2.41099297E-05
   6190.2056289768489       0.165399536       2.34307336E-05
   6192.6628361150106       0.177237257       2.51127094E-05
   6195.1200432531723       0.157903194       2.22047929E-05
   6197.5772503913340       0.161521643       2.29631933E-05
   6200.0344575294966       0.176541388       2.49594268E-05
   6202.4916646676584       0.164773583       2.31677877E-05
   6204.9488718058201       0.161942407       2.29881243E-05
   6207.4060789439818       0.185730025       2.63261591E-05
   6209.8632860821435       0.173177600       2.43279846E-05
   6212.3204932203053       0.161426187       2.28609861E-05
   6214.7777003584670       0.188462391       2.67868891E-05
   6217.2349074966296       0.189329579       2.66410425E-05
   6219.6921146347913       0.158879742       2.25050808E-05
   6222.1493217729530       0.165167108       2.35009175E-05
   6224.6065289111148       0.163072675       2.29605012E-05
   6227.0637360492765       0.154174626       2.17613124E-05
   6229.5209431874382       0.173071980       2.46021445E-05
   6231.9781503256008       0.185630053       2.61520854E-05
   6234.4353574637626       0.160693049       2.26487900E-05
   6236.8925646019243       0.172428399       2.44597741E-05
   6239.3497717400860       0.195483461       2.76589180E-05
   6241.8069788782477       0.193493605       2.73141468E-05
   6244.2641860164094       0.168286577       2.38247430E-05
   6246.7213931545721       0.170705616       2.41910202E-05
   6249.1786002927338       0.174629718       2.46780837E-05
   6251.6358074308955       0.184005871       2.61406185E-05
   6254.0930145690572       0.168007717       2.35828211E-05
   6256.5502217072190       0.155785814       2.21064511E-05
   6259.0074288453807       0.188598558       2.66832958E-05
   6261.4646359835424       0.199802071       2.81130924E-05
   6263.9218431217050       0.205273703       2.91358210E-05
   6266.3790502598667       0.202375531       2.84857160E-05
   6268.8362573980285       0.193754688       2.73991409E-05
   6271.2934645361902       0.227329016       3.23581189E-05
   6273.7506716743519       0.221671909       3.10661344E-05
   6276.2078788125136       0.192958012       2.73261448E-05
   6278.6650859506763       0.235507786       3.34610377E-05
   6281.1222930888380       0.248903692       3.49531801E-05
   6283.5795002269997       0.237223402       3.36517660E-05
   6286.0367073651614       0.248995915       3.52153402E-05
   6288.4939145033231       0.240005881       3.39116850E-05
   6290.9511216414849       0.246824905       3.49667207E-05
   6293.4083287796475       0.245026961       3.45404078E-05
   6295.8655359178092       0.258471131       3.66672029E-05
   6298.3227430559709       0.269838810       3.79706617E-05
   6300.7799501941327       0.272416949       3.85900894E-05
   6303.2371573322944       0.301029265       4.24180835E-05
   6305.6943644704561       0.306295305       4.33560090E-05
   6308.1515716086178       0.333537638       4.72158245E-05
   6310.6087787467804       0.305104375       4.29590364E-05
   6313.0659858849422       0.311198622       4.42825658E-05
   6315.5231930231039       0.322292447       4.53637585E-05
   6317.9804001612656       0.316179156       4.47936873E-05
   6320.4376072994273       0.340549439       4.82502801E-05
   6322.8948144375890       0.322489917       4.54146430E-05
   6325.3520215757508       0.317109495       4.48995452E-05
   6327.8092287139134       0.353904426       5.00751194E-05
   6330.2664358520751       0.371284574       5.23014714E-05
   6332.7236429902368       0.372145325       5.26883705E-05
   6335.1808501283986       0.387547582       5.48815478E-05
   6337.6380572665603       0.369778275       5.20777467E-05
   6340.0952644047229       0.368531495       5.22104783E-05
   6342.5524715428846       0.414449990       5.85996386E-05
   6345.0096786810464       0.419083744       5.91031421E-05
   6347.4668858192081       0.415614724       5.88964467E-05
   6349.9240929573698       0.411261171       5.81543754E-05
   6352.3813000955315       0.396208555       5.60476365E-05
   6354.8385072336932       0.397743225       5.62798668E-05
   6357.2957143718559       0.404858232       5.72896097E-05
   6359.7529215100176       0.404546499       5.71437704E-05
   6362.2101286481793       0.397072762       5.62922578E-05
   6364.6673357863410       0.399682283       5.65310329E-05
   6367.1245429245027       0.371815860       5.24345560E-05
   6369.5817500626654       0.389319837       5.52717647E-05
   6372.0389572008271       0.414627075       5.85379457E-05
   6374.4961643389888       0.392937779       5.55707920E-05
   6376.9533714771505       0.379130155       5.36731059E-05
   6379.4105786153123       0.375245541       5.30912694E-05
   6381.8677857534740       0.384636760       5.43612077E-05
   6384.3249928916357       0.387927443       5.47477175E-05
   6386.7822000297983       0.407200575       5.76226266E-05
   6389.2394071679601       0.425280243       6.01037464E-05
   6391.6966143061218       0.415550143       5.86469905E-05
   6394.1538214442835       0.415708482       5.88620278E-05
   6396.6110285824452       0.437034756       6.18112463E-05
   6399.0682357206069       0.430787891       6.09130184E-05
   6401.5254428587687       0.416607231       5.89240735E-05
   6403.9826499969313       0.405257970       5.72455610E-05
   6406.4398571350930       0.428512245       6.07777365E-05
   6408.8970642732547       0.441132337       6.22424559E-05
   6411.3542714114164       0.413235575       5.84428017E-05
   6413.8114785495782       0.420359462       5.95777346E-05
   6416.2686856877408       0.419125795       5.91922399E-05
   6418.7258928259025       0.415760040       5.89065567E-05
   6421.1830999640642       0.411904871       5.82164903E-05
   6423.6403071022260       0.399348825       5.64569636E-05
   6426.0975142403877       0.409729123       5.79282678E-05
   6428.5547213785494       0.429636300       6.07756447E-05
   6431.0119285167111       0.440284133       6.21975196E-05
   6433.4691356548738       0.426616549       6.03194712E-05
   6435.9263427930355       0.429997057       6.08319679E-05
   6438.3835499311972       0.434382051       6.13855300E-05
   6440.8407570693589       0.446435064       6.32064766E-05
   6443.2979642075206       0.441716701       6.23313754E-05
   6445.7551713456824       0.434464931       6.14742748E-05
   6448.2123784838450       0.459060669       6.49664580E-05
   6450.6695856220067       0.462544769       6.52977469E-05
   6453.1267927601684       0.457083523       6.47042398E-05
   6455.5839998983301       0.460790783       6.52239178E-05
   6458.0412070364919       0.449002177       6.34309981E-05
   6460.4984141746536       0.442929000       6.26884867E-05
   6462.9556213128162       0.459796518       6.49985595E-05
   6465.4128284509779       0.473585457       6.69830843E-05
   6467.8700355891397       0.479045898       6.77842036E-05
   6470.3272427273014       0.462683618       6.53421230E-05
   6472.7844498654631       0.460809916       6.53812531E-05
   6475.2416570036248       0.472544789       6.68798311E-05
   6477.6988641417865       0.435739964       6.14502205E-05
   6480.1560712799492       0.436723351       6.19692801E-05
   6482.6132784181109       0.475435704       6.71019370E-05
   6485.0704855562726       0.483356714       6.82941318E-05
   6487.5276926944343       0.507229865       7.17888324E-05
   6489.9848998325961       0.507383585       7.16316499E-05
   6492.4421069707587       0.512401700       7.24308120E-05
   6494.8993141089204       0.539708972       7.62301352E-05
   6497.3565212470821       0.587065995       8.30305071E-05
   6499.8137283852438       0.612704098       8.64079921E-05
   6502.2709355234056       0.623007178       8.80544321E-05
   6504.7281426615673       0.668169260       9.45045031E-05
   6507.1853497997290       0.693648636       9.79881952E-05
   6509.6425569378916       0.692621231       9.79062970E-05
   6512.0997640760534       0.695665061       9.84155195E-05
   6514.5569712142151       0.712053537       1.00585843E-04
   6517.0141783523768       0.735156715       1.03838800E-04
   6519.4713854905385       0.785623670       1.10934794E-04
   6521.9285926287002       0.840876937       1.18794145E-04
   6524.3857997668620       0.888752580       1.25563369E-04
   6526.8430069050246       0.896269560       1.26467625E-04
   6529.3002140431863       0.924122393       1.30505403E-04
   6531.7574211813480       0.998547912       1.41180208E-04
   6534.2146283195098        1.06298780       1.50273991E-04
   6536.6718354576715        1.03380382       1.45944708E-04
   6539.1290425958341        1.00740409       1.42960984E-04
   6541.5862497339958       0.997757435       1.41174038E-04
   6544.0434568721575       0.911503911       1.28936445E-04
   6546.5006640103193       0.885382175       1.25542705E-04
   6548.9578711484810       0.881868482       1.24529135E-04
   6551.4150782866427       0.895495534       1.26436717E-04
   6553.8722854248044       0.962560952       1.35928174E-04
   6556.3294925629671        1.05162323       1.48692183E-04
   6558.7866997011288        1.06778789       1.51173299E-04
   6561.2439068392905       0.974378526       1.38012503E-04
   6563.7011139774522       0.831868172       1.17907533E-04
   6566.1583211156139       0.774851561       1.10165485E-04
   6568.6155282537766       0.753712296       1.06498475E-04
   6571.0727353919374       0.715640187       1.01541846E-04
   6573.5299425301000       0.705020308       9.96297822E-05
   6575.9871496682617       0.652547359       9.22124527E-05
   6578.4443568064235       0.693997443       9.82759666E-05
   6580.9015639445852       0.718474507       1.01254343E-04
   6583.3587710827469       0.742094338       1.05049206E-04
   6585.8159782209095       0.750714123       1.06085303E-04
   6588.2731853590703       0.723002076       1.02286533E-04
   6590.7303924972330       0.702503800       9.93878202E-05
   6593.1875996353947       0.697629929       9.86962987E-05
   6595.6448067735564       0.700282335       9.89710461E-05
   6598.1020139117181       0.697347343       9.85200677E-05
   6600.5592210498799       0.708679676       1.00168028E-04
   6603.0164281880425       0.734994948       1.03906837E-04
   6605.4736353262042       0.746010303       1.05253945E-04
   6607.9308424643659       0.763527274       1.08096305E-04
   6610.3880496025276       0.788564205       1.11548841E-04
   6612.8452567406894       0.748293400       1.05724990E-04
   6615.3024638788520       0.714051366       1.01301091E-04
   6617.7596710170128       0.702434719       9.93763970E-05
   6620.2168781551754       0.661941648       9.35323915E-05
   6622.6740852933372       0.668284833       9.47423323E-05
   6625.1312924314989       0.681655347       9.61882615E-05
   6627.5884995696606       0.671426833       9.51602851E-05
   6630.0457067078223       0.673647881       9.52315677E-05
   6632.5029138459849       0.625490427       8.83577668E-05
   6634.9601209841458       0.646063983       9.16103018E-05
   6637.4173281223084       0.659266174       9.30941023E-05
   6639.8745352604701       0.645706534       9.12891410E-05
   6642.3317423986318       0.638529360       9.03394612E-05
   6644.7889495367936       0.649406135       9.20831008E-05
   6647.2461566749553       0.616723478       8.71435477E-05
   6649.7033638131179       0.553926289       7.84905133E-05
   6652.1605709512796       0.543858945       7.69601975E-05
   6654.6177780894413       0.551704228       7.79792827E-05
   6657.0749852276031       0.579713345       8.18949338E-05
   6659.5321923657648       0.595180094       8.40594075E-05
   6661.9893995039274       0.612029910       8.64462418E-05
   6664.4466066420882       0.628367782       8.87148562E-05
   6666.9038137802509       0.662943304       9.38467128E-05
   6669.3610209184126       0.676791310       9.55943033E-05
   6671.8182280565743       0.642287910       9.08134243E-05
   6674.2754351947360       0.640164375       9.08941947E-05
   6676.7326423328977       0.618706346       8.73860336E-05
   6679.1898494710604       0.558965623       7.92203209E-05
   6681.6470566092212       0.559814215       7.92821011E-05
   6684.1042637473838       0.548724115       7.73797656E-05
   6686.5614708855455       0.579584777       8.20773712E-05
   6689.0186780237073       0.611966670       8.63294918E-05
   6691.4758851618690       0.620204628       8.77692655E-05
   6693.9330923000307       0.621424735       8.77307175E-05
   6696.3902994381933       0.611756206       8.65020702E-05
   6698.8475065763550       0.645990252       9.14148113E-05
   6701.3047137145168       0.654493570       9.24892520E-05
   6703.7619208526785       0.638888061       9.03073960E-05
   6706.2191279908402       0.627791047       8.89353760E-05
   6708.6763351290019       0.633086741       8.96783022E-05
   6711.1335422671636       0.591499567       8.36782347E-05
   6713.5907494053263       0.546533704       7.73285064E-05
   6716.0479565434880       0.541051567       7.66295925E-05
   6718.5051636816497       0.574774921       8.13506194E-05
   6720.9623708198114       0.567320049       7.99671325E-05
   6723.4195779579732       0.566382945       8.01816641E-05
   6725.8767850961358       0.604279041       8.54905957E-05
   6728.3339922342975       0.607718527       8.57930936E-05
   6730.7911993724592       0.594706535       8.40921639E-05
   6733.2484065106210       0.610851049       8.64379690E-05
   6735.7056136487827       0.626216114       8.84515248E-05
   6738.1628207869444       0.632943690       8.95835183E-05
   6740.6200279251061       0.634144664       8.96697893E-05
   6743.0772350632687       0.612705231       8.66390183E-05
   6745.5344422014305       0.610698164       8.64526373E-05
   6747.9916493395922       0.615575075       8.69020150E-05
   6750.4488564777539       0.628574610       8.88362265E-05
   6752.9060636159156       0.670456648       9.49023161E-05
   6755.3632707540773       0.678684592       9.57634693E-05
   6757.8204778922391       0.658733964       9.30515889E-05
   6760.2776850304017       0.695039868       9.83885766E-05
   6762.7348921685634       0.734089375       1.03693746E-04
   6765.1920993067251       0.729732633       1.03015227E-04
   6767.6493064448869       0.735172868       1.03986051E-04
   6770.1065135830486       0.772666514       1.09321212E-04
   6772.5637207212112       0.779007912       1.10150344E-04
   6775.0209278593729       0.749811351       1.06236701E-04
   6777.4781349975347       0.703357100       9.96090093E-05
   6779.9353421356964       0.652014554       9.23279658E-05
   6782.3925492738581       0.640026033       9.06744535E-05
   6784.8497564120198       0.645815909       9.12523028E-05
   6787.3069635501815       0.650394380       9.19140293E-05
   6789.7641706883442       0.678699136       9.60049292E-05
   6792.2213778265059       0.696541846       9.83559512E-05
   6794.6785849646676       0.700327933       9.89718683E-05
   6797.1357921028293       0.720377028       1.01815574E-04
   6799.5929992409910       0.746722341       1.05554580E-04
   6802.0502063791528       0.762546718       1.07805616E-04
   6804.5074135173145       0.757364094       1.07098844E-04
   6806.9646206554771       0.749420166       1.06060259E-04
   6809.4218277936388       0.741952956       1.04983847E-04
   6811.8790349318006       0.726474285       1.02626684E-04
   6814.3362420699623       0.728856444       1.03225240E-04
   6816.7934492081240       0.753740728       1.06559324E-04
   6819.2506563462866       0.732588410       1.03420825E-04
   6821.7078634844484       0.748942971       1.06091829E-04
   6824.1650706226101       0.777680635       1.09786764E-04
   6826.6222777607718       0.781331301       1.10442808E-04
   6829.0794848989335       0.802150190       1.13426548E-04
   6831.5366920370961       0.810181618       1.14478120E-04
   6833.9938991752570       0.818372130       1.15723109E-04
   6836.4511063134196       0.829873323       1.17346011E-04
   6838.9083134515813       0.839352429       1.18619697E-04
   6841.3655205897430       0.846036255       1.19850418E-04
   6843.8227277279047       0.837841034       1.18572148E-04
   6846.2799348660665       0.770608366       1.08902917E-04
   6848.7371420042291       0.751105130       1.06569219E-04
   6851.1943491423908       0.768898189       1.08557702E-04
   6853.6515562805525       0.766161501       1.08136723E-04
   6856.1087634187143       0.826671183       1.17087424E-04
   6858.5659705568760       0.864574015       1.22139420E-04
   6861.0231776950377       0.821609557       1.16270749E-04
   6863.4803848331994       0.777166247       1.10143817E-04
   6865.9375919713621       0.736109912       1.03943676E-04
   6868.3947991095238       0.745391428       1.05441039E-04
   6870.8520062476855       0.825784445       1.16777432E-04
   6873.3092133858472       0.856076062       1.20645280E-04
   6875.7664205240089       0.860164165       1.21666752E-04
   6878.2236276621707       0.903812945       1.28005995E-04
   6880.6808348003324       0.882420361       1.24635364E-04
   6883.1380419384950       0.827874124       1.17218158E-04
   6885.5952490766567       0.827023149       1.17070413E-04
   6888.0524562148184       0.841836274       1.18988501E-04
   6890.5096633529802       0.857449532       1.21295656E-04
   6892.9668704911419       0.867113411       1.22720099E-04
   6895.4240776293036       0.845828593       1.19594479E-04
   6897.8812847674662       0.817014754       1.15464049E-04
   6900.3384919056280       0.844625711       1.19322503E-04
   6902.7956990437897       0.926141798       1.31030814E-04
   6905.2529061819514       0.978872120       1.38155199E-04
   6907.7101133201131       0.958196998       1.35537353E-04
   6910.1673204582748       0.969662726       1.37488765E-04
   6912.6245275964375       0.929982960       1.31367880E-04
   6915.0817347345992       0.885198951       1.25237973E-04
   6917.5389418727609       0.922773957       1.30441680E-04
   6919.9961490109226       0.991671324       1.40107921E-04
   6922.4533561490844        1.04464602       1.47521248E-04
   6924.9105632872470        1.06568539       1.50616135E-04
   6927.3677704254078        1.09433746       1.54713314E-04
   6929.8249775635704        1.10820317       1.56474067E-04
   6932.2821847017321        1.14997876       1.62790937E-04
   6934.7393918398939        1.18853092       1.67643404E-04
   6937.1965989780556        1.20093787       1.69546925E-04
   6939.6538061162173        1.31964338       1.86787001E-04
   6942.1110132543799        1.39769459       1.97251968E-04
   6944.5682203925408        1.37937987       1.95023604E-04
   6947.0254275307034        1.37718487       1.95213448E-04
   6949.4826346688651        1.34652686       1.90334860E-04
   6951.9398418070268        1.27419209       1.80419796E-04
   6954.3970489451885        1.29316461       1.82914358E-04
   6956.8542560833503        1.30925584       1.84723482E-04
   6959.3114632215129        1.41318738       2.00227165E-04
   6961.7686703596746        1.46584189       2.06832381E-04
   6964.2258774978363        1.41322196       1.99951392E-04
   6966.6830846359981        1.42154634       2.00929644E-04
   6969.1402917741598        1.45086741       2.05259945E-04
   6971.5974989123215        1.52580202       2.15455570E-04
   6974.0547060504832        1.53051496       2.16408778E-04
   6976.5119131886458        1.59370959       2.25577445E-04
   6978.9691203268076        1.55066681       2.18879184E-04
   6981.4263274649693        1.56094468       2.21317343E-04
   6983.8835346031310        1.57553232       2.22572053E-04
   6986.3407417412927        1.53747439       2.17663357E-04
   6988.7979488794554        1.53627646       2.17203109E-04
   6991.2551560176171        1.53599107       2.17601657E-04
   6993.7123631557788        1.55871832       2.20137837E-04
   6996.1695702939405        1.52660930       2.15927532E-04
   6998.6267774321022        1.61913896       2.29102792E-04
   7001.0839845702640        1.63554406       2.30705366E-04
   7003.5411917084257        1.69619107       2.40390815E-04
   7005.9983988465883        1.73826456       2.45292613E-04
   7008.4556059847500        1.71396244       2.42183218E-04
   7010.9128131229118        1.82029688       2.57640990E-04
   7013.3700202610735        1.89943290       2.68270524E-04
   7015.8272273992352        1.87436962       2.64725153E-04
   7018.2844345373978        1.87866271       2.65716139E-04
   7020.7416416755586        1.94005299       2.73743179E-04
   7023.1988488137213        2.02808714       2.86500610E-04
   7025.6560559518830        2.17486882       3.06974805E-04
   7028.1132630900447        2.25151849       3.17739265E-04
   7030.5704702282064        2.35192513       3.32294410E-04
   7033.0276773663682        2.42808890       3.42970685E-04
   7035.4848845045308        2.48289561       3.50904156E-04
   7037.9420916426916        2.49626660       3.52435920E-04
   7040.3992987808542        2.55801821       3.62119608E-04
   7042.8565059190159        2.62331772       3.71291564E-04
   7045.3137130571777        2.47260833       3.50472023E-04
   7047.7709201953394        2.18680596       3.10937961E-04
   7050.2281273335011        1.77920854       2.53038364E-04
   7052.6853344716637        1.35907960       1.93705477E-04
   7055.1425416098255        1.09065580       1.55221307E-04
   7057.5997487479872       0.959854126       1.36130606E-04
   7060.0569558861489       0.963638663       1.36434261E-04
   7062.5141630243106       0.988415718       1.39361480E-04
   7064.9713701624732        1.02435315       1.44799516E-04
   7067.4285773006350        1.06844914       1.50682972E-04
   7069.8857844387967        1.07164168       1.51258602E-04
   7072.3429915769584        1.12554669       1.58823386E-04
   7074.8001987151201        1.17152095       1.65351405E-04
   7077.2574058532819        1.24668109       1.76434187E-04
   7079.7146129914436        1.21094453       1.71110107E-04
   7082.1718201296062        1.11102200       1.57665068E-04
   7084.6290272677679       0.988160133       1.39713607E-04
   7087.0862344059296       0.899032235       1.27574720E-04
   7089.5434415440914       0.913895428       1.29202177E-04
   7092.0006486822531       0.897840858       1.26979692E-04
   7094.4578558204148       0.918095946       1.29746026E-04
   7096.9150629585765       0.905756354       1.28086147E-04
   7099.3722700967392       0.945857644       1.33605427E-04
   7101.8294772349009       0.946025312       1.33482448E-04
   7104.2866843730626        1.02340019       1.44730628E-04
   7106.7438915112243        1.05788255       1.49122396E-04
   7109.2010986493860        1.09838414       1.55485337E-04
   7111.6583057875478        1.11930144       1.57687260E-04
   7114.1155129257095        1.14114094       1.61738586E-04
   7116.5727200638721        1.20506620       1.70317217E-04
   7119.0299272020338        1.12313163       1.59057832E-04
   7121.4871343401956        1.05868924       1.50369262E-04
   7123.9443414783573       0.913277566       1.29091262E-04
   7126.4015486165190       0.842567563       1.19902739E-04
   7128.8587557546816       0.849999011       1.19946570E-04
   7131.3159628928424       0.833238184       1.17894837E-04
   7133.7731700310051       0.894667625       1.26439671E-04
   7136.2303771691668       0.909200907       1.28425454E-04
   7138.6875843073285       0.942235112       1.33319452E-04
   7141.1447914454911       0.927617311       1.30850851E-04
   7143.6019985836519       0.940196633       1.33117253E-04
   7146.0592057218146       0.995581388       1.40728327E-04
   7148.5164128599763       0.985467911       1.39051088E-04
   7150.9736199981380        1.00118935       1.41835408E-04
   7153.4308271362997        1.03127086       1.45594095E-04
   7155.8880342744615        1.02433145       1.45217666E-04
   7158.3452414126241        1.01143336       1.42628865E-04
   7160.8024485507858       0.956812680       1.35671071E-04
   7163.2596556889475        1.03720391       1.46873761E-04
   7165.7168628271093       0.965539992       1.35843133E-04
   7168.1740699652710        1.00820458       1.43087222E-04
   7170.6312771034327        1.09703195       1.54688008E-04
   7173.0884842415944        1.12010252       1.58433919E-04
   7175.5456913797570        1.13060284       1.59566625E-04
   7178.0028985179188        1.13439906       1.60502168E-04
   7180.4601056560805        1.20733654       1.70696949E-04
   7182.9173127942422        1.20965242       1.70595755E-04
   7185.3745199324039        1.25762641       1.78249466E-04
   7187.8317270705656        1.30054688       1.83684286E-04
   7190.2889342087274        1.24649692       1.76460991E-04
   7192.7461413468900        1.23368096       1.74723915E-04
   7195.2033484850517        1.18422008       1.67605205E-04
   7197.6605556232134        1.16302395       1.64641067E-04
   7200.1177627613752        1.13477659       1.60339230E-04
   7202.5749698995369        1.18257618       1.67347374E-04
   7205.0321770376986        1.24147964       1.75247391E-04
   7207.4893841758603        1.28957045       1.82390126E-04
   7209.9465913140230        1.32820284       1.87691214E-04
   7212.4037984521847        1.33022201       1.87914862E-04
   7214.8610055903464        1.36502969       1.93160289E-04
   7217.3182127285090        1.42098749       2.00769500E-04
   7219.7754198666698        1.43773496       2.03219839E-04
   7222.2326270048325        1.48027301       2.09425853E-04
   7224.6898341429942        1.49772477       2.11530147E-04
   7227.1470412811559        1.52514410       2.16190441E-04
   7229.6042484193176        1.54197013       2.17690991E-04
   7232.0614555574793        1.47707880       2.08731464E-04
   7234.5186626956420        1.59193742       2.25470416E-04
   7236.9758698338028        1.66284800       2.34170468E-04
   7239.4330769719654        1.74667585       2.47447606E-04
   7241.8902841101271        1.84353256       2.59631488E-04
   7244.3474912482889        1.87831700       2.65971030E-04
   7246.8046983864506        2.04695964       2.89380550E-04
   7249.2619055246123        1.98638916       2.80141947E-04
   7251.7191126627749        2.04218245       2.89035117E-04
   7254.1763198009367        2.16460776       3.05869558E-04
   7256.6335269390984        2.27543879       3.21527274E-04
   7259.0907340772601        2.28884411       3.23380809E-04
   7261.5479412154218        2.35542417       3.33195552E-04
   7264.0051483535835        2.41445208       3.41681647E-04
   7266.4623554917453        2.43053555       3.43845284E-04
   7268.9195626299079        2.32134604       3.28410941E-04
   7271.3767697680696        2.31298494       3.27929942E-04
   7273.8339769062313        2.28507042       3.22428561E-04
   7276.2911840443930        2.33074355       3.29971081E-04
   7278.7483911825548        2.52153540       3.55901604E-04
   7281.2055983207165        2.63671803       3.72780894E-04
   7283.6628054588782        2.76804566       3.91376350E-04
   7286.1200125970408        2.73142982       3.85597901E-04
   7288.5772197352026        2.80109692       3.96285934E-04
   7291.0344268733643        2.96914411       4.19349701E-04
   7293.4916340115260        3.11858869       4.40552802E-04
   7295.9488411496877        3.24588132       4.58569120E-04
   7298.4060482878504        3.35938692       4.75011300E-04
   7300.8632554260121        3.45358062       4.87747689E-04
   7303.3204625641738        3.52385354       4.97969449E-04
   7305.7776697023355        3.71943307       5.26117685E-04
   7308.2348768404972        3.81506157       5.38665452E-04
   7310.6920839786590        3.84749579       5.43942326E-04
   7313.1492911168207        3.98734975       5.63523150E-04
   7315.6064982549833        4.14804840       5.86312904E-04
   7318.0637053931450        4.29416943       6.06777205E-04
   7320.5209125313067        4.35429192       6.15821336E-04
   7322.9781196694685        4.40693712       6.23152242E-04
   7325.4353268076302        4.38501549       6.20119448E-04
   7327.8925339457928        4.44623852       6.28381560E-04
   7330.3497410839536        4.56242228       6.44826388E-04
   7332.8069482221163        4.80659533       6.79647143E-04
   7335.2641553602780        4.91321230       6.94483460E-04
   7337.7213624984397        4.88765049       6.91535359E-04
   7340.1785696366014        4.79192066       6.77952194E-04
   7342.6357767747631        4.72443533       6.68730470E-04
   7345.0929839129258        4.70582533       6.65740983E-04
   7347.5501910510866        4.66584635       6.59276848E-04
   7350.0073981892492        4.75191307       6.72843948E-04
   7352.4646053274109        4.88306379       6.89630688E-04
   7354.9218124655727        4.84418964       6.84344675E-04
   7357.3790196037344        5.05391216       7.14499853E-04
   7359.8362267418961        5.28636885       7.46827049E-04
   7362.2934338800587        5.44717884       7.69671926E-04
   7364.7506410182204        5.48473501       7.75856141E-04
   7367.2078481563822        5.50380611       7.78141140E-04
   7369.6650552945439        5.39628696       7.63724907E-04
   7372.1222624327056        5.39932871       7.63929565E-04
   7374.5794695708682        5.24604321       7.41460011E-04
   7377.0366767090300        5.30399704       7.50546693E-04
   7379.4938838471917        5.38985825       7.61684671E-04
   7381.9510909853534        5.50467396       7.78463727E-04
   7384.4082981235151        5.51045847       7.78896792E-04
   7386.8655052616768        5.52902269       7.82884425E-04
   7389.3227123998386        5.43162918       7.67316320E-04
   7391.7799195380012        5.32880878       7.55223737E-04
   7394.2371266761629        5.35858536       7.57110072E-04
   7396.6943338143246        5.18467188       7.32881716E-04
   7399.1515409524864        5.39938927       7.64953322E-04
   7401.6087480906481        5.39867496       7.61990494E-04
   7404.0659552288098        5.27509117       7.46948295E-04
   7406.5231623669715        5.28744173       7.47313316E-04
   7408.9803695051341        5.26259565       7.44521793E-04
   7411.4375766432959        5.34908581       7.56764668E-04
   7413.8947837814576        5.24332094       7.41592667E-04
   7416.3519909196193        5.10964966       7.22387282E-04
   7418.8091980577810        5.07817745       7.18555413E-04
   7421.2664051959437        5.24224997       7.40779738E-04
   7423.7236123341045        5.31173468       7.50792795E-04
   7426.1808194722671        5.41617537       7.65770965E-04
   7428.6380266104288        5.40574837       7.65146862E-04
   7431.0952337485905        5.31612015       7.51627958E-04
   7433.5524408867523        5.09562922       7.21257355E-04
   7436.0096480249140        5.11784935       7.24149053E-04
   7438.4668551630766        5.06252861       7.15851609E-04
   7440.9240623012374        5.11097670       7.23292353E-04
   7443.3812694394001        5.03148890       7.11340166E-04
   7445.8384765775618        5.00563097       7.07900501E-04
   7448.2956837157235        5.01974058       7.09971006E-04
   7450.7528908538861        5.15450287       7.28653511E-04
   7453.2100979920478        5.13875294       7.26281316E-04
   7455.6673051302096        5.23491859       7.40555930E-04
   7458.1245122683713        5.22585487       7.38258183E-04
   7460.5817194065330        5.32963800       7.54442590E-04
   7463.0389265446947        5.35325766       7.55908317E-04
   7465.4961336828565        5.36732864       7.60106428E-04
   7467.9533408210191        5.40325832       7.63738586E-04
   7470.4105479591808        5.26072550       7.44142570E-04
   7472.8677550973425        5.27016592       7.44921446E-04
   7475.3249622355042        5.38549328       7.61669071E-04
   7477.7821693736660        5.60825586       7.92277802E-04
   7480.2393765118277        5.66819906       8.01610353E-04
   7482.6965836499894        5.73958683       8.11583654E-04
   7485.1537907881520        5.62411928       7.95471133E-04
   7487.6109979263138        5.63544989       7.97297398E-04
   7490.0682050644755        5.59479952       7.91040075E-04
   7492.5254122026372        5.66985655       8.01551738E-04
   7494.9826193407989        5.72842550       8.09689518E-04
   7497.4398264789606        5.94171429       8.40626948E-04
   7499.8970336171224        5.94952726       8.40328925E-04
   7502.3542407552850        5.95183802       8.42287787E-04
   7504.8114478934467        6.01126671       8.49631557E-04
   7507.2686550316084        6.05551529       8.56840808E-04
   7509.7258621697702        6.08228207       8.59987224E-04
   7512.1830693079319        6.00001431       8.49107164E-04
   7514.6402764460936        5.96183777       8.43379356E-04
   7517.0974835842553        5.86594820       8.29533616E-04
   7519.5546907224179        5.91050148       8.36043851E-04
   7522.0118978605797        5.99191427       8.47345684E-04
   7524.4691049987414        6.03843784       8.53514357E-04
   7526.9263121369040        6.03788948       8.52976984E-04
   7529.3835192750648        6.23057652       8.81221378E-04
   7531.8407264132275        6.48477030       9.15749464E-04
   7534.2979335513892        6.60427523       9.33540519E-04
   7536.7551406895509        6.77971745       9.58962017E-04
   7539.2123478277126        6.74074316       9.52628441E-04
   7541.6695549658743        6.67178774       9.44462314E-04
   7544.1267621040370        6.65733242       9.41369974E-04
   7546.5839692421978        6.55635786       9.26901645E-04
   7549.0411763803604        6.63039494       9.37748177E-04
   7551.4983835185221        6.74646997       9.53625131E-04
   7553.9555906566839        6.80855513       9.62510821E-04
   7556.4127977948456        6.77026415       9.57169861E-04
   7558.8700049330073        6.75741100       9.56071483E-04
   7561.3272120711699        6.69504452       9.46654764E-04
   7563.7844192093316        6.54940176       9.25913104E-04
   7566.2416263474934        6.51652956       9.20873310E-04
   7568.6988334856551        6.68349218       9.45328793E-04
   7571.1560406238168        6.86414957       9.69708839E-04
   7573.6132477619785        6.79576635       9.60061792E-04
   7576.0704549001402        6.89046097       9.75692295E-04
   7578.5276620383029        6.88172293       9.73551825E-04
   7580.9848691764637        6.49564123       9.20682563E-04
   7583.4420763146263        5.93641710       8.42986279E-04
   7585.8992834527880        5.10176897       7.24351557E-04
   7588.3564905909498        4.19849777       5.96313970E-04
   7590.8136977291124        3.66387510       5.20809554E-04
   7593.2709048672732        3.42353940       4.85522556E-04
   7595.7281120054358        3.16546631       4.48605628E-04
   7598.1853191435976        2.86227274       4.04350285E-04
   7600.6425262817593        2.74793816       3.88801011E-04
   7603.0997334199219        2.96826291       4.17419593E-04
   7605.5569405580827        3.30264807       4.65300080E-04
   7608.0141476962453        3.91975260       5.52703510E-04
   7610.4713548344071        4.17025471       5.86920942E-04
   7612.9285619725688        4.34953451       6.14527904E-04
   7615.3857691107305        4.51083612       6.38099853E-04
   7617.8429762488922        4.43177605       6.27502857E-04
   7620.3001833870549        3.90599442       5.53939026E-04
   7622.7573905252157        3.30596018       4.69859893E-04
   7625.2145976633783        2.72723937       3.86317901E-04
   7627.6718048015400        2.53156924       3.59902915E-04
   7630.1290119397017        2.59217811       3.66087974E-04
   7632.5862190778635        2.54485464       3.59926285E-04
   7635.0434262160252        2.57376075       3.63981526E-04
   7637.5006333541878        2.52190709       3.56926699E-04
   7639.9578404923486        2.47741556       3.50202637E-04
   7642.4150476305113        2.36875486       3.35268414E-04
   7644.8722547686730        2.39530826       3.39342194E-04
   7647.3294619068347        2.26971722       3.20889318E-04
   7649.7866690449964        2.12659597       3.01802647E-04
   7652.2438761831581        1.94849157       2.76135717E-04
   7654.7010833213208        1.71652889       2.43664254E-04
   7657.1582904594816        1.48034430       2.09773687E-04
   7659.6154975976442        1.31661761       1.86755526E-04
   7662.0727047358059        1.27154315       1.79548719E-04
   7664.5299118739676        1.31253839       1.85245459E-04
   7666.9871190121294        1.48259175       2.08988567E-04
   7669.4443261502911        1.65987074       2.33917905E-04
   7671.9015332884537        1.81920290       2.56559928E-04
   7674.3587404266145        1.93013620       2.72467500E-04
   7676.8159475647772        2.01113200       2.84015463E-04
   7679.2731547029389        2.05420828       2.90536351E-04
   7681.7303618411006        2.07537007       2.93678750E-04
   7684.1875689792632        2.00688076       2.84035108E-04
   7686.6447761174240        1.92513049       2.73038575E-04
   7689.1019832555867        1.81650281       2.57450127E-04
   7691.5591903937484        1.66743994       2.36663283E-04
   7694.0163975319101        1.54019070       2.18016081E-04
   7696.4736046700727        1.47456539       2.08509722E-04
   7698.9308118082336        1.62187707       2.29241676E-04
   7701.3880189463962        1.82725954       2.57202977E-04
   7703.8452260845579        2.05229259       2.90016411E-04
   7706.3024332227196        2.26586866       3.19379789E-04
   7708.7596403608813        2.32186079       3.27630085E-04
   7711.2168474990431        2.50776267       3.54793621E-04
   7713.6740546372057        2.60306478       3.66714870E-04
   7716.1312617753665        2.69104528       3.80463171E-04
   7718.5884689135291        2.91653085       4.12073452E-04
   7721.0456760516909        3.00482941       4.24038008E-04
   7723.5028831898526        3.08524227       4.35903872E-04
   7725.9600903280143        3.23461413       4.56909096E-04
   7728.4172974661760        3.42201328       4.83582902E-04
   7730.8745046043387        3.54088187       5.00259688E-04
   7733.3317117424995        3.59481716       5.08643570E-04
   7735.7889188806621        3.60622692       5.10320882E-04
   7738.2461260188238        3.49937844       4.95283224E-04
   7740.7033331569855        3.39211226       4.80793329E-04
   7743.1605402951473        3.25826955       4.61462943E-04
   7745.6177474333090        3.06294870       4.33594076E-04
   7748.0749545714716        2.96715212       4.20184195E-04
   7750.5321617096324        2.99531555       4.23544290E-04
   7752.9893688477950        3.06177306       4.32849745E-04
   7755.4465759859568        3.14374089       4.44115489E-04
   7757.9037831241185        3.21747756       4.54765308E-04
   7760.3609902622811        3.31962895       4.69100079E-04
   7762.8181974004419        3.37946606       4.77141002E-04
   7765.2754045386046        3.50897861       4.96067631E-04
   7767.7326116767663        3.68249083       5.20501111E-04
   7770.1898188149280        3.74014640       5.28835808E-04
   7772.6470259530906        3.69531703       5.22930000E-04
   7775.1042330912514        3.59912038       5.08956029E-04
   7777.5614402294141        3.55167603       5.02880022E-04
   7780.0186473675749        3.61263323       5.11114951E-04
   7782.4758545057375        3.56346107       5.03380259E-04
   7784.9330616438992        3.60656118       5.10620535E-04
   7787.3902687820610        3.70295787       5.23429771E-04
   7789.8474759202236        3.69703460       5.23206487E-04
   7792.3046830583844        3.64512110       5.15235879E-04
   7794.7618901965470        3.57271147       5.05151052E-04
   7797.2190973347087        3.71093607       5.24117087E-04
   7799.6763044728705        3.93696618       5.55486826E-04
   7802.1335116110322        4.30366611       6.07578841E-04
   7804.5907187491939        4.61060572       6.50761416E-04
   7807.0479258873565        4.81924582       6.80838653E-04
   7809.5051330255174        4.91512060       6.95030962E-04
   7811.9623401636800        4.92165041       6.96027768E-04
   7814.4195473018417        4.82143307       6.82478247E-04
   7816.8767544400034        4.75069475       6.72808674E-04
   7819.3339615781651        4.55556440       6.44438609E-04
   7821.7911687163269        4.42425537       6.27154950E-04
   7824.2483758544895        4.33742046       6.13561075E-04
   7826.7055829926503        4.18917322       5.92767727E-04
   7829.1627901308129        4.19068336       5.92531404E-04
   7831.6199972689747        4.28267574       6.05243607E-04
   7834.0772044071364        4.48559999       6.34185271E-04
   7836.5344115452981        4.59133148       6.48380257E-04
   7838.9916186834598        4.64812326       6.57195866E-04
   7841.4488258216224        4.76073837       6.73167000E-04
   7843.9060329597842        4.80546427       6.78905053E-04
   7846.3632400979459        4.84356022       6.85178209E-04
   7848.8204472361076        4.94940281       6.99903176E-04
   7851.2776543742693        4.90342426       6.92728674E-04
   7853.7348615124320        4.95613623       7.01963203E-04
   7856.1920686505928        4.99445057       7.05801649E-04
   7858.6492757887554        4.87923908       6.91141293E-04
   7861.1064829269171        4.78617954       6.76717435E-04
   7863.5636900650788        4.60447550       6.51806418E-04
   7866.0208972032406        4.68905067       6.63736369E-04
   7868.4781043414023        4.62437010       6.52930234E-04
   7870.9353114795649        4.68872118       6.62575767E-04
   7873.3925186177257        4.94844389       6.99448050E-04
   7875.8497257558884        5.24212980       7.39768555E-04
   7878.3069328940501        5.33151245       7.52887572E-04
   7880.7641400322118        5.60976934       7.93488638E-04
   7883.2213471703744        5.70119762       8.04854557E-04
   7885.6785543085352        5.73217821       8.11428006E-04
   7888.1357614466979        5.72770691       8.09776131E-04
   7890.5929685848587        5.60603094       7.93869083E-04
   7893.0501757230213        5.47406530       7.74771906E-04
   7895.5073828611830        5.24699211       7.42676901E-04
   7897.9645899993448        5.13202524       7.25857390E-04
   7900.4217971375074        5.16442299       7.31861510E-04
   7902.8790042756682        5.15802860       7.29246705E-04
   7905.3362114138308        4.84423304       6.85810752E-04
   7907.7934185519925        4.74058723       6.71120360E-04
   7910.2506256901543        4.64248133       6.56009943E-04
   7912.7078328283160        4.78797960       6.77164935E-04
   7915.1650399664777        4.99083424       7.05889019E-04
   7917.6222471046403        5.02568197       7.09480664E-04
   7920.0794542428021        4.90850687       6.93429320E-04
   7922.5366613809638        5.20349741       7.36277783E-04
   7924.9938685191255        5.44938850       7.69513892E-04
   7927.4510756572872        5.47883844       7.73463864E-04
   7929.9082827954498        5.55628157       7.86210469E-04
   7932.3654899336107        5.82535982       8.25255702E-04
   7934.8226970717733        5.57359076       7.88025442E-04
   7937.2799042099350        5.07253027       7.18466647E-04
   7939.7371113480967        4.86427498       6.89305016E-04
   7942.1943184862585        4.92823315       6.97003794E-04
   7944.6515256244202        4.93230200       6.96374569E-04
   7947.1087327625828        5.13742638       7.26180850E-04
   7949.5659399007436        5.43876839       7.67352176E-04
   7952.0231470389062        5.76148510       8.15077336E-04
   7954.4803541770680        5.94501543       8.39733228E-04
   7956.9375613152297        5.75313711       8.12672370E-04
   7959.3947684533914        5.83242798       8.25135561E-04
   7961.8519755915531        6.10806370       8.62984045E-04
   7964.3091827297158        6.33603716       8.95212230E-04
   7966.7663898678766        6.44493103       9.11682961E-04
   7969.2235970060392        6.44775486       9.12585994E-04
   7971.6808041442009        6.19206953       8.76334088E-04
   7974.1380112823626        5.92556763       8.39460816E-04
   7976.5952184205253        5.73750496       8.12097569E-04
   7979.0524255586861        5.63989305       7.98774010E-04
   7981.5096326968487        5.60309839       7.92365288E-04
   7983.9668398350095        5.54835749       7.85099925E-04
   7986.4240469731722        5.66272163       8.00126349E-04
   7988.8812541113339        5.78388071       8.17562628E-04
   7991.3384612494956        6.13104486       8.67501018E-04
   7993.7956683876582        6.15571547       8.68174073E-04
   7996.2528755258199        6.22200060       8.80796695E-04
   7998.7100826639817        6.57942724       9.29144851E-04
   8001.1672898021434        6.74696636       9.53343173E-04
   8003.6244969403051        7.04704905       9.96004790E-04
   8006.0817040784677        7.16558838       1.01208908E-03
   8008.5389112166285        7.41893864       1.04950264E-03
   8010.9961183547912        7.56390285       1.06888404E-03
   8013.4533254929529        7.61977720       1.07648596E-03
   8015.9105326311146        7.79470825       1.10200723E-03
   8018.3677397692763        8.22393417       1.16269756E-03
   8020.8249469074381        8.39095306       1.18405581E-03
   8023.2821540456007        8.63525105       1.22224120E-03
   8025.7393611837615        8.96634197       1.26523967E-03
   8028.1965683219241        9.08883667       1.28507277E-03
   8030.6537754600859        9.61437225       1.35944318E-03
   8033.1109825982476        1.00000000      -1677647.62    
