   5529.2169088113069        2.02985909E-02   3.70068369E-06
   5531.6741159494686        4.30028141E-02   5.13385521E-06
   5534.1313230876303        2.27626767E-02   3.86303282E-06
   5536.5885302257930        2.47715395E-02   3.32730087E-06
   5539.0457373639547        2.37717330E-02   4.14227725E-06
   5541.5029445021164        5.63940592E-02   7.32585568E-06
   5543.9601516402781        3.27058770E-02   5.08016183E-06
   5546.4173587784398        1.08785974E-02   2.21126515E-06
   5548.8745659166016        1.94186270E-02   3.26238296E-06
   5551.3317730547642        5.26375286E-02   7.40547739E-06
   5553.7889801929259        5.75740449E-02   7.84382701E-06
   5556.2461873310876        5.83530925E-02   8.45931572E-06
   5558.7033944692494        6.48184568E-02   9.31360864E-06
   5561.1606016074111        8.22650045E-02   1.14288177E-05
   5563.6178087455728        7.43062422E-02   1.02457270E-05
   5566.0750158837354        6.57313615E-02   1.00439293E-05
   5568.5322230218972        8.63033235E-02   1.20186151E-05
   5570.9894301600589       0.108426452       1.59264437E-05
   5573.4466372982206       0.140133470       1.87389833E-05
   5575.9038444363823       0.119320974       1.71582778E-05
   5578.3610515745440       0.112490073       1.60140316E-05
   5580.8182587127058       0.111356497       1.61282860E-05
   5583.2754658508684       0.131756693       1.84741166E-05
   5585.7326729890301       0.131951541       1.83413013E-05
   5588.1898801271918       0.131183431       1.93081014E-05
   5590.6470872653535       0.155484527       2.12488558E-05
   5593.1042944035153       0.132824868       1.84486125E-05
   5595.5615015416770       0.104134783       1.61323369E-05
   5598.0187086798396       0.142413124       1.99383121E-05
   5600.4759158180013       0.150476679       2.06678433E-05
   5602.9331229561631       0.129342303       1.82420608E-05
   5605.3903300943248       0.110695489       1.65938127E-05
   5607.8475372324865       0.137877688       1.92060415E-05
   5610.3047443706482       0.136402071       1.90592673E-05
   5612.7619515088109       0.129783303       1.83895409E-05
   5615.2191586469726       0.118266813       1.68226343E-05
   5617.6763657851343       0.114434682       1.61974986E-05
   5620.1335729232960       0.104024954       1.48058398E-05
   5622.5907800614577       0.108546421       1.57647810E-05
   5625.0479871996195       0.117154352       1.59111441E-05
   5627.5051943377821       0.109731153       1.63993809E-05
   5629.9624014759438       0.136215150       1.85316057E-05
   5632.4196086141055       0.124186672       1.77134334E-05
   5634.8768157522672       0.126741081       1.82242220E-05
   5637.3340228904290       0.133540824       1.84527089E-05
   5639.7912300285907       0.124715261       1.78959144E-05
   5642.2484371667524       0.124004506       1.73351473E-05
   5644.7056443049150       0.115479447       1.65758975E-05
   5647.1628514430768       0.119784892       1.69420582E-05
   5649.6200585812385       0.120785080       1.69851191E-05
   5652.0772657194002       0.130878031       1.93055530E-05
   5654.5344728575619       0.164916530       2.22492308E-05
   5656.9916799957236       0.139473215       1.97881891E-05
   5659.4488871338863       0.122325659       1.79539529E-05
   5661.9060942720480       0.134513140       1.90791270E-05
   5664.3633014102097       0.141062349       1.93267606E-05
   5666.8205085483714       0.127399132       1.89297516E-05
   5669.2777156865332       0.151751563       2.05601373E-05
   5671.7349228246949       0.125567600       1.83002903E-05
   5674.1921299628575       0.140532494       2.05776851E-05
   5676.6493371010192       0.153520837       2.03720374E-05
   5679.1065442391809       0.118898734       1.78991068E-05
   5681.5637513773427       0.133857220       1.90373739E-05
   5684.0209585155044       0.154825419       2.18788300E-05
   5686.4781656536661       0.158575922       2.14464144E-05
   5688.9353727918278       0.135243520       2.07801477E-05
   5691.3925799299905       0.192688495       2.67157066E-05
   5693.8497870681522       0.182789803       2.47582593E-05
   5696.3069942063139       0.151484758       2.37303320E-05
   5698.7642013444756       0.220266163       3.03009056E-05
   5701.2214084826373       0.221035466       3.04044406E-05
   5703.6786156207991       0.196544945       2.88920473E-05
   5706.1358227589617       0.224845782       3.16255246E-05
   5708.5930298971234       0.220634520       3.00659267E-05
   5711.0502370352851       0.177424923       2.66837160E-05
   5713.5074441734469       0.202737272       2.79338146E-05
   5715.9646513116086       0.178761899       2.54008028E-05
   5718.4218584497703       0.174303934       2.53990456E-05
   5720.8790655879329       0.177859515       2.39835936E-05
   5723.3362727260946       0.144975394       2.20068450E-05
   5725.7934798642564       0.181846455       2.54190854E-05
   5728.2506870024181       0.190963015       2.66080733E-05
   5730.7078941405798       0.183875307       2.59759163E-05
   5733.1651012787415       0.175498515       2.50395260E-05
   5735.6223084169033       0.176789418       2.48702290E-05
   5738.0795155550659       0.173977941       2.48949545E-05
   5740.5367226932276       0.180581152       2.50353387E-05
   5742.9939298313893       0.182278991       2.73260193E-05
   5745.4511369695510       0.242326811       3.23042841E-05
   5747.9083441077128       0.183782145       2.65824383E-05
   5750.3655512458745       0.174511954       2.68678359E-05
   5752.8227583840371       0.224605545       2.97114311E-05
   5755.2799655221988       0.189784452       2.76759674E-05
   5757.7371726603606       0.190605149       2.69107804E-05
   5760.1943797985223       0.189350069       2.68723525E-05
   5762.6515869366840       0.183002114       2.53359631E-05
   5765.1087940748457       0.162036374       2.40785885E-05
   5767.5660012130083       0.200789645       2.82306464E-05
   5770.0232083511701       0.214591697       2.99110779E-05
   5772.4804154893318       0.213592529       3.01325526E-05
   5774.9376226274935       0.202068940       2.85642291E-05
   5777.3948297656552       0.193871170       2.75029652E-05
   5779.8520369038170       0.187393814       2.67938431E-05
   5782.3092440419787       0.212181762       3.08029994E-05
   5784.7664511801413       0.256256342       3.51346353E-05
   5787.2236583183030       0.234586105       3.26067529E-05
   5789.6808654564647       0.201539278       3.01163182E-05
   5792.1380725946265       0.238424599       3.28580682E-05
   5794.5952797327882       0.231583565       3.33768839E-05
   5797.0524868709508       0.268198192       3.78345067E-05
   5799.5096940091125       0.260506332       3.55025186E-05
   5801.9669011472743       0.217381790       3.28505084E-05
   5804.4241082854360       0.255637288       3.47956557E-05
   5806.8813154235977       0.215491921       3.05325339E-05
   5809.3385225617594       0.187955439       2.78091211E-05
   5811.7957296999211       0.210739523       2.94020083E-05
   5814.2529368380838       0.214174479       3.02771095E-05
   5816.7101439762455       0.211236894       2.94454676E-05
   5819.1673511144072       0.189174429       2.71697954E-05
   5821.6245582525689       0.190980732       2.72357665E-05
   5824.0817653907307       0.199264511       2.80205786E-05
   5826.5389725288924       0.209124163       2.99786698E-05
   5828.9961796670550       0.234234035       3.26660011E-05
   5831.4533868052167       0.227713123       3.16866208E-05
   5833.9105939433784       0.205799773       2.99564217E-05
   5836.3678010815402       0.226358667       3.18746206E-05
   5838.8250082197019       0.221973971       3.05657704E-05
   5841.2822153578636       0.187824741       2.75104958E-05
   5843.7394224960262       0.191876769       2.67281484E-05
   5846.1966296341880       0.168404952       2.38411667E-05
   5848.6538367723497       0.151798174       2.20961610E-05
   5851.1110439105114       0.157238200       2.18215591E-05
   5853.5682510486731       0.144075528       2.06248023E-05
   5856.0254581868348       0.152104914       2.20338552E-05
   5858.4826653249966       0.165728256       2.21476912E-05
   5860.9398724631592       0.159551874       1.83362554E-05
   5863.3970796013209       0.133751094       1.94216864E-05
   5865.8542867394826       0.148951307       2.03652035E-05
   5868.3114938776444       0.145654082       2.12025734E-05
   5870.7687010158061       0.154506803       2.08225920E-05
   5873.2259081539678       0.120665766       1.78729388E-05
   5875.6831152921304       0.123216651       1.74364213E-05
   5878.1403224302921       0.127345279       1.83124303E-05
   5880.5975295684539       0.138938576       1.88324702E-05
   5883.0547367066156       0.111740075       1.64309859E-05
   5885.5119438447773       0.105678283       1.42798544E-05
   5887.9691509829390       0.106888816       1.00454472E-05
   5890.4263581211017        7.26336017E-02   1.08070408E-05
   5892.8835652592634        8.58291984E-02   1.18308008E-05
   5895.3407723974251        9.62408110E-02   1.36615618E-05
   5897.7979795355868       0.101496644       1.45017402E-05
   5900.2551866737485       0.128784955       1.84816145E-05
   5902.7123938119103       0.138462290       1.84944602E-05
   5905.1696009500720       0.112907305       1.69787509E-05
   5907.6268080882346       0.137912437       1.97013997E-05
   5910.0840152263963       0.155620381       2.09671725E-05
   5912.5412223645581       0.126941204       1.86485668E-05
   5914.9984295027198       0.141463950       2.04878252E-05
   5917.4556366408815       0.154283822       2.07724970E-05
   5919.9128437790432       0.128542796       1.89690381E-05
   5922.3700509172058       0.131907955       1.81896739E-05
   5924.8272580553676       0.153514221       1.73489461E-05
   5927.2844651935293       0.135210142       1.88687882E-05
   5929.7416723316910       0.136619553       1.95464454E-05
   5932.1988794698527       0.154325768       2.16827102E-05
   5934.6560866080144       0.154252321       2.16127737E-05
   5937.1132937461771       0.149567768       2.11358165E-05
   5939.5705008843388       0.140948921       2.02380797E-05
   5942.0277080225005       0.163009107       2.36885262E-05
   5944.4849151606622       0.187140509       2.50955563E-05
   5946.9421222988240       0.155088663       2.26935299E-05
   5949.3993294369857       0.158059940       2.23401203E-05
   5951.8565365751474       0.155513331       2.19712674E-05
   5954.3137437133100       0.161275610       2.32795646E-05
   5956.7709508514718       0.177271664       2.42259466E-05
   5959.2281579896335       0.150405228       2.15160981E-05
   5961.6853651277952       0.147234142       2.17826600E-05
   5964.1425722659569       0.173928872       2.35808420E-05
   5966.5997794041186       0.161237225       2.36174783E-05
   5969.0569865422813       0.184868187       2.54753559E-05
   5971.5141936804430       0.169367388       2.41955313E-05
   5973.9714008186047       0.171917796       2.43425420E-05
   5976.4286079567664       0.165173590       2.33000883E-05
   5978.8858150949281       0.160472676       2.26798311E-05
   5981.3430222330899       0.153634682       2.22056642E-05
   5983.8002293712525       0.174966335       2.44469848E-05
   5986.2574365094142       0.161273941       2.23746665E-05
   5988.7146436475759       0.146383494       2.19482190E-05
   5991.1718507857377       0.182953745       2.54976731E-05
   5993.6290579238994       0.194312766       2.69140619E-05
   5996.0862650620611       0.174288899       2.47057942E-05
   5998.5434722002228       0.170198455       2.49102413E-05
   6001.0006793383855       0.187821165       2.54455808E-05
   6003.4578864765472       0.164170057       2.43124032E-05
   6005.9150936147089       0.185784340       2.53354192E-05
   6008.3723007528706       0.153564766       2.22547660E-05
   6010.8295078910323       0.160982430       2.34545168E-05
   6013.2867150291941       0.164186195       2.18537534E-05
   6015.7439221673567       0.191495448       2.10572489E-05
   6018.2011293055184       0.194012418       2.62369722E-05
   6020.6583364436801       0.184166610       2.61988262E-05
   6023.1155435818418       0.187921330       2.64358969E-05
   6025.5727507200036       0.174503922       2.47907919E-05
   6028.0299578581653       0.184854820       2.69535922E-05
   6030.4871649963279       0.203395277       2.72514189E-05
   6032.9443721344896       0.162310466       2.40722147E-05
   6035.4015792726514       0.186266348       2.72424895E-05
   6037.8587864108131       0.234116524       3.20483159E-05
   6040.3159935489748       0.224888772       3.17044869E-05
   6042.7732006871365       0.223273784       3.21171101E-05
   6045.2304078252982       0.228236124       3.12474622E-05
   6047.6876149634609       0.204678774       3.05969770E-05
   6050.1448221016226       0.252476484       3.46262605E-05
   6052.6020292397843       0.233279005       3.30650764E-05
   6055.0592363779460       0.228486210       3.25902693E-05
   6057.5164435161078       0.226597130       3.21916123E-05
   6059.9736506542704       0.246560544       3.50780865E-05
   6062.4308577924321       0.244419813       3.33673743E-05
   6064.8880649305938       0.214878276       3.23732820E-05
   6067.3452720687555       0.262433469       3.57263634E-05
   6069.8024792069173       0.240920633       3.45779335E-05
   6072.2596863450790       0.249219909       3.51633025E-05
   6074.7168934832407       0.240415812       3.38690406E-05
   6077.1741006214033       0.243528455       3.52493007E-05
   6079.6313077595651       0.272164136       3.78820405E-05
   6082.0885148977268       0.272853762       3.83709994E-05
   6084.5457220358885       0.253317446       3.55458760E-05
   6087.0029291740502       0.231678829       3.37619022E-05
   6089.4601363122119       0.250942469       3.49652400E-05
   6091.9173434503737       0.244988337       3.49208967E-05
   6094.3745505885363       0.260571688       3.69756235E-05
   6096.8317577266980       0.264047354       3.65190172E-05
   6099.2889648648597       0.245032430       3.57462086E-05
   6101.7461720030215       0.260305882       3.54842305E-05
   6104.2033791411832       0.218310311       3.20745385E-05
   6106.6605862793458       0.242748722       3.45595254E-05
   6109.1177934175075       0.254486799       3.52353600E-05
   6111.5750005556692       0.243592784       3.49524198E-05
   6114.0322076938310       0.254916281       3.60894592E-05
   6116.4894148319927       0.253476232       3.46858978E-05
   6118.9466219701544       0.200078681       2.96075141E-05
   6121.4038291083161       0.215361148       3.06955953E-05
   6123.8610362464788       0.219846547       3.05915892E-05
   6126.3182433846405       0.219104245       3.15968573E-05
   6128.7754505228022       0.226250738       3.10781797E-05
   6131.2326576609639       0.203689799       2.96348771E-05
   6133.6898647991256       0.208554626       2.88208594E-05
   6136.1470719372874       0.190506235       2.77884119E-05
   6138.6042790754491       0.208950549       2.89293439E-05
   6141.0614862136117       0.192025855       2.73838632E-05
   6143.5186933517734       0.194033906       2.76304236E-05
   6145.9759004899352       0.189101994       2.62455760E-05
   6148.4331076280969       0.171770424       2.49672685E-05
   6150.8903147662586       0.182868019       2.57390220E-05
   6153.3475219044212       0.188899696       2.66049992E-05
   6155.8047290425829       0.184615880       2.58630389E-05
   6158.2619361807447       0.169953391       2.42083697E-05
   6160.7191433189064       0.164678201       2.35267016E-05
   6163.1763504570681       0.171958387       2.43045288E-05
   6165.6335575952298       0.178224832       2.52123464E-05
   6168.0907647333916       0.186976448       2.63688707E-05
   6170.5479718715542       0.183940336       2.55852683E-05
   6173.0051790097159       0.161276728       2.30528494E-05
   6175.4623861478776       0.146409944       2.08163892E-05
   6177.9195932860393       0.146314710       2.14439588E-05
   6180.3768004242011       0.173107386       2.36612905E-05
   6182.8340075623637       0.163882986       2.37306667E-05
   6185.2912147005254       0.180398002       2.48733704E-05
   6187.7484218386871       0.154306084       2.19794620E-05
   6190.2056289768489       0.151118547       2.23297957E-05
   6192.6628361150106       0.171349943       2.31779468E-05
   6195.1200432531723       0.151480705       2.20522488E-05
   6197.5772503913340       0.161302418       2.27647943E-05
   6200.0344575294966       0.163082108       2.27884411E-05
   6202.4916646676584       0.156313390       2.24389496E-05
   6204.9488718058201       0.162542164       2.26720294E-05
   6207.4060789439818       0.152469605       2.17426114E-05
   6209.8632860821435       0.161171243       2.32400507E-05
   6212.3204932203053       0.175430417       2.39207493E-05
   6214.7777003584670       0.156959549       2.29572306E-05
   6217.2349074966296       0.169086412       2.32936709E-05
   6219.6921146347913       0.148599669       2.14299434E-05
   6222.1493217729530       0.154277027       2.19403355E-05
   6224.6065289111148       0.151729673       2.11645929E-05
   6227.0637360492765       0.155418783       2.29788257E-05
   6229.5209431874382       0.184384182       2.47480384E-05
   6231.9781503256008       0.162602618       2.40390964E-05
   6234.4353574637626       0.190915376       2.65478138E-05
   6236.8925646019243       0.176156804       2.43844024E-05
   6239.3497717400860       0.149159089       2.21618538E-05
   6241.8069788782477       0.165589347       2.30625119E-05
   6244.2641860164094       0.165876120       2.35799889E-05
   6246.7213931545721       0.176458612       2.51027814E-05
   6249.1786002927338       0.182154730       2.49938948E-05
   6251.6358074308955       0.156239256       2.27938672E-05
   6254.0930145690572       0.170544460       2.44315070E-05
   6256.5502217072190       0.185996845       2.56956082E-05
   6259.0074288453807       0.178710118       2.55786836E-05
   6261.4646359835424       0.187923953       2.66559637E-05
   6263.9218431217050       0.193835914       2.69181182E-05
   6266.3790502598667       0.181205824       2.61810001E-05
   6268.8362573980285       0.200187519       2.83570607E-05
   6271.2934645361902       0.209046409       2.90442622E-05
   6273.7506716743519       0.201108143       2.88458850E-05
   6276.2078788125136       0.211419180       2.98169452E-05
   6278.6650859506763       0.217542127       3.07410519E-05
   6281.1222930888380       0.224455073       3.18040729E-05
   6283.5795002269997       0.232645452       3.27325906E-05
   6286.0367073651614       0.235478595       3.34957622E-05
   6288.4939145033231       0.245688930       3.44381406E-05
   6290.9511216414849       0.235171854       3.31451483E-05
   6293.4083287796475       0.230037615       3.32576601E-05
   6295.8655359178092       0.252142757       3.50743321E-05
   6298.3227430559709       0.245697632       3.49382717E-05
   6300.7799501941327       0.259715378       3.72085815E-05
   6303.2371573322944       0.284842879       3.95548232E-05
   6305.6943644704561       0.278524607       3.96657306E-05
   6308.1515716086178       0.288592577       4.08239357E-05
   6310.6087787467804       0.290699273       4.07263396E-05
   6313.0659858849422       0.288964629       4.18230848E-05
   6315.5231930231039       0.329742849       4.60456722E-05
   6317.9804001612656       0.327123702       4.57072965E-05
   6320.4376072994273       0.312496245       4.50523876E-05
   6322.8948144375890       0.327774346       4.56443668E-05
   6325.3520215757508       0.310807496       4.43456956E-05
   6327.8092287139134       0.318900377       4.53530884E-05
   6330.2664358520751       0.339029968       4.80762064E-05
   6332.7236429902368       0.369274497       5.20899885E-05
   6335.1808501283986       0.380845517       5.31757869E-05
   6337.6380572665603       0.362220854       5.13996820E-05
   6340.0952644047229       0.360394299       5.17113840E-05
   6342.5524715428846       0.397942096       5.62020541E-05
   6345.0096786810464       0.414470732       5.76201383E-05
   6347.4668858192081       0.387901694       5.52548336E-05
   6349.9240929573698       0.384490669       5.47523814E-05
   6352.3813000955315       0.394113898       5.54882463E-05
   6354.8385072336932       0.392383903       5.55704755E-05
   6357.2957143718559       0.393143475       5.54572980E-05
   6359.7529215100176       0.385819644       5.46526608E-05
   6362.2101286481793       0.388066709       5.51879784E-05
   6364.6673357863410       0.400566638       5.63287249E-05
   6367.1245429245027       0.395714492       5.59066939E-05
   6369.5817500626654       0.397791773       5.68602336E-05
   6372.0389572008271       0.422039807       5.89929805E-05
   6374.4961643389888       0.400005609       5.61220586E-05
   6376.9533714771505       0.365529299       5.26400290E-05
   6379.4105786153123       0.371356040       5.23253293E-05
   6381.8677857534740       0.361406654       5.09338206E-05
   6384.3249928916357       0.354226410       5.08873018E-05
   6386.7822000297983       0.391864598       5.56050509E-05
   6389.2394071679601       0.425434947       5.92468059E-05
   6391.6966143061218       0.413944572       5.85018715E-05
   6394.1538214442835       0.403933734       5.72977078E-05
   6396.6110285824452       0.399291158       5.64612565E-05
   6399.0682357206069       0.399891257       5.69048934E-05
   6401.5254428587687       0.418482065       5.91503886E-05
   6403.9826499969313       0.431934178       6.07222864E-05
   6406.4398571350930       0.425880402       6.01134780E-05
   6408.8970642732547       0.419426590       5.96990976E-05
   6411.3542714114164       0.430588365       6.07591828E-05
   6413.8114785495782       0.426660419       5.98760234E-05
   6416.2686856877408       0.402741939       5.73479992E-05
   6418.7258928259025       0.399923384       5.67907155E-05
   6421.1830999640642       0.405027390       5.71854180E-05
   6423.6403071022260       0.412149549       5.86572969E-05
   6426.0975142403877       0.431852758       6.05125897E-05
   6428.5547213785494       0.416248262       5.85836897E-05
   6431.0119285167111       0.399827212       5.74747792E-05
   6433.4691356548738       0.420442283       5.88390867E-05
   6435.9263427930355       0.409284532       5.80531523E-05
   6438.3835499311972       0.420388579       6.00950771E-05
   6440.8407570693589       0.448204517       6.24012464E-05
   6443.2979642075206       0.423810214       5.98436054E-05
   6445.7551713456824       0.409907550       5.90910859E-05
   6448.2123784838450       0.440863669       6.15629178E-05
   6450.6695856220067       0.431857258       6.12514996E-05
   6453.1267927601684       0.435946077       6.15681347E-05
   6455.5839998983301       0.428047568       6.05000569E-05
   6458.0412070364919       0.432475328       6.17791011E-05
   6460.4984141746536       0.455487996       6.38198326E-05
   6462.9556213128162       0.456922680       6.49365611E-05
   6465.4128284509779       0.472745299       6.66544001E-05
   6467.8700355891397       0.473879576       6.67196073E-05
   6470.3272427273014       0.458379298       6.48306086E-05
   6472.7844498654631       0.445622206       6.33936943E-05
   6475.2416570036248       0.448901623       6.34228782E-05
   6477.6988641417865       0.449711531       6.37491612E-05
   6480.1560712799492       0.457930565       6.46743501E-05
   6482.6132784181109       0.465886414       6.62234670E-05
   6485.0704855562726       0.489209145       6.88135187E-05
   6487.5276926944343       0.489087611       6.90425804E-05
   6489.9848998325961       0.497921079       7.11899338E-05
   6492.4421069707587       0.546452522       7.72562125E-05
   6494.8993141089204       0.576957822       8.03614748E-05
   6497.3565212470821       0.560529709       8.03058647E-05
   6499.8137283852438       0.599639058       8.45609902E-05
   6502.2709355234056       0.612317145       8.62049856E-05
   6504.7281426615673       0.624218762       8.88841896E-05
   6507.1853497997290       0.651189923       9.13132535E-05
   6509.6425569378916       0.643551469       9.11019888E-05
   6512.0997640760534       0.651587009       9.29784946E-05
   6514.5569712142151       0.703541994       9.93206486E-05
   6517.0141783523768       0.739206553       1.04051491E-04
   6519.4713854905385       0.760416567       1.07765467E-04
   6521.9285926287002       0.803822577       1.14219511E-04
   6524.3857997668620       0.865184009       1.21331912E-04
   6526.8430069050246       0.880638242       1.24852057E-04
   6529.3002140431863       0.916317165       1.29140899E-04
   6531.7574211813480       0.930234134       1.31949753E-04
   6534.2146283195098       0.980738938       1.38866919E-04
   6536.6718354576715        1.00893927       1.41064884E-04
   6539.1290425958341       0.964612246       1.36727933E-04
   6541.5862497339958       0.930264592       1.31914829E-04
   6544.0434568721575       0.907566488       1.28438114E-04
   6546.5006640103193       0.874483645       1.23413411E-04
   6548.9578711484810       0.822847128       1.16675663E-04
   6551.4150782866427       0.803503990       1.15403738E-04
   6553.8722854248044       0.897472739       1.28238593E-04
   6556.3294925629671        1.04871666       1.47727638E-04
   6558.7866997011288        1.12818372       1.56166367E-04
   6561.2439068392905       0.999904096       1.39893906E-04
   6563.7011139774522       0.790936828       1.15199051E-04
   6566.1583211156139       0.722260594       1.03861377E-04
   6568.6155282537766       0.714349329       1.00592028E-04
   6571.0727353919374       0.691122413       9.84269936E-05
   6573.5299425301000       0.692434549       9.72909984E-05
   6575.9871496682617       0.664544821       9.45647334E-05
   6578.4443568064235       0.674870014       9.57334778E-05
   6580.9015639445852       0.697772205       9.87342719E-05
   6583.3587710827469       0.730886519       1.03067912E-04
   6585.8159782209095       0.735168934       1.03122999E-04
   6588.2731853590703       0.700705826       9.91927227E-05
   6590.7303924972330       0.673007667       9.58277669E-05
   6593.1875996353947       0.678027451       9.58883466E-05
   6595.6448067735564       0.685874462       9.72761118E-05
   6598.1020139117181       0.702143133       9.83708596E-05
   6600.5592210498799       0.678451359       9.67501255E-05
   6603.0164281880425       0.705945790       9.98083488E-05
   6605.4736353262042       0.703280210       9.83734571E-05
   6607.9308424643659       0.687625766       9.95103837E-05
   6610.3880496025276       0.762009382       1.05994695E-04
   6612.8452567406894       0.725144148       1.01627338E-04
   6615.3024638788520       0.670359671       9.69509856E-05
   6617.7596710170128       0.703568399       9.84130820E-05
   6620.2168781551754       0.666823089       9.39189267E-05
   6622.6740852933372       0.631881118       9.08554066E-05
   6625.1312924314989       0.660176039       9.28925292E-05
   6627.5884995696606       0.671583772       9.53325289E-05
   6630.0457067078223       0.684304595       9.53441340E-05
   6632.5029138459849       0.618927479       8.79853105E-05
   6634.9601209841458       0.600995660       8.68560091E-05
   6637.4173281223084       0.655246198       9.16360077E-05
   6639.8745352604701       0.663663745       9.39672900E-05
   6642.3317423986318       0.671958387       9.42978077E-05
   6644.7889495367936       0.634418070       8.95040430E-05
   6647.2461566749553       0.588184476       8.38262495E-05
   6649.7033638131179       0.569207430       8.07888064E-05
   6652.1605709512796       0.554798543       7.80173359E-05
   6654.6177780894413       0.524272323       7.50029503E-05
   6657.0749852276031       0.548499644       7.81344716E-05
   6659.5321923657648       0.594255745       8.37078405E-05
   6661.9893995039274       0.627215207       8.83806642E-05
   6664.4466066420882       0.639621794       9.00210798E-05
   6666.9038137802509       0.636046350       9.00213854E-05
   6669.3610209184126       0.642959654       9.14180200E-05
   6671.8182280565743       0.670833468       9.43042833E-05
   6674.2754351947360       0.651374042       9.12072574E-05
   6676.7326423328977       0.585602880       8.32461883E-05
   6679.1898494710604       0.534950316       7.64157448E-05
   6681.6470566092212       0.532483101       7.64190263E-05
   6684.1042637473838       0.580123007       8.15805979E-05
   6686.5614708855455       0.592804253       8.30000135E-05
   6689.0186780237073       0.570536852       8.10642305E-05
   6691.4758851618690       0.571573555       8.11382488E-05
   6693.9330923000307       0.578745663       8.13934093E-05
   6696.3902994381933       0.575511277       8.21273352E-05
   6698.8475065763550       0.606416047       8.53007368E-05
   6701.3047137145168       0.619917870       8.80719963E-05
   6703.7619208526785       0.650741279       9.12022078E-05
   6706.2191279908402       0.633598208       8.96445708E-05
   6708.6763351290019       0.628080308       8.89574148E-05
   6711.1335422671636       0.605326653       8.48803102E-05
   6713.5907494053263       0.561754286       8.06024036E-05
   6716.0479565434880       0.558570504       7.83994474E-05
   6718.5051636816497       0.529696286       7.55382134E-05
   6720.9623708198114       0.539055407       7.67263773E-05
   6723.4195779579732       0.568339884       8.01101996E-05
   6725.8767850961358       0.583820820       8.22764268E-05
   6728.3339922342975       0.587931156       8.32404185E-05
   6730.7911993724592       0.594117105       8.36643376E-05
   6733.2484065106210       0.585218132       8.31379220E-05
   6735.7056136487827       0.603041828       8.55072794E-05
   6738.1628207869444       0.619244695       8.69206488E-05
   6740.6200279251061       0.608119369       8.61207373E-05
   6743.0772350632687       0.590779126       8.29866040E-05
   6745.5344422014305       0.559801936       8.05525196E-05
   6747.9916493395922       0.604618907       8.56024126E-05
   6750.4488564777539       0.624296069       8.67487543E-05
   6752.9060636159156       0.591338754       8.50027354E-05
   6755.3632707540773       0.621533990       8.74075631E-05
   6757.8204778922391       0.628366828       8.92519020E-05
   6760.2776850304017       0.666749835       9.43734267E-05
   6762.7348921685634       0.689166605       9.64914070E-05
   6765.1920993067251       0.686361432       9.80925033E-05
   6767.6493064448869       0.724638164       1.01676960E-04
   6770.1065135830486       0.722186267       1.02141879E-04
   6772.5637207212112       0.730864108       1.03787694E-04
   6775.0209278593729       0.748906136       1.05169238E-04
   6777.4781349975347       0.714741170       1.00325189E-04
   6779.9353421356964       0.641922474       9.16847639E-05
   6782.3925492738581       0.610096037       8.68743155E-05
   6784.8497564120198       0.606607676       8.63616588E-05
   6787.3069635501815       0.635195553       8.97751961E-05
   6789.7641706883442       0.648937404       9.11580064E-05
   6792.2213778265059       0.649471462       9.26638604E-05
   6794.6785849646676       0.686691761       9.66979278E-05
   6797.1357921028293       0.702197313       9.91587440E-05
   6799.5929992409910       0.713222086       1.00681893E-04
   6802.0502063791528       0.708423913       9.98510004E-05
   6804.5074135173145       0.697657883       9.93568756E-05
   6806.9646206554771       0.719210386       1.01506463E-04
   6809.4218277936388       0.725477397       1.02292419E-04
   6811.8790349318006       0.719800711       1.01866877E-04
   6814.3362420699623       0.717663586       1.01552716E-04
   6816.7934492081240       0.724473178       1.02812490E-04
   6819.2506563462866       0.753902555       1.06776955E-04
   6821.7078634844484       0.780332088       1.09412555E-04
   6824.1650706226101       0.757710516       1.07209387E-04
   6826.6222777607718       0.755484164       1.07921434E-04
   6829.0794848989335       0.794694960       1.11572081E-04
   6831.5366920370961       0.792398036       1.11968082E-04
   6833.9938991752570       0.786614776       1.11184476E-04
   6836.4511063134196       0.788852811       1.12450834E-04
   6838.9083134515813       0.830677271       1.16687617E-04
   6841.3655205897430       0.821650803       1.15886767E-04
   6843.8227277279047       0.806586385       1.14324277E-04
   6846.2799348660665       0.783366621       1.10181420E-04
   6848.7371420042291       0.737855315       1.05164625E-04
   6851.1943491423908       0.728164256       1.03253631E-04
   6853.6515562805525       0.751093268       1.07432294E-04
   6856.1087634187143       0.830046415       1.16624346E-04
   6858.5659705568760       0.852380872       1.19419739E-04
   6861.0231776950377       0.825330317       1.16759838E-04
   6863.4803848331994       0.769497454       1.07661013E-04
   6865.9375919713621       0.667680562       9.68531676E-05
   6868.3947991095238       0.689525723       9.81696430E-05
   6870.8520062476855       0.727565229       1.02407022E-04
   6873.3092133858472       0.764542162       1.08833403E-04
   6875.7664205240089       0.831722558       1.17093907E-04
   6878.2236276621707       0.858745754       1.20022807E-04
   6880.6808348003324       0.814758480       1.15521267E-04
   6883.1380419384950       0.798284888       1.13720089E-04
   6885.5952490766567       0.813026667       1.14755247E-04
   6888.0524562148184       0.822757125       1.16484538E-04
   6890.5096633529802       0.830574691       1.17074684E-04
   6892.9668704911419       0.826919377       1.17366406E-04
   6895.4240776293036       0.832336307       1.16962699E-04
   6897.8812847674662       0.805768311       1.14674731E-04
   6900.3384919056280       0.838066578       1.19743476E-04
   6902.7956990437897       0.914298832       1.28077721E-04
   6905.2529061819514       0.920483708       1.29490567E-04
   6907.7101133201131       0.908630431       1.29485969E-04
   6910.1673204582748       0.934742391       1.31366891E-04
   6912.6245275964375       0.898235500       1.26244588E-04
   6915.0817347345992       0.839043915       1.20326484E-04
   6917.5389418727609       0.871588588       1.24092738E-04
   6919.9961490109226       0.938623786       1.32220113E-04
   6922.4533561490844       0.987964332       1.39854019E-04
   6924.9105632872470        1.04395545       1.47008293E-04
   6927.3677704254078        1.06403017       1.50042571E-04
   6929.8249775635704        1.07422209       1.52400651E-04
   6932.2821847017321        1.10406530       1.55668313E-04
   6934.7393918398939        1.09749413       1.54520312E-04
   6937.1965989780556        1.09996200       1.58435141E-04
   6939.6538061162173        1.24898708       1.76054207E-04
   6942.1110132543799        1.34803689       1.89731538E-04
   6944.5682203925408        1.40209866       1.96709661E-04
   6947.0254275307034        1.34431338       1.89010243E-04
   6949.4826346688651        1.26312184       1.81133670E-04
   6951.9398418070268        1.28115726       1.80492250E-04
   6954.3970489451885        1.26775622       1.79838811E-04
   6956.8542560833503        1.29596877       1.84076605E-04
   6959.3114632215129        1.36041236       1.92022067E-04
   6961.7686703596746        1.39802492       1.96853696E-04
   6964.2258774978363        1.39312720       1.96925728E-04
   6966.6830846359981        1.38475192       1.95883913E-04
   6969.1402917741598        1.39376271       1.98397858E-04
   6971.5974989123215        1.48158085       2.09752179E-04
   6974.0547060504832        1.54024327       2.15345353E-04
   6976.5119131886458        1.50233376       2.13974155E-04
   6978.9691203268076        1.52647769       2.14828295E-04
   6981.4263274649693        1.49382520       2.11838706E-04
   6983.8835346031310        1.49583042       2.11476654E-04
   6986.3407417412927        1.47881758       2.09159072E-04
   6988.7979488794554        1.46937394       2.07783625E-04
   6991.2551560176171        1.45005953       2.05715885E-04
   6993.7123631557788        1.49197674       2.12131577E-04
   6996.1695702939405        1.54494452       2.16170520E-04
   6998.6267774321022        1.51162040       2.15352775E-04
   7001.0839845702640        1.55533421       2.19754351E-04
   7003.5411917084257        1.60062110       2.27210228E-04
   7005.9983988465883        1.69872844       2.39919958E-04
   7008.4556059847500        1.76945269       2.49397475E-04
   7010.9128131229118        1.80401313       2.54477171E-04
   7013.3700202610735        1.80630744       2.55581224E-04
   7015.8272273992352        1.82208717       2.57421081E-04
   7018.2844345373978        1.81599188       2.56644096E-04
   7020.7416416755586        1.84174693       2.62352754E-04
   7023.1988488137213        1.97505212       2.79603031E-04
   7025.6560559518830        2.12973738       3.00371146E-04
   7028.1132630900447        2.24410200       3.16341408E-04
   7030.5704702282064        2.32331252       3.28159716E-04
   7033.0276773663682        2.37265778       3.34391952E-04
   7035.4848845045308        2.39338446       3.39776248E-04
   7037.9420916426916        2.46685433       3.47352325E-04
   7040.3992987808542        2.47197104       3.50237358E-04
   7042.8565059190159        2.51605487       3.55295342E-04
   7045.3137130571777        2.47979403       3.48204805E-04
   7047.7709201953394        2.23922706       3.13655124E-04
   7050.2281273335011        1.74473917       2.49987061E-04
   7052.6853344716637        1.28125679       1.87278914E-04
   7055.1425416098255       0.993780732       1.45098500E-04
   7057.5997487479872       0.888816118       1.28024505E-04
   7060.0569558861489       0.881695271       1.25452818E-04
   7062.5141630243106       0.932656229       1.32242625E-04
   7064.9713701624732       0.978569806       1.36946968E-04
   7067.4285773006350       0.990791321       1.41332683E-04
   7069.8857844387967        1.05777383       1.48228399E-04
   7072.3429915769584        1.06301630       1.50114560E-04
   7074.8001987151201        1.09221029       1.55655274E-04
   7077.2574058532819        1.17578709       1.65073914E-04
   7079.7146129914436        1.17410350       1.63842866E-04
   7082.1718201296062        1.07066357       1.52339373E-04
   7084.6290272677679        1.00807154       1.42765144E-04
   7087.0862344059296       0.920028031       1.29427353E-04
   7089.5434415440914       0.822550297       1.19221782E-04
   7092.0006486822531       0.848219573       1.19033168E-04
   7094.4578558204148       0.836880803       1.19389857E-04
   7096.9150629585765       0.889605522       1.25853956E-04
   7099.3722700967392       0.936907113       1.32207861E-04
   7101.8294772349009       0.962158561       1.34810805E-04
   7104.2866843730626       0.953425109       1.36533810E-04
   7106.7438915112243        1.00050294       1.39000185E-04
   7109.2010986493860        1.06156921       1.59860079E-04
   7111.6583057875478        1.06312287       1.99102986E-04
   7114.1155129257095        1.09807825       1.73002831E-04
   7116.5727200638721        1.06407928       1.58545256E-04
   7119.0299272020338        1.14056182       1.55684029E-04
   7121.4871343401956       0.991611302       1.42368750E-04
   7123.9443414783573       0.889487565       1.25908220E-04
   7126.4015486165190       0.816471100       1.17583804E-04
   7128.8587557546816       0.808402121       1.13650392E-04
   7131.3159628928424       0.791670144       1.13210059E-04
   7133.7731700310051       0.822728872       1.15954856E-04
   7136.2303771691668       0.850274622       1.20532219E-04
   7138.6875843073285       0.867880821       1.21250705E-04
   7141.1447914454911       0.838266253       1.20249402E-04
   7143.6019985836519       0.904898405       1.28202300E-04
   7146.0592057218146       0.967975080       1.35978757E-04
   7148.5164128599763       0.984560132       1.38430856E-04
   7150.9736199981380       0.977844298       1.39353433E-04
   7153.4308271362997        1.02128744       1.43431753E-04
   7155.8880342744615        1.00225306       1.41616547E-04
   7158.3452414126241       0.980943739       1.38412302E-04
   7160.8024485507858       0.933299005       1.32559493E-04
   7163.2596556889475       0.925821185       1.31382025E-04
   7165.7168628271093       0.929867327       1.31836961E-04
   7168.1740699652710       0.967914701       1.37004114E-04
   7170.6312771034327       0.985674679       1.38432137E-04
   7173.0884842415944       0.998178601       1.43113532E-04
   7175.5456913797570        1.08550560       1.51973538E-04
   7178.0028985179188        1.10428989       1.56527443E-04
   7180.4601056560805        1.14399898       1.61174001E-04
   7182.9173127942422        1.13701427       1.60259704E-04
   7185.3745199324039        1.14231586       1.63673569E-04
   7187.8317270705656        1.22207940       1.70622487E-04
   7190.2889342087274        1.18139362       1.66824713E-04
   7192.7461413468900        1.13121915       1.60326119E-04
   7195.2033484850517        1.08671021       1.54183479E-04
   7197.6605556232134        1.06515968       1.50792490E-04
   7200.1177627613752        1.04396117       1.48074600E-04
   7202.5749698995369        1.06098235       1.50916472E-04
   7205.0321770376986        1.12026572       1.58463969E-04
   7207.4893841758603        1.18093848       1.66428945E-04
   7209.9465913140230        1.21594644       1.71957159E-04
   7212.4037984521847        1.25601220       1.77467955E-04
   7214.8610055903464        1.31044960       1.86462974E-04
   7217.3182127285090        1.38860643       1.93493004E-04
   7219.7754198666698        1.35778964       1.94872177E-04
   7222.2326270048325        1.46706700       2.05622942E-04
   7224.6898341429942        1.44670260       2.04266442E-04
   7227.1470412811559        1.43937302       2.03818956E-04
   7229.6042484193176        1.40594804       1.98619760E-04
   7232.0614555574793        1.40903437       2.01277784E-04
   7234.5186626956420        1.50002337       2.12526895E-04
   7236.9758698338028        1.61379111       2.26505246E-04
   7239.4330769719654        1.60880792       2.26726101E-04
   7241.8902841101271        1.66009641       2.39413479E-04
   7244.3474912482889        1.86557114       2.59096472E-04
   7246.8046983864506        1.84829330       2.62231682E-04
   7249.2619055246123        1.89272726       2.67699943E-04
   7251.7191126627749        1.92447138       2.72257195E-04
   7254.1763198009367        2.01217318       2.86657916E-04
   7256.6335269390984        2.17123079       3.04802466E-04
   7259.0907340772601        2.19548440       3.08506074E-04
   7261.5479412154218        2.16537929       3.09358846E-04
   7264.0051483535835        2.29246140       3.23439221E-04
   7266.4623554917453        2.31857967       3.24921450E-04
   7268.9195626299079        2.19626379       3.10967211E-04
   7271.3767697680696        2.10897470       3.01640073E-04
   7273.8339769062313        2.18797803       3.09326831E-04
   7276.2911840443930        2.26469493       3.21486150E-04
   7278.7483911825548        2.42581367       3.42561805E-04
   7281.2055983207165        2.51282430       3.53075098E-04
   7283.6628054588782        2.52215910       3.57596000E-04
   7286.1200125970408        2.56239557       3.62083316E-04
   7288.5772197352026        2.61841369       3.71610367E-04
   7291.0344268733643        2.76201653       3.91683629E-04
   7293.4916340115260        2.97008848       4.19423479E-04
   7295.9488411496877        3.13555646       4.41805838E-04
   7298.4060482878504        3.21535850       4.53113666E-04
   7300.8632554260121        3.23849988       4.59491974E-04
   7303.3204625641738        3.36976528       4.77590336E-04
   7305.7776697023355        3.53021550       4.97541216E-04
   7308.2348768404972        3.61475801       5.10699756E-04
   7310.6920839786590        3.68285036       5.20769216E-04
   7313.1492911168207        3.76200247       5.32749691E-04
   7315.6064982549833        3.94242191       5.60674991E-04
   7318.0637053931450        4.19994783       5.87312039E-04
   7320.5209125313067        4.14038754       5.87345392E-04
   7322.9781196694685        4.19438601       5.92665572E-04
   7325.4353268076302        4.17087078       5.89778763E-04
   7327.8925339457928        4.22959089       6.01667038E-04
   7330.3497410839536        4.39941835       6.19555707E-04
   7332.8069482221163        4.53348923       6.45101652E-04
   7335.2641553602780        4.81404161       6.76025753E-04
   7337.7213624984397        4.80355978       6.76052296E-04
   7340.1785696366014        4.64052677       6.57371362E-04
   7342.6357767747631        4.52236938       6.41845691E-04
   7345.0929839129258        4.53590727       6.43270847E-04
   7347.5501910510866        4.58003521       6.45199616E-04
   7350.0073981892492        4.56140518       6.48906804E-04
   7352.4646053274109        4.67089462       6.56113669E-04
   7354.9218124655727        4.63588572       6.61765924E-04
   7357.3790196037344        4.91049623       6.90977206E-04
   7359.8362267418961        5.00647020       7.09928514E-04
   7362.2934338800587        5.27671671       7.45182333E-04
   7364.7506410182204        5.37706470       7.55889341E-04
   7367.2078481563822        5.33087254       7.55080895E-04
   7369.6650552945439        5.24637604       7.39327224E-04
   7372.1222624327056        5.09778547       7.25190504E-04
   7374.5794695708682        5.14913130       7.29564170E-04
   7377.0366767090300        5.27920961       7.45745201E-04
   7379.4938838471917        5.33994722       7.53656321E-04
   7381.9510909853534        5.34777212       7.56444409E-04
   7384.4082981235151        5.36269665       7.59128889E-04
   7386.8655052616768        5.40794754       7.63504999E-04
   7389.3227123998386        5.34812355       7.55012559E-04
   7391.7799195380012        5.22749472       7.40116637E-04
   7394.2371266761629        5.16932106       7.34520378E-04
   7396.6943338143246        5.28171444       7.45753467E-04
   7399.1515409524864        5.26279974       7.41081312E-04
   7401.6087480906481        5.16014767       7.34049012E-04
   7404.0659552288098        5.23502445       7.38161674E-04
   7406.5231623669715        5.20919037       7.37712428E-04
   7408.9803695051341        5.26191378       7.44705845E-04
   7411.4375766432959        5.27894115       7.42892036E-04
   7413.8947837814576        5.10700035       7.22734723E-04
   7416.3519909196193        4.99801111       7.10958091E-04
   7418.8091980577810        5.08099937       7.17731018E-04
   7421.2664051959437        5.14095306       7.28492159E-04
   7423.7236123341045        5.30338669       7.49322760E-04
   7426.1808194722671        5.37207603       7.56075024E-04
   7428.6380266104288        5.28368855       7.47640035E-04
   7431.0952337485905        5.16952944       7.30000960E-04
   7433.5524408867523        5.03690910       7.15989794E-04
   7436.0096480249140        5.04205036       7.11077533E-04
   7438.4668551630766        4.95768738       7.03068858E-04
   7440.9240623012374        4.95875120       7.00112141E-04
   7443.3812694394001        4.92454720       6.99604920E-04
   7445.8384765775618        5.04205370       7.10364606E-04
   7448.2956837157235        4.99293947       7.06320978E-04
   7450.7528908538861        5.02056313       7.11525092E-04
   7453.2100979920478        5.06715584       7.15090311E-04
   7455.6673051302096        5.10059214       7.22943863E-04
   7458.1245122683713        5.17102718       7.29459163E-04
   7460.5817194065330        5.18530655       7.33990921E-04
   7463.0389265446947        5.21538973       7.36979127E-04
   7465.4961336828565        5.24743271       7.43024517E-04
   7467.9533408210191        5.27432060       7.42749718E-04
   7470.4105479591808        5.17846298       7.35327543E-04
   7472.8677550973425        5.25467205       7.43847224E-04
   7475.3249622355042        5.31237793       7.48627295E-04
   7477.7821693736660        5.32035685       7.56655820E-04
   7480.2393765118277        5.51788998       7.77755165E-04
   7482.6965836499894        5.58526468       7.89501064E-04
   7485.1537907881520        5.61168146       7.90502003E-04
   7487.6109979263138        5.49100018       7.79180846E-04
   7490.0682050644755        5.54130793       7.84794334E-04
   7492.5254122026372        5.59374905       7.89668062E-04
   7494.9826193407989        5.67043209       8.05740303E-04
   7497.4398264789606        5.88585329       8.28844961E-04
   7499.8970336171224        5.93077087       8.37602187E-04
   7502.3542407552850        5.88754272       8.30896664E-04
   7504.8114478934467        5.83737421       8.31233745E-04
   7507.2686550316084        6.00688982       8.44201539E-04
   7509.7258621697702        5.90661526       8.37190019E-04
   7512.1830693079319        5.92009020       8.36469640E-04
   7514.6402764460936        5.82908583       8.23962386E-04
   7517.0974835842553        5.78153133       8.20419926E-04
   7519.5546907224179        5.82315636       8.22722097E-04
   7522.0118978605797        5.84805584       8.26987321E-04
   7524.4691049987414        5.90880728       8.38961045E-04
   7526.9263121369040        6.13323498       8.64118862E-04
   7529.3835192750648        6.18921089       8.75987811E-04
   7531.8407264132275        6.32633591       8.93616932E-04
   7534.2979335513892        6.40281057       9.06799280E-04
   7536.7551406895509        6.58253813       9.28812369E-04
   7539.2123478277126        6.58212423       9.28649097E-04
   7541.6695549658743        6.55048466       9.28602356E-04
   7544.1267621040370        6.54164791       9.22262494E-04
   7546.5839692421978        6.43313313       9.12093034E-04
   7549.0411763803604        6.47036266       9.18333943E-04
   7551.4983835185221        6.65435839       9.37545148E-04
   7553.9555906566839        6.64459610       9.39424266E-04
   7556.4127977948456        6.69136667       9.47766006E-04
   7558.8700049330073        6.71197891       9.43880703E-04
   7561.3272120711699        6.49875641       9.21161496E-04
   7563.7844192093316        6.40528107       9.08166170E-04
   7566.2416263474934        6.41275692       9.06396133E-04
   7568.6988334856551        6.45714378       9.16882593E-04
   7571.1560406238168        6.67840815       9.41110542E-04
   7573.6132477619785        6.71568918       9.48657631E-04
   7576.0704549001402        6.79399776       9.63913975E-04
   7578.5276620383029        6.95836258       9.79276258E-04
   7580.9848691764637        6.76833773       9.49847978E-04
   7583.4420763146263        6.07864475       8.59059859E-04
   7585.8992834527880        5.22302723       7.44739897E-04
   7588.3564905909498        4.47242546       6.38711208E-04
   7590.8136977291124        3.91013479       5.59556298E-04
   7593.2709048672732        3.45186543       4.85009485E-04
   7595.7281120054358        2.72090411       3.92472255E-04
   7598.1853191435976        2.24321961       3.23829008E-04
   7600.6425262817593        2.03777146       2.93101155E-04
   7603.0997334199219        2.10961676       2.99848209E-04
   7605.5569405580827        2.30710769       3.29201197E-04
   7608.0141476962453        2.77718997       3.95887531E-04
   7610.4713548344071        3.37061787       4.74799192E-04
   7612.9285619725688        3.93509698       5.55719249E-04
   7615.3857691107305        4.35912991       6.06943096E-04
   7617.8429762488922        4.24320459       5.92600671E-04
   7620.3001833870549        3.64752316       5.14248153E-04
   7622.7573905252157        2.86879277       4.15094721E-04
   7625.2145976633783        2.42055345       3.49192152E-04
   7627.6718048015400        2.24565339       3.20775056E-04
   7630.1290119397017        2.21876097       3.14605510E-04
   7632.5862190778635        2.21143150       3.12277465E-04
   7635.0434262160252        2.20364833       3.12620425E-04
   7637.5006333541878        2.22380781       3.13427357E-04
   7639.9578404923486        2.19812751       3.11213051E-04
   7642.4150476305113        2.16842365       3.05362511E-04
   7644.8722547686730        2.07170391       2.93942023E-04
   7647.3294619068347        2.03093314       2.88084731E-04
   7649.7866690449964        1.98472142       2.78409949E-04
   7652.2438761831581        1.80509353       2.55415827E-04
   7654.7010833213208        1.60196018       2.27422875E-04
   7657.1582904594816        1.39822984       1.98575319E-04
   7659.6154975976442        1.21840453       1.74787201E-04
   7662.0727047358059        1.16320562       1.66453741E-04
   7664.5299118739676        1.22562468       1.74862682E-04
   7666.9871190121294        1.39868224       1.98990761E-04
   7669.4443261502911        1.61500275       2.26604665E-04
   7671.9015332884537        1.74883223       2.46660813E-04
   7674.3587404266145        1.87819183       2.65543582E-04
   7676.8159475647772        1.99239373       2.80047796E-04
   7679.2731547029389        2.03236389       2.87091738E-04
   7681.7303618411006        2.05098891       2.89153308E-04
   7684.1875689792632        2.02660871       2.87004979E-04
   7686.6447761174240        1.98571968       2.78769265E-04
   7689.1019832555867        1.78564155       2.52019643E-04
   7691.5591903937484        1.54052496       2.21063849E-04
   7694.0163975319101        1.39981341       1.99029848E-04
   7696.4736046700727        1.32017481       1.90078703E-04
   7698.9308118082336        1.46797585       2.11739505E-04
   7701.3880189463962        1.78448176       2.50177429E-04
   7703.8452260845579        1.97458875       2.78310821E-04
   7706.3024332227196        2.15883088       3.05458670E-04
   7708.7596403608813        2.30805373       3.23053915E-04
   7711.2168474990431        2.35546684       3.36109020E-04
   7713.6740546372057        2.56576729       3.61596612E-04
   7716.1312617753665        2.66963196       3.75075120E-04
   7718.5884689135291        2.74019599       3.91239533E-04
   7721.0456760516909        2.96291137       4.15812421E-04
   7723.5028831898526        3.03520036       4.29693551E-04
   7725.9600903280143        3.18994427       4.52705513E-04
   7728.4172974661760        3.37995958       4.75047971E-04
   7730.8745046043387        3.45230055       4.88866121E-04
   7733.3317117424995        3.54534912       5.00017544E-04
   7735.7889188806621        3.55673027       5.02607261E-04
   7738.2461260188238        3.52122855       4.96406923E-04
   7740.7033331569855        3.34921336       4.72756190E-04
   7743.1605402951473        3.14338088       4.48336068E-04
   7745.6177474333090        3.07501984       4.34230082E-04
   7748.0749545714716        2.95429945       4.19215707E-04
   7750.5321617096324        2.93100142       4.16978932E-04
   7752.9893688477950        3.00020194       4.23084595E-04
   7755.4465759859568        3.04729009       4.32936649E-04
   7757.9037831241185        3.19575381       4.50777705E-04
   7760.3609902622811        3.27369714       4.61799325E-04
   7762.8181974004419        3.34071779       4.73940570E-04
   7765.2754045386046        3.48003960       4.91156243E-04
   7767.7326116767663        3.56386805       5.02691371E-04
   7770.1898188149280        3.59212708       5.07964811E-04
   7772.6470259530906        3.59979987       5.07582270E-04
   7775.1042330912514        3.52433825       4.99012298E-04
   7777.5614402294141        3.49794197       4.96213499E-04
   7780.0186473675749        3.49970269       4.92840190E-04
   7782.4758545057375        3.42707086       4.87382000E-04
   7784.9330616438992        3.50695348       4.96650115E-04
   7787.3902687820610        3.58925748       5.05817065E-04
   7789.8474759202236        3.58113837       5.05710894E-04
   7792.3046830583844        3.53433967       5.00443392E-04
   7794.7618901965470        3.52019215       4.98069508E-04
   7797.2190973347087        3.54087758       5.02997485E-04
   7799.6763044728705        3.76696420       5.37157059E-04
   7802.1335116110322        4.20809698       5.93090022E-04
   7804.5907187491939        4.53714037       6.39007252E-04
   7807.0479258873565        4.76346779       6.72214839E-04
   7809.5051330255174        4.87961292       6.85985899E-04
   7811.9623401636800        4.82778835       6.84918719E-04
   7814.4195473018417        4.87110424       6.87346328E-04
   7816.8767544400034        4.73750544       6.66015199E-04
   7819.3339615781651        4.40616274       6.26760651E-04
   7821.7911687163269        4.24853802       6.04620087E-04
   7824.2483758544895        4.20343447       5.92142518E-04
   7826.7055829926503        4.07791376       5.81361528E-04
   7829.1627901308129        4.19580603       5.93050907E-04
   7831.6199972689747        4.27012110       6.03747088E-04
   7834.0772044071364        4.40872765       6.25006622E-04
   7836.5344115452981        4.55540228       6.40307786E-04
   7838.9916186834598        4.57392120       6.49452617E-04
   7841.4488258216224        4.72007036       6.66390930E-04
   7843.9060329597842        4.79713678       6.77104341E-04
   7846.3632400979459        4.83014822       6.83246180E-04
   7848.8204472361076        4.82990313       6.80428813E-04
   7851.2776543742693        4.76085281       6.78142591E-04
   7853.7348615124320        4.92947626       6.95029390E-04
   7856.1920686505928        4.88409662       6.85688807E-04
   7858.6492757887554        4.67338371       6.66852400E-04
   7861.1064829269171        4.69172764       6.60466030E-04
   7863.5636900650788        4.50711966       6.37234596E-04
   7866.0208972032406        4.41027498       6.31078728E-04
   7868.4781043414023        4.62792540       6.50852046E-04
   7870.9353114795649        4.65459585       6.58062694E-04
   7873.3925186177257        4.78704119       6.81653677E-04
   7875.8497257558884        5.12053871       7.20996177E-04
   7878.3069328940501        5.34762526       7.56834575E-04
   7880.7641400322118        5.57284212       7.83076510E-04
   7883.2213471703744        5.58537340       7.91926985E-04
   7885.6785543085352        5.69919014       8.02988012E-04
   7888.1357614466979        5.59124756       7.89142970E-04
   7890.5929685848587        5.44237804       7.71514664E-04
   7893.0501757230213        5.25822067       7.40322226E-04
   7895.5073828611830        4.99079132       7.13882095E-04
   7897.9645899993448        5.07887506       7.16788985E-04
   7900.4217971375074        5.05127287       7.13571382E-04
   7902.8790042756682        4.99945688       7.07142346E-04
   7905.3362114138308        4.83474684       6.79010351E-04
   7907.7934185519925        4.47818184       6.40165410E-04
   7910.2506256901543        4.48804617       6.38466096E-04
   7912.7078328283160        4.65596437       6.57472585E-04
   7915.1650399664777        4.77064753       6.72221824E-04
   7917.6222471046403        4.76605988       6.74204261E-04
   7920.0794542428021        4.88127375       6.95482770E-04
   7922.5366613809638        5.20866060       7.31770182E-04
   7924.9938685191255        5.29468012       7.47657381E-04
   7927.4510756572872        5.41297436       7.68185302E-04
   7929.9082827954498        5.62457085       7.91586353E-04
   7932.3654899336107        5.60349512       7.89315207E-04
   7934.8226970717733        5.39754200       7.62622280E-04
   7937.2799042099350        5.06953478       7.15994975E-04
   7939.7371113480967        4.73045206       6.77471631E-04
   7942.1943184862585        4.77692175       6.74558280E-04
   7944.6515256244202        4.75880861       6.75151008E-04
   7947.1087327625828        5.02871370       7.19111005E-04
   7949.5659399007436        5.57770777       7.80799426E-04
   7952.0231470389062        5.71720982       8.05250369E-04
   7954.4803541770680        5.67037010       7.98718247E-04
   7956.9375613152297        5.50310612       7.82604911E-04
   7959.3947684533914        5.61907673       7.98434718E-04
   7961.8519755915531        5.93037939       8.38912209E-04
   7964.3091827297158        6.22746754       8.75441823E-04
   7966.7663898678766        6.24839973       8.83061381E-04
   7969.2235970060392        6.27970266       8.87712114E-04
   7971.6808041442009        6.10444403       8.55389342E-04
   7974.1380112823626        5.65237761       8.11159029E-04
   7976.5952184205253        5.67270947       7.97626446E-04
   7979.0524255586861        5.43372869       7.72634870E-04
   7981.5096326968487        5.44481468       7.71402789E-04
   7983.9668398350095        5.42752838       7.66579527E-04
   7986.4240469731722        5.48323345       7.80308619E-04
   7988.8812541113339        5.69506693       8.01744871E-04
   7991.3384612494956        5.80361319       8.22850619E-04
   7993.7956683876582        5.98568535       8.44069524E-04
   7996.2528755258199        6.12807131       8.70191958E-04
   7998.7100826639817        6.43037319       9.05730587E-04
   8001.1672898021434        6.54281998       9.24695341E-04
   8003.6244969403051        6.76297188       9.61799175E-04
   8006.0817040784677        7.14987326       1.00284989E-03
   8008.5389112166285        7.15586710       1.01351982E-03
   8010.9961183547912        7.31493568       1.03614072E-03
   8013.4533254929529        7.50422287       1.05900655E-03
   8015.9105326311146        7.67901421       1.08931214E-03
   8018.3677397692763        7.95121717       1.11924496E-03
   8020.8249469074381        8.04083729       1.14097970E-03
   8023.2821540456007        8.35742188       1.18138827E-03
   8025.7393611837615        8.72859287       1.23903027E-03
   8028.1965683219241        9.34354401       1.31577079E-03
   8030.6537754600859        9.56428337      -1.34069950E-03
   8033.1109825982476        0.00000000      -1.00000000    
