   5529.2169088113069        0.00000000      -1.00000000    
   5531.6741159494686        4.13064361E-02  -5.54021881E-06
   5534.1313230876303        3.35940570E-02   5.03202909E-06
   5536.5885302257930        4.04902697E-02   5.84935606E-06
   5539.0457373639547        4.59996648E-02   6.21851859E-06
   5541.5029445021164        4.23698910E-02   6.21976915E-06
   5543.9601516402781        4.32310849E-02   5.70726752E-06
   5546.4173587784398        2.75666974E-02   4.34355388E-06
   5548.8745659166016        3.01224850E-02   4.56356247E-06
   5551.3317730547642        5.06601036E-02   7.80164828E-06
   5553.7889801929259        8.03097934E-02   1.01982723E-05
   5556.2461873310876        5.93038313E-02   9.07706089E-06
   5558.7033944692494        7.17127845E-02   1.06102825E-05
   5561.1606016074111        9.12552625E-02   1.25861934E-05
   5563.6178087455728       0.100932539       1.41821711E-05
   5566.0750158837354        9.39343572E-02   1.27839294E-05
   5568.5322230218972        7.10400864E-02   1.10663059E-05
   5570.9894301600589        8.91147852E-02   1.23709679E-05
   5573.4466372982206       0.100651160       1.46477187E-05
   5575.9038444363823       0.125955835       1.72631317E-05
   5578.3610515745440       0.123068690       1.73966218E-05
   5580.8182587127058       0.124183849       1.78212813E-05
   5583.2754658508684       0.130514741       1.81060950E-05
   5585.7326729890301       0.127453089       1.85091794E-05
   5588.1898801271918       0.142874405       1.98962589E-05
   5590.6470872653535       0.146502957       2.09495538E-05
   5593.1042944035153       0.163453192       2.31736030E-05
   5595.5615015416770       0.172287777       2.35131356E-05
   5598.0187086798396       0.143469229       2.07562152E-05
   5600.4759158180013       0.135531679       1.95849207E-05
   5602.9331229561631       0.142037213       1.98591679E-05
   5605.3903300943248       0.144921318       2.10279741E-05
   5607.8475372324865       0.166949376       2.30249261E-05
   5610.3047443706482       0.159726977       2.25492513E-05
   5612.7619515088109       0.154476568       2.22485360E-05
   5615.2191586469726       0.164289460       2.29390243E-05
   5617.6763657851343       0.152715638       2.10284252E-05
   5620.1335729232960       0.120662615       1.83038519E-05
   5622.5907800614577       0.143478528       2.00914146E-05
   5625.0479871996195       0.145015150       2.01499333E-05
   5627.5051943377821       0.138356805       2.00285085E-05
   5629.9624014759438       0.139477611       1.89770981E-05
   5632.4196086141055       0.117424235       1.76991380E-05
   5634.8768157522672       0.139854670       1.93356591E-05
   5637.3340228904290       0.140629843       1.99080150E-05
   5639.7912300285907       0.141430870       1.97608788E-05
   5642.2484371667524       0.132489756       1.91330291E-05
   5644.7056443049150       0.145043597       2.05367305E-05
   5647.1628514430768       0.146727458       2.01455769E-05
   5649.6200585812385       0.130501255       1.93469477E-05
   5652.0772657194002       0.150129825       2.07612866E-05
   5654.5344728575619       0.142371610       1.98420894E-05
   5656.9916799957236       0.134317741       2.04274529E-05
   5659.4488871338863       0.182304800       2.47409498E-05
   5661.9060942720480       0.171400920       2.39784604E-05
   5664.3633014102097       0.151244596       2.18115601E-05
   5666.8205085483714       0.143382981       2.02269148E-05
   5669.2777156865332       0.139426664       2.02032606E-05
   5671.7349228246949       0.148732156       2.04816042E-05
   5674.1921299628575       0.136214718       1.95087305E-05
   5676.6493371010192       0.135131001       1.93947126E-05
   5679.1065442391809       0.152673423       2.19055164E-05
   5681.5637513773427       0.172663912       2.34834424E-05
   5684.0209585155044       0.158762470       2.32575367E-05
   5686.4781656536661       0.180412680       2.51535366E-05
   5688.9353727918278       0.179410458       2.52168720E-05
   5691.3925799299905       0.173940927       2.46640393E-05
   5693.8497870681522       0.169469669       2.41454054E-05
   5696.3069942063139       0.177795857       2.53579601E-05
   5698.7642013444756       0.195239022       2.77031249E-05
   5701.2214084826373       0.209647641       2.86350387E-05
   5703.6786156207991       0.184311315       2.72167799E-05
   5706.1358227589617       0.217677265       3.08361414E-05
   5708.5930298971234       0.224707156       3.05356443E-05
   5711.0502370352851       0.188691005       2.78861007E-05
   5713.5074441734469       0.192138180       2.64346345E-05
   5715.9646513116086       0.172096536       2.52924001E-05
   5718.4218584497703       0.187569618       2.58976379E-05
   5720.8790655879329       0.175181955       2.50715584E-05
   5723.3362727260946       0.177852884       2.52911395E-05
   5725.7934798642564       0.187576100       2.67347059E-05
   5728.2506870024181       0.201833546       2.77397739E-05
   5730.7078941405798       0.181045070       2.62256162E-05
   5733.1651012787415       0.192147255       2.72589750E-05
   5735.6223084169033       0.195934102       2.72831530E-05
   5738.0795155550659       0.182303384       2.57501379E-05
   5740.5367226932276       0.168590799       2.45489719E-05
   5742.9939298313893       0.189938292       2.67326868E-05
   5745.4511369695510       0.203408718       2.91367360E-05
   5747.9083441077128       0.234960675       3.25512301E-05
   5750.3655512458745       0.227199316       3.21441439E-05
   5752.8227583840371       0.224432170       3.17330159E-05
   5755.2799655221988       0.216718003       3.09776260E-05
   5757.7371726603606       0.225908622       3.15300858E-05
   5760.1943797985223       0.206536427       2.93562753E-05
   5762.6515869366840       0.198066205       2.82275578E-05
   5765.1087940748457       0.188586965       2.66950974E-05
   5767.5660012130083       0.190349534       2.73512869E-05
   5770.0232083511701       0.192093343       2.63302354E-05
   5772.4804154893318       0.173829094       2.60673078E-05
   5774.9376226274935       0.211206451       2.89103791E-05
   5777.3948297656552       0.203321189       2.87153089E-05
   5779.8520369038170       0.201527596       2.92830646E-05
   5782.3092440419787       0.229297489       3.17294471E-05
   5784.7664511801413       0.225196153       3.19880055E-05
   5787.2236583183030       0.232629925       3.30671464E-05
   5789.6808654564647       0.237072915       3.28173810E-05
   5792.1380725946265       0.221092090       3.23301319E-05
   5794.5952797327882       0.247347310       3.43475695E-05
   5797.0524868709508       0.249928743       3.59370715E-05
   5799.5096940091125       0.277433097       3.85133681E-05
   5801.9669011472743       0.266247243       3.77511533E-05
   5804.4241082854360       0.270937890       3.90093192E-05
   5806.8813154235977       0.290254444       3.99861492E-05
   5809.3385225617594       0.264196515       3.74897863E-05
   5811.7957296999211       0.234147325       3.31145566E-05
   5814.2529368380838       0.201320887       2.89035634E-05
   5816.7101439762455       0.182458296       2.61299792E-05
   5819.1673511144072       0.184482262       2.67532705E-05
   5821.6245582525689       0.211341530       2.93334997E-05
   5824.0817653907307       0.208407000       2.91217766E-05
   5826.5389725288924       0.195143878       2.82446308E-05
   5828.9961796670550       0.211576283       2.97766892E-05
   5831.4533868052167       0.214963302       2.99609819E-05
   5833.9105939433784       0.207519054       3.00897318E-05
   5836.3678010815402       0.228401169       3.16694277E-05
   5838.8250082197019       0.221987650       3.15689431E-05
   5841.2822153578636       0.217546567       3.01009313E-05
   5843.7394224960262       0.182553530       2.65799117E-05
   5846.1966296341880       0.184845373       2.64587834E-05
   5848.6538367723497       0.182341859       2.48169508E-05
   5851.1110439105114       0.148173317       2.23648167E-05
   5853.5682510486731       0.170146570       2.35880707E-05
   5856.0254581868348       0.175893426       2.52787850E-05
   5858.4826653249966       0.191066876       2.60246834E-05
   5860.9398724631592       0.165174931       2.40686295E-05
   5863.3970796013209       0.166047156       2.29990255E-05
   5865.8542867394826       0.146723673       2.16250482E-05
   5868.3114938776444       0.173106819       2.45099400E-05
   5870.7687010158061       0.174323887       2.35926145E-05
   5873.2259081539678       0.137415528       2.05926117E-05
   5875.6831152921304       0.146947965       2.07073645E-05
   5878.1403224302921       0.148224086       2.02382380E-05
   5880.5975295684539       0.115845807       1.71109787E-05
   5883.0547367066156       0.119071178       1.73194258E-05
   5885.5119438447773       0.129797459       1.76030208E-05
   5887.9691509829390       0.109907478       1.58112161E-05
   5890.4263581211017       0.100377314       1.44982159E-05
   5892.8835652592634       0.101503298       1.39865697E-05
   5895.3407723974251        8.96146074E-02   1.33617332E-05
   5897.7979795355868       0.110955857       1.54811005E-05
   5900.2551866737485       0.110280953       1.52624834E-05
   5902.7123938119103       0.107023962       1.60891013E-05
   5905.1696009500720       0.136953264       1.87631613E-05
   5907.6268080882346       0.146110371       2.10702055E-05
   5910.0840152263963       0.166264042       2.26326229E-05
   5912.5412223645581       0.140783221       1.98800280E-05
   5914.9984295027198       0.118181169       1.79167400E-05
   5917.4556366408815       0.142043665       1.93951782E-05
   5919.9128437790432       0.140032008       2.04998705E-05
   5922.3700509172058       0.174042463       2.45754109E-05
   5924.8272580553676       0.186082572       2.52486807E-05
   5927.2844651935293       0.162173018       2.41139787E-05
   5929.7416723316910       0.187159970       2.59315457E-05
   5932.1988794698527       0.172920004       2.36651358E-05
   5934.6560866080144       0.126476347       1.93474916E-05
   5937.1132937461771       0.140079036       1.95929606E-05
   5939.5705008843388       0.138252065       1.95225821E-05
   5942.0277080225005       0.145840794       2.14345455E-05
   5944.4849151606622       0.177255213       2.40864047E-05
   5946.9421222988240       0.164537460       2.33666324E-05
   5949.3993294369857       0.161448389       2.34196159E-05
   5951.8565365751474       0.179907635       2.49200657E-05
   5954.3137437133100       0.174175516       2.46560776E-05
   5956.7709508514718       0.168706194       2.38026587E-05
   5959.2281579896335       0.161072850       2.30420173E-05
   5961.6853651277952       0.167303175       2.37527966E-05
   5964.1425722659569       0.174844116       2.45214560E-05
   5966.5997794041186       0.169616699       2.36125397E-05
   5969.0569865422813       0.151050985       2.20853672E-05
   5971.5141936804430       0.168780193       2.40020545E-05
   5973.9714008186047       0.183451310       2.54922215E-05
   5976.4286079567664       0.181318775       2.56905150E-05
   5978.8858150949281       0.177535549       2.49939476E-05
   5981.3430222330899       0.170354173       2.41964317E-05
   5983.8002293712525       0.164041102       2.31326976E-05
   5986.2574365094142       0.160181925       2.31844406E-05
   5988.7146436475759       0.180655181       2.54862425E-05
   5991.1718507857377       0.190978214       2.63309048E-05
   5993.6290579238994       0.173113629       2.48976503E-05
   5996.0862650620611       0.175812602       2.50070952E-05
   5998.5434722002228       0.180306658       2.53069175E-05
   6001.0006793383855       0.181401089       2.58563487E-05
   6003.4578864765472       0.177398652       2.41385205E-05
   6005.9150936147089       0.144105196       2.21456248E-05
   6008.3723007528706       0.185880005       2.56364365E-05
   6010.8295078910323       0.187355787       2.64050741E-05
   6013.2867150291941       0.188539252       2.66053303E-05
   6015.7439221673567       0.186063275       2.67895466E-05
   6018.2011293055184       0.210273817       2.94264628E-05
   6020.6583364436801       0.198137373       2.72209345E-05
   6023.1155435818418       0.161936030       2.45074498E-05
   6025.5727507200036       0.188442007       2.60799497E-05
   6028.0299578581653       0.190808684       2.70031105E-05
   6030.4871649963279       0.194048822       2.74980121E-05
   6032.9443721344896       0.202947453       2.88868814E-05
   6035.4015792726514       0.222314879       3.14480567E-05
   6037.8587864108131       0.231733799       3.18524581E-05
   6040.3159935489748       0.206534833       3.01294294E-05
   6042.7732006871365       0.222942442       3.13935452E-05
   6045.2304078252982       0.228410125       3.22552442E-05
   6047.6876149634609       0.236523002       3.34822216E-05
   6050.1448221016226       0.238012806       3.32769087E-05
   6052.6020292397843       0.232157826       3.36474113E-05
   6055.0592363779460       0.262030393       3.68470282E-05
   6057.5164435161078       0.269024372       3.68875735E-05
   6059.9736506542704       0.232625395       3.42422136E-05
   6062.4308577924321       0.256687343       3.60195700E-05
   6064.8880649305938       0.252467155       3.51359668E-05
   6067.3452720687555       0.235842124       3.45105582E-05
   6069.8024792069173       0.259883344       3.58883735E-05
   6072.2596863450790       0.249821901       3.57249446E-05
   6074.7168934832407       0.260512173       3.71050337E-05
   6077.1741006214033       0.280606925       3.93447481E-05
   6079.6313077595651       0.281997025       3.94910967E-05
   6082.0885148977268       0.262983769       3.71732531E-05
   6084.5457220358885       0.246302396       3.54997828E-05
   6087.0029291740502       0.260703653       3.69063164E-05
   6089.4601363122119       0.270012766       3.75567288E-05
   6091.9173434503737       0.249546960       3.53966498E-05
   6094.3745505885363       0.238642246       3.44175896E-05
   6096.8317577266980       0.251772732       3.49997426E-05
   6099.2889648648597       0.237104952       3.37037163E-05
   6101.7461720030215       0.230279863       3.26320005E-05
   6104.2033791411832       0.227076873       3.24206012E-05
   6106.6605862793458       0.241290018       3.41194900E-05
   6109.1177934175075       0.246216983       3.42559506E-05
   6111.5750005556692       0.232401639       3.33629177E-05
   6114.0322076938310       0.236053437       3.31081610E-05
   6116.4894148319927       0.233105764       3.33804273E-05
   6118.9466219701544       0.240508929       3.31954325E-05
   6121.4038291083161       0.214566827       3.10122887E-05
   6123.8610362464788       0.216710523       3.04585647E-05
   6126.3182433846405       0.204244688       2.87981675E-05
   6128.7754505228022       0.187446758       2.65691051E-05
   6131.2326576609639       0.174157396       2.53088892E-05
   6133.6898647991256       0.199099049       2.83681329E-05
   6136.1470719372874       0.213927492       2.91114666E-05
   6138.6042790754491       0.184609041       2.68014282E-05
   6141.0614862136117       0.187545583       2.68643962E-05
   6143.5186933517734       0.197382644       2.70394848E-05
   6145.9759004899352       0.174487799       2.56757376E-05
   6148.4331076280969       0.199450120       2.80831482E-05
   6150.8903147662586       0.204340711       2.81828725E-05
   6153.3475219044212       0.178814620       2.55151481E-05
   6155.8047290425829       0.165961742       2.43156337E-05
   6158.2619361807447       0.188897535       2.59684548E-05
   6160.7191433189064       0.167200461       2.35918451E-05
   6163.1763504570681       0.153283641       2.29507896E-05
   6165.6335575952298       0.183356866       2.49768455E-05
   6168.0907647333916       0.172082499       2.43645209E-05
   6170.5479718715542       0.161702275       2.31926424E-05
   6173.0051790097159       0.169694185       2.41475773E-05
   6175.4623861478776       0.175720394       2.41633643E-05
   6177.9195932860393       0.155110210       2.25419080E-05
   6180.3768004242011       0.163554206       2.32750663E-05
   6182.8340075623637       0.170370415       2.34764757E-05
   6185.2912147005254       0.153295502       2.21873488E-05
   6187.7484218386871       0.165830597       2.41326234E-05
   6190.2056289768489       0.201559275       2.75898619E-05
   6192.6628361150106       0.180526614       2.48214346E-05
   6195.1200432531723       0.137858108       2.15665350E-05
   6197.5772503913340       0.180068582       2.45428819E-05
   6200.0344575294966       0.171322584       2.41831149E-05
   6202.4916646676584       0.162809312       2.32376733E-05
   6204.9488718058201       0.164634541       2.37268123E-05
   6207.4060789439818       0.186625630       2.57981865E-05
   6209.8632860821435       0.173603401       2.46387208E-05
   6212.3204932203053       0.173083350       2.49811728E-05
   6214.7777003584670       0.180935547       2.49271634E-05
   6217.2349074966296       0.169180930       2.45490046E-05
   6219.6921146347913       0.175854132       2.42946771E-05
   6222.1493217729530       0.160123453       2.29428169E-05
   6224.6065289111148       0.157858416       2.25522836E-05
   6227.0637360492765       0.163452521       2.28590161E-05
   6229.5209431874382       0.161943287       2.33606970E-05
   6231.9781503256008       0.175303981       2.39757537E-05
   6234.4353574637626       0.148099780       2.12119230E-05
   6236.8925646019243       0.135521874       1.99784135E-05
   6239.3497717400860       0.161047474       2.30173864E-05
   6241.8069788782477       0.187133238       2.53651251E-05
   6244.2641860164094       0.165735811       2.40929803E-05
   6246.7213931545721       0.177716762       2.51965648E-05
   6249.1786002927338       0.178422064       2.46602103E-05
   6251.6358074308955       0.160296202       2.32114544E-05
   6254.0930145690572       0.160209581       2.25292315E-05
   6256.5502217072190       0.160820186       2.30473142E-05
   6259.0074288453807       0.163791388       2.23727711E-05
   6261.4646359835424       0.178649411       2.04027765E-05
   6263.9218431217050       0.165787339       2.44089515E-05
   6266.3790502598667       0.209843472       2.79518154E-05
   6268.8362573980285       0.193585634       2.88880819E-05
   6271.2934645361902       0.232937008       3.12798547E-05
   6273.7506716743519       0.200187877       2.95511491E-05
   6276.2078788125136       0.224701375       3.15147881E-05
   6278.6650859506763       0.219012842       3.09280367E-05
   6281.1222930888380       0.227956042       3.30542316E-05
   6283.5795002269997       0.244379967       3.32259515E-05
   6286.0367073651614       0.216222987       3.16183905E-05
   6288.4939145033231       0.221629933       3.07204427E-05
   6290.9511216414849       0.206853971       2.99780968E-05
   6293.4083287796475       0.234841824       3.41423474E-05
   6295.8655359178092       0.283122987       3.81817117E-05
   6298.3227430559709       0.262015700       3.86869178E-05
   6300.7799501941327       0.306684762       4.18490818E-05
   6303.2371573322944       0.271961898       3.89946363E-05
   6305.6943644704561       0.263885260       3.76881871E-05
   6308.1515716086178       0.266547084       3.83034130E-05
   6310.6087787467804       0.305950940       4.28902276E-05
   6313.0659858849422       0.303388089       4.23421552E-05
   6315.5231930231039       0.290986985       4.19594435E-05
   6317.9804001612656       0.300178438       4.21457880E-05
   6320.4376072994273       0.310245425       4.43382269E-05
   6322.8948144375890       0.323555827       4.49357831E-05
   6325.3520215757508       0.310800254       4.44681718E-05
   6327.8092287139134       0.315139472       4.45109035E-05
   6330.2664358520751       0.323564500       4.59935764E-05
   6332.7236429902368       0.341514677       4.84231678E-05
   6335.1808501283986       0.365739912       5.12031111E-05
   6337.6380572665603       0.361548334       5.11856961E-05
   6340.0952644047229       0.376547843       5.42462985E-05
   6342.5524715428846       0.409260094       5.56148079E-05
   6345.0096786810464       0.349013567       5.09428755E-05
   6347.4668858192081       0.373437166       5.42267990E-05
   6349.9240929573698       0.429083437       5.83389265E-05
   6352.3813000955315       0.390765756       5.63816066E-05
   6354.8385072336932       0.398009300       5.59252439E-05
   6357.2957143718559       0.387778491       5.51930716E-05
   6359.7529215100176       0.397277862       5.62204841E-05
   6362.2101286481793       0.395952195       5.53236205E-05
   6364.6673357863410       0.366795063       5.22495648E-05
   6367.1245429245027       0.356772691       5.12052466E-05
   6369.5817500626654       0.380294979       5.34504688E-05
   6372.0389572008271       0.386853307       5.48107819E-05
   6374.4961643389888       0.399454623       5.61057605E-05
   6376.9533714771505       0.389979511       5.51730081E-05
   6379.4105786153123       0.382749528       5.40092842E-05
   6381.8677857534740       0.367876589       5.24782408E-05
   6384.3249928916357       0.381656140       5.42714624E-05
   6386.7822000297983       0.396929979       5.54348662E-05
   6389.2394071679601       0.387675434       5.52122801E-05
   6391.6966143061218       0.403026313       5.77040082E-05
   6394.1538214442835       0.438217312       6.03829285E-05
   6396.6110285824452       0.404689074       5.81765416E-05
   6399.0682357206069       0.419362754       5.93838049E-05
   6401.5254428587687       0.426588565       6.01287938E-05
   6403.9826499969313       0.437736183       6.23388332E-05
   6406.4398571350930       0.451451629       6.27986446E-05
   6408.8970642732547       0.419290006       5.94041194E-05
   6411.3542714114164       0.400688469       5.82381726E-05
   6413.8114785495782       0.446569473       6.17984115E-05
   6416.2686856877408       0.419099957       5.93419936E-05
   6418.7258928259025       0.408788979       5.88079529E-05
   6421.1830999640642       0.416481465       5.73073339E-05
   6423.6403071022260       0.362454474       5.24818497E-05
   6426.0975142403877       0.361102939       5.16142245E-05
   6428.5547213785494       0.388407052       5.49839533E-05
   6431.0119285167111       0.413807124       5.81078857E-05
   6433.4691356548738       0.419664651       5.89499141E-05
   6435.9263427930355       0.405217052       5.73571706E-05
   6438.3835499311972       0.399864525       5.71345408E-05
   6440.8407570693589       0.413566023       5.78974978E-05
   6443.2979642075206       0.406354457       5.79232110E-05
   6445.7551713456824       0.412059933       5.74551268E-05
   6448.2123784838450       0.384964049       5.53352293E-05
   6450.6695856220067       0.404612571       5.74921105E-05
   6453.1267927601684       0.423632801       5.91894677E-05
   6455.5839998983301       0.420115203       5.98317019E-05
   6458.0412070364919       0.424737632       5.93737059E-05
   6460.4984141746536       0.407025397       5.83981928E-05
   6462.9556213128162       0.425958693       6.01178072E-05
   6465.4128284509779       0.435986042       6.13961020E-05
   6467.8700355891397       0.437674105       6.20072533E-05
   6470.3272427273014       0.438878834       6.17758633E-05
   6472.7844498654631       0.443558991       6.41341467E-05
   6475.2416570036248       0.496736765       6.84661354E-05
   6477.6988641417865       0.465919644       6.62200982E-05
   6480.1560712799492       0.455407411       6.49321446E-05
   6482.6132784181109       0.460865825       6.49965004E-05
   6485.0704855562726       0.462094992       6.54523974E-05
   6487.5276926944343       0.467538089       6.62896055E-05
   6489.9848998325961       0.470952988       6.56415214E-05
   6492.4421069707587       0.456984401       6.74914336E-05
   6494.8993141089204       0.559332609       7.67256934E-05
   6497.3565212470821       0.541004598       7.72563435E-05
   6499.8137283852438       0.571637332       8.07751130E-05
   6502.2709355234056       0.560899377       7.82095740E-05
   6504.7281426615673       0.600023389       7.86752062E-05
   6507.1853497997290       0.609467924       8.45431932E-05
   6509.6425569378916       0.625218272       8.89734874E-05
   6512.0997640760534       0.655224442       9.21396495E-05
   6514.5569712142151       0.680177808       9.70027468E-05
   6517.0141783523768       0.714892209       9.89184991E-05
   6519.4713854905385       0.678194344       9.85644874E-05
   6521.9285926287002       0.757729113       1.06112690E-04
   6524.3857997668620       0.783321440       1.11127098E-04
   6526.8430069050246       0.839221358       1.18568278E-04
   6529.3002140431863       0.865090907       1.21168989E-04
   6531.7574211813480       0.856659532       1.21927362E-04
   6534.2146283195098       0.951835036       1.24107202E-04
   6536.6718354576715       0.930245221       1.32427129E-04
   6539.1290425958341       0.985773265       1.36535687E-04
   6541.5862497339958       0.930669188       1.33211186E-04
   6544.0434568721575       0.932302713       1.30844812E-04
   6546.5006640103193       0.887496471       1.26441970E-04
   6548.9578711484810       0.893047631       1.26787651E-04
   6551.4150782866427       0.884497344       1.22910671E-04
   6553.8722854248044       0.813084483       1.18905249E-04
   6556.3294925629671       0.911125481       1.27782740E-04
   6558.7866997011288       0.951696455       1.34279209E-04
   6561.2439068392905       0.967847109       1.34747635E-04
   6563.7011139774522       0.866725385       1.22914338E-04
   6566.1583211156139       0.794510007       1.14788076E-04
   6568.6155282537766       0.778455555       1.07101856E-04
   6571.0727353919374       0.656521797       9.69727989E-05
   6573.5299425301000       0.697203517       9.69812099E-05
   6575.9871496682617       0.662875593       9.45420325E-05
   6578.4443568064235       0.666723311       9.40003229E-05
   6580.9015639445852       0.647402167       9.17463112E-05
   6583.3587710827469       0.647293031       9.17100842E-05
   6585.8159782209095       0.652034581       9.29421367E-05
   6588.2731853590703       0.703005373       9.88649263E-05
   6590.7303924972330       0.698186040       9.74960931E-05
   6593.1875996353947       0.668855309       9.66543594E-05
   6595.6448067735564       0.701234281       9.69889079E-05
   6598.1020139117181       0.652047276       9.35935605E-05
   6600.5592210498799       0.668780029       9.51622278E-05
   6603.0164281880425       0.706653774       9.89116306E-05
   6605.4736353262042       0.689079642       9.69134417E-05
   6607.9308424643659       0.665077388       9.58754390E-05
   6610.3880496025276       0.716002882       1.00093246E-04
   6612.8452567406894       0.699249685       9.81038611E-05
   6615.3024638788520       0.663878858       9.55764044E-05
   6617.7596710170128       0.695561528       9.76797965E-05
   6620.2168781551754       0.699472725       9.88820611E-05
   6622.6740852933372       0.681528986       9.48975940E-05
   6625.1312924314989       0.615517914       8.98395010E-05
   6627.5884995696606       0.672406852       9.41797698E-05
   6630.0457067078223       0.663752973       9.29030357E-05
   6632.5029138459849       0.627513170       9.00383093E-05
   6634.9601209841458       0.640113354       9.02553438E-05
   6637.4173281223084       0.641031265       9.01278545E-05
   6639.8745352604701       0.616584420       8.79993895E-05
   6642.3317423986318       0.645178795       9.18689402E-05
   6644.7889495367936       0.668422520       9.21828978E-05
   6647.2461566749553       0.603509486       8.71162119E-05
   6649.7033638131179       0.605479419       8.48805794E-05
   6652.1605709512796       0.571268201       8.12056096E-05
   6654.6177780894413       0.563804269       8.04579322E-05
   6657.0749852276031       0.569282234       7.91272032E-05
   6659.5321923657648       0.527340889       7.61646224E-05
   6661.9893995039274       0.556289792       7.86108867E-05
   6664.4466066420882       0.588011444       8.35152896E-05
   6666.9038137802509       0.622173071       8.60875371E-05
   6669.3610209184126       0.574467540       8.24818271E-05
   6671.8182280565743       0.604070485       8.68348943E-05
   6674.2754351947360       0.661681116       9.10227318E-05
   6676.7326423328977       0.610951841       8.68029965E-05
   6679.1898494710604       0.568706989       8.07697870E-05
   6681.6470566092212       0.552396834       7.92754799E-05
   6684.1042637473838       0.565385818       7.80592236E-05
   6686.5614708855455       0.501794457       7.26412763E-05
   6689.0186780237073       0.513470709       7.26261715E-05
   6691.4758851618690       0.518089414       7.33773632E-05
   6693.9330923000307       0.543418646       7.73411011E-05
   6696.3902994381933       0.562491357       7.76298548E-05
   6698.8475065763550       0.588566959       7.47599624E-05
   6701.3047137145168       0.566308498       8.10583879E-05
   6703.7619208526785       0.637638509       8.78936262E-05
   6706.2191279908402       0.607716918       8.63601745E-05
   6708.6763351290019       0.601458728       8.54124955E-05
   6711.1335422671636       0.605913639       8.54466343E-05
   6713.5907494053263       0.586317480       8.17587061E-05
   6716.0479565434880       0.528038919       7.71764026E-05
   6718.5051636816497       0.581084430       8.11739446E-05
   6720.9623708198114       0.560228884       7.83694049E-05
   6723.4195779579732       0.524458230       7.62954951E-05
   6725.8767850961358       0.561832070       7.80057671E-05
   6728.3339922342975       0.543106437       7.73490392E-05
   6730.7911993724592       0.550300658       7.82160350E-05
   6733.2484065106210       0.571949363       8.02532886E-05
   6735.7056136487827       0.571376145       8.15776293E-05
   6738.1628207869444       0.609349430       8.58458152E-05
   6740.6200279251061       0.621382236       8.71899683E-05
   6743.0772350632687       0.605724037       8.57101040E-05
   6745.5344422014305       0.593980789       8.45757022E-05
   6747.9916493395922       0.601613641       8.41437068E-05
   6750.4488564777539       0.566076100       8.08964396E-05
   6752.9060636159156       0.579375565       8.24008166E-05
   6755.3632707540773       0.589576125       8.20773930E-05
   6757.8204778922391       0.568107188       8.24962408E-05
   6760.2776850304017       0.630821705       8.79112122E-05
   6762.7348921685634       0.639842093       9.08916409E-05
   6765.1920993067251       0.664593935       9.32104813E-05
   6767.6493064448869       0.654810488       9.32379990E-05
   6770.1065135830486       0.692414463       9.87404346E-05
   6772.5637207212112       0.733117461       1.01167512E-04
   6775.0209278593729       0.680208981       9.80559416E-05
   6777.4781349975347       0.705012500       9.91260385E-05
   6779.9353421356964       0.692619741       9.74440263E-05
   6782.3925492738581       0.656283736       9.28574227E-05
   6784.8497564120198       0.605346739       8.55428298E-05
   6787.3069635501815       0.574046552       8.39043423E-05
   6789.7641706883442       0.643841445       8.89021176E-05
   6792.2213778265059       0.618168533       8.80643274E-05
   6794.6785849646676       0.620047927       8.71780430E-05
   6797.1357921028293       0.664818466       8.55831313E-05
   6799.5929992409910       0.651297629       9.37003497E-05
   6802.0502063791528       0.732750177       1.00569661E-04
   6804.5074135173145       0.694224358       9.93614158E-05
   6806.9646206554771       0.705405474       9.95307710E-05
   6809.4218277936388       0.701001585       9.88148604E-05
   6811.8790349318006       0.687969983       9.79179968E-05
   6814.3362420699623       0.700182498       9.87588137E-05
   6816.7934492081240       0.709365070       1.01072314E-04
   6819.2506563462866       0.749906182       1.05188752E-04
   6821.7078634844484       0.734155893       1.02791601E-04
   6824.1650706226101       0.684668303       9.83994614E-05
   6826.6222777607718       0.690162122       9.65467916E-05
   6829.0794848989335       0.744203568       9.52698683E-05
   6831.5366920370961       0.724408150       1.02725360E-04
   6833.9938991752570       0.773201704       1.07444677E-04
   6836.4511063134196       0.749237657       1.06764346E-04
   6838.9083134515813       0.762110829       1.08013439E-04
   6841.3655205897430       0.787004173       1.11095294E-04
   6843.8227277279047       0.799288988       1.12603389E-04
   6846.2799348660665       0.783792019       1.10209869E-04
   6848.7371420042291       0.747282863       1.06856067E-04
   6851.1943491423908       0.752332687       1.05527615E-04
   6853.6515562805525       0.728482068       1.04485247E-04
   6856.1087634187143       0.756995976       1.05181825E-04
   6858.5659705568760       0.706694484       1.01953490E-04
   6861.0231776950377       0.766631067       1.08623070E-04
   6863.4803848331994       0.772992134       1.06244777E-04
   6865.9375919713621       0.696413398       1.03360464E-04
   6868.3947991095238       0.780852616       1.05407431E-04
   6870.8520062476855       0.672227681       9.93417780E-05
   6873.3092133858472       0.760505795       1.07281579E-04
   6875.7664205240089       0.798375547       1.12105830E-04
   6878.2236276621707       0.843332231       1.20896744E-04
   6880.6808348003324       0.893072307       1.21845762E-04
   6883.1380419384950       0.774725437       1.12820468E-04
   6885.5952490766567       0.795091629       1.12738882E-04
   6888.0524562148184       0.817698181       1.14591625E-04
   6890.5096633529802       0.803922415       1.14963434E-04
   6892.9668704911419       0.845513225       1.18637457E-04
   6895.4240776293036       0.824487388       1.15636030E-04
   6897.8812847674662       0.781882226       1.12890615E-04
   6900.3384919056280       0.829399049       1.16026051E-04
   6902.7956990437897       0.822750151       1.16849165E-04
   6905.2529061819514       0.846704304       1.19983597E-04
   6907.7101133201131       0.870163023       1.22427766E-04
   6910.1673204582748       0.884558260       1.26214625E-04
   6912.6245275964375       0.922843397       1.28151500E-04
   6915.0817347345992       0.867265880       1.24345446E-04
   6917.5389418727609       0.890368879       1.25902196E-04
   6919.9961490109226       0.897734225       1.26196217E-04
   6922.4533561490844       0.882583022       1.25677441E-04
   6924.9105632872470       0.911373556       1.29680295E-04
   6927.3677704254078       0.984494269       1.39102529E-04
   6929.8249775635704        1.03717482       1.45384867E-04
   6932.2821847017321        1.03660345       1.46720718E-04
   6934.7393918398939        1.05888760       1.51229789E-04
   6937.1965989780556        1.13442183       1.58476294E-04
   6939.6538061162173        1.13063169       1.61353673E-04
   6942.1110132543799        1.20757735       1.70544517E-04
   6944.5682203925408        1.24255049       1.74187051E-04
   6947.0254275307034        1.25490355       1.80477757E-04
   6949.4826346688651        1.36088562       1.88688748E-04
   6951.9398418070268        1.30593419       1.85786004E-04
   6954.3970489451885        1.29228926       1.82186326E-04
   6956.8542560833503        1.24129403       1.76070185E-04
   6959.3114632215129        1.23634446       1.76833986E-04
   6961.7686703596746        1.29963803       1.82457938E-04
   6964.2258774978363        1.32175958       1.87864280E-04
   6966.6830846359981        1.35719109       1.89316430E-04
   6969.1402917741598        1.29111111       1.84892895E-04
   6971.5974989123215        1.34330964       1.90948660E-04
   6974.0547060504832        1.42359781       2.00022463E-04
   6976.5119131886458        1.44350708       2.03295494E-04
   6978.9691203268076        1.43200576       2.03549527E-04
   6981.4263274649693        1.46306443       2.05821561E-04
   6983.8835346031310        1.43891168       2.04016178E-04
   6986.3407417412927        1.45193207       2.05800621E-04
   6988.7979488794554        1.46658158       2.06582205E-04
   6991.2551560176171        1.46416020       2.08192592E-04
   6993.7123631557788        1.49474859       2.10116224E-04
   6996.1695702939405        1.46928990       2.08110723E-04
   6998.6267774321022        1.47983050       2.11391933E-04
   7001.0839845702640        1.55708408       2.17009394E-04
   7003.5411917084257        1.50708961       2.15789027E-04
   7005.9983988465883        1.58872473       2.24102987E-04
   7008.4556059847500        1.60441566       2.25184820E-04
   7010.9128131229118        1.59116066       2.28329198E-04
   7013.3700202610735        1.70069885       2.38541092E-04
   7015.8272273992352        1.73574376       2.45561940E-04
   7018.2844345373978        1.75422561       2.46282580E-04
   7020.7416416755586        1.71562827       2.45082600E-04
   7023.1988488137213        1.80351889       2.55528023E-04
   7025.6560559518830        1.89460135       2.66261544E-04
   7028.1132630900447        1.93756771       2.75173661E-04
   7030.5704702282064        2.01548433       2.82858469E-04
   7033.0276773663682        2.21403170       2.89508636E-04
   7035.4848845045308        2.18533087       3.08871211E-04
   7037.9420916426916        2.28880286       3.19783168E-04
   7040.3992987808542        2.36555457       3.20295250E-04
   7042.8565059190159        2.31855583       3.28206370E-04
   7045.3137130571777        2.40077472       3.38695652E-04
   7047.7709201953394        2.40872955       3.36611643E-04
   7050.2281273335011        2.17604756       3.05982627E-04
   7052.6853344716637        1.82807219       2.63018766E-04
   7055.1425416098255        1.59648514       2.25879689E-04
   7057.5997487479872        1.31041014       1.87977013E-04
   7060.0569558861489        1.07901824       1.54858717E-04
   7062.5141630243106       0.914533317       1.32384710E-04
   7064.9713701624732       0.892397165       1.28168889E-04
   7067.4285773006350       0.931887865       1.29955893E-04
   7069.8857844387967       0.922864497       1.32615023E-04
   7072.3429915769584       0.998811305       1.39401382E-04
   7074.8001987151201        1.00080228       1.41812881E-04
   7077.2574058532819        1.01689076       1.42802193E-04
   7079.7146129914436        1.09977245       1.42625067E-04
   7082.1718201296062        1.05007648       1.47902843E-04
   7084.6290272677679        1.04498875       1.45657148E-04
   7087.0862344059296       0.950713754       1.35139257E-04
   7089.5434415440914       0.885948420       1.26652070E-04
   7092.0006486822531       0.872615099       1.22264973E-04
   7094.4578558204148       0.807645500       1.15717667E-04
   7096.9150629585765       0.825896382       1.17347168E-04
   7099.3722700967392       0.836924672       1.16727984E-04
   7101.8294772349009       0.813184083       1.17884629E-04
   7104.2866843730626       0.898444533       1.25016333E-04
   7106.7438915112243       0.889749944       1.25575578E-04
   7109.2010986493860       0.882958591       1.26045517E-04
   7111.6583057875478       0.932966471       1.31867986E-04
   7114.1155129257095       0.982004046       1.38679665E-04
   7116.5727200638721        1.02940106       1.45603670E-04
   7119.0299272020338        1.06390297       1.48532010E-04
   7121.4871343401956       0.997291803       1.40613673E-04
   7123.9443414783573       0.923705637       1.32963207E-04
   7126.4015486165190       0.935423136       1.30797343E-04
   7128.8587557546816       0.863339305       1.21891826E-04
   7131.3159628928424       0.786975741       1.13222253E-04
   7133.7731700310051       0.780059040       1.09632558E-04
   7136.2303771691668       0.752964139       1.07959902E-04
   7138.6875843073285       0.793686926       1.12021495E-04
   7141.1447914454911       0.817588627       1.15131217E-04
   7143.6019985836519       0.823142290       1.16270850E-04
   7146.0592057218146       0.828006923       1.17801283E-04
   7148.5164128599763       0.869482100       1.22651458E-04
   7150.9736199981380       0.891517937       1.25803781E-04
   7153.4308271362997       0.907180548       1.28022351E-04
   7155.8880342744615       0.902546108       1.27428546E-04
   7158.3452414126241       0.906134248       1.29237640E-04
   7160.8024485507858       0.945026278       1.32369198E-04
   7163.2596556889475       0.926108420       1.30934961E-04
   7165.7168628271093       0.913954377       1.30283574E-04
   7168.1740699652710       0.945455790       1.33111535E-04
   7170.6312771034327       0.945244968       1.33546666E-04
   7173.0884842415944       0.952059984       1.35567287E-04
   7175.5456913797570       0.997073710       1.40627788E-04
   7178.0028985179188        1.03035593       1.45735132E-04
   7180.4601056560805        1.05653334       1.48541309E-04
   7182.9173127942422        1.05616677       1.50527281E-04
   7185.3745199324039        1.10969734       1.56501061E-04
   7187.8317270705656        1.14085352       1.61256525E-04
   7190.2889342087274        1.17479706       1.65880338E-04
   7192.7461413468900        1.18402624       1.66724174E-04
   7195.2033484850517        1.17849827       1.67961931E-04
   7197.6605556232134        1.21399724       1.70097657E-04
   7200.1177627613752        1.16784990       1.64792844E-04
   7202.5749698995369        1.10691500       1.57769027E-04
   7205.0321770376986        1.10102081       1.56412585E-04
   7207.4893841758603        1.13713646       1.61712844E-04
   7209.9465913140230        1.20466781       1.68984392E-04
   7212.4037984521847        1.20421147       1.70145373E-04
   7214.8610055903464        1.21699476       1.73423323E-04
   7217.3182127285090        1.26689029       1.77313093E-04
   7219.7754198666698        1.26076579       1.80770337E-04
   7222.2326270048325        1.35922301       1.90487161E-04
   7224.6898341429942        1.36460471       1.92601481E-04
   7227.1470412811559        1.37692702       1.95894667E-04
   7229.6042484193176        1.40775216       1.96833207E-04
   7232.0614555574793        1.36372066       1.95291504E-04
   7234.5186626956420        1.43001294       2.02241557E-04
   7236.9758698338028        1.49276006       2.10318336E-04
   7239.4330769719654        1.51804256       2.14469459E-04
   7241.8902841101271        1.56275678       2.23175448E-04
   7244.3474912482889        1.68025196       2.34370062E-04
   7246.8046983864506        1.65306175       2.34978987E-04
   7249.2619055246123        1.71849477       2.45344505E-04
   7251.7191126627749        1.86417639       2.61798530E-04
   7254.1763198009367        1.93935955       2.74080725E-04
   7256.6335269390984        2.00434852       2.83302739E-04
   7259.0907340772601        2.07442808       2.93310091E-04
   7261.5479412154218        2.12935734       3.00238695E-04
   7264.0051483535835        2.16175938       3.06747679E-04
   7266.4623554917453        2.22832084       3.13887722E-04
   7268.9195626299079        2.22994304       3.14534380E-04
   7271.3767697680696        2.18866801       3.10128788E-04
   7273.8339769062313        2.19739366       3.13192460E-04
   7276.2911840443930        2.28416586       3.19843151E-04
   7278.7483911825548        2.22866344       3.16641264E-04
   7281.2055983207165        2.25715303       3.20406980E-04
   7283.6628054588782        2.31775093       3.26757145E-04
   7286.1200125970408        2.36499166       3.36632074E-04
   7288.5772197352026        2.51542759       3.55682889E-04
   7291.0344268733643        2.64595628       3.71446396E-04
   7293.4916340115260        2.67089605       3.79593956E-04
   7295.9488411496877        2.80173111       3.96339281E-04
   7298.4060482878504        2.91476488       4.10510343E-04
   7300.8632554260121        2.97968674       4.22472338E-04
   7303.3204625641738        3.09327912       4.37300798E-04
   7305.7776697023355        3.21722889       4.55169065E-04
   7308.2348768404972        3.34967494       4.73049440E-04
   7310.6920839786590        3.44253659       4.84840071E-04
   7313.1492911168207        3.45452356       4.89945232E-04
   7315.6064982549833        3.77265978       5.07018645E-04
   7318.0637053931450        3.77450848       5.31483965E-04
   7320.5209125313067        3.85428667       5.42550115E-04
   7322.9781196694685        3.85664725       5.48734621E-04
   7325.4353268076302        3.98544335       5.60323999E-04
   7327.8925339457928        3.96216393       5.61815861E-04
   7330.3497410839536        4.04266882       5.73479396E-04
   7332.8069482221163        4.17285633       5.88576135E-04
   7335.2641553602780        4.27420235       6.05908514E-04
   7337.7213624984397        4.39659309       6.18059479E-04
   7340.1785696366014        4.36720467       6.18542312E-04
   7342.6357767747631        4.35927582       6.15554629E-04
   7345.0929839129258        4.31058025       6.10686548E-04
   7347.5501910510866        4.29344082       6.06398215E-04
   7350.0073981892492        4.24226189       6.01686887E-04
   7352.4646053274109        4.27786064       6.05231151E-04
   7354.9218124655727        4.29206324       6.05384004E-04
   7357.3790196037344        4.53880072       6.10587071E-04
   7359.8362267418961        4.46879530       6.30062597E-04
   7362.2934338800587        4.57576847       6.47345965E-04
   7364.7506410182204        4.71628857       6.66970096E-04
   7367.2078481563822        4.84706450       6.83736638E-04
   7369.6650552945439        4.90237188       6.92081638E-04
   7372.1222624327056        4.88869667       6.90632907E-04
   7374.5794695708682        4.85563803       6.87911699E-04
   7377.0366767090300        4.85575247       6.85378793E-04
   7379.4938838471917        4.80393839       6.80806930E-04
   7381.9510909853534        4.82694483       6.83858001E-04
   7384.4082981235151        4.90873957       6.93999347E-04
   7386.8655052616768        4.96402979       6.99796132E-04
   7389.3227123998386        4.91012907       6.94100279E-04
   7391.7799195380012        4.84205961       6.85846899E-04
   7394.2371266761629        4.85078573       6.89169276E-04
   7396.6943338143246        4.96919584       6.98387041E-04
   7399.1515409524864        4.87361145       6.89667650E-04
   7401.6087480906481        4.83871841       6.87339285E-04
   7404.0659552288098        4.89043427       6.88283413E-04
   7406.5231623669715        4.83113432       6.86479383E-04
   7408.9803695051341        4.90054321       6.90889079E-04
   7411.4375766432959        4.84528112       6.83322258E-04
   7413.8947837814576        4.72249365       6.70871290E-04
   7416.3519909196193        4.73634481       6.70347887E-04
   7418.8091980577810        4.75788260       6.71443064E-04
   7421.2664051959437        4.71978664       6.68147404E-04
   7423.7236123341045        4.72286034       6.68969471E-04
   7426.1808194722671        4.78829002       6.77986420E-04
   7428.6380266104288        4.88360262       6.88463042E-04
   7431.0952337485905        4.85176134       6.83989841E-04
   7433.5524408867523        4.75152826       6.75216550E-04
   7436.0096480249140        4.77636909       6.73577713E-04
   7438.4668551630766        4.69522238       6.63522049E-04
   7440.9240623012374        4.60337734       6.52840536E-04
   7443.3812694394001        4.58333969       6.48514018E-04
   7445.8384765775618        4.59773159       6.51646114E-04
   7448.2956837157235        4.65924215       6.56994875E-04
   7450.7528908538861        4.63715839       6.56042306E-04
   7453.2100979920478        4.63431644       6.55917742E-04
   7455.6673051302096        4.65301466       6.58100995E-04
   7458.1245122683713        4.68939543       6.63705403E-04
   7460.5817194065330        4.72846651       6.66638836E-04
   7463.0389265446947        4.71359730       6.70425710E-04
   7465.4961336828565        4.89120770       6.91093388E-04
   7467.9533408210191        4.97968292       6.98906719E-04
   7470.4105479591808        4.87387800       6.93209586E-04
   7472.8677550973425        4.91201258       6.91523834E-04
   7475.3249622355042        4.81026888       6.82564802E-04
   7477.7821693736660        4.86043978       6.90805609E-04
   7480.2393765118277        5.02709436       7.07485829E-04
   7482.6965836499894        5.06847286       7.18108960E-04
   7485.1537907881520        5.16169119       7.28402869E-04
   7487.6109979263138        5.16765547       7.29132560E-04
   7490.0682050644755        5.11340904       7.25222577E-04
   7492.5254122026372        5.16344881       7.31027394E-04
   7494.9826193407989        5.25476503       7.43178593E-04
   7497.4398264789606        5.34340811       7.53922388E-04
   7499.8970336171224        5.33680153       7.53728556E-04
   7502.3542407552850        5.31509829       7.54572684E-04
   7504.8114478934467        5.42495823       7.66658632E-04
   7507.2686550316084        5.50032806       7.76568602E-04
   7509.7258621697702        5.54049969       7.84830656E-04
   7512.1830693079319        5.61697817       7.91687809E-04
   7514.6402764460936        5.57437897       7.89272774E-04
   7517.0974835842553        5.57995892       7.89482030E-04
   7519.5546907224179        5.56922579       7.85485550E-04
   7522.0118978605797        5.45442009       7.72094761E-04
   7524.4691049987414        5.41526175       7.71271822E-04
   7526.9263121369040        5.60483837       7.89183658E-04
   7529.3835192750648        5.61302042       7.92735722E-04
   7531.8407264132275        5.62614059       7.98876921E-04
   7534.2979335513892        5.76949358       8.14789673E-04
   7536.7551406895509        5.89739895       8.34749604E-04
   7539.2123478277126        6.03216600       8.49913980E-04
   7541.6695549658743        6.05628347       8.58532148E-04
   7544.1267621040370        6.19163942       8.75663070E-04
   7546.5839692421978        6.28872824       8.85083282E-04
   7549.0411763803604        6.20794868       8.79613857E-04
   7551.4983835185221        6.20274401       8.77267390E-04
   7553.9555906566839        6.19130945       8.75258818E-04
   7556.4127977948456        6.16496611       8.72077246E-04
   7558.8700049330073        6.17815208       8.76495149E-04
   7561.3272120711699        6.28532362       8.84085312E-04
   7563.7844192093316        6.15736008       8.71518394E-04
   7566.2416263474934        6.11610270       8.68774543E-04
   7568.6988334856551        6.16971445       8.66836577E-04
   7571.1560406238168        6.02111435       8.57010775E-04
   7573.6132477619785        6.12338972       8.65753856E-04
   7576.0704549001402        6.21380091       8.78321414E-04
   7578.5276620383029        6.29234076       8.88090814E-04
   7580.9848691764637        6.22628498       8.75926577E-04
   7583.4420763146263        5.94539404       8.42046808E-04
   7585.8992834527880        5.61534882       7.90630002E-04
   7588.3564905909498        5.06558895       7.20223354E-04
   7590.8136977291124        4.55280066       6.43381267E-04
   7593.2709048672732        3.93069148       5.63088281E-04
   7595.7281120054358        3.56564689       5.08884492E-04
   7598.1853191435976        3.35412002       4.76464134E-04
   7600.6425262817593        3.26740313       4.64776705E-04
   7603.0997334199219        3.22785664       4.51625121E-04
   7605.5569405580827        3.05875850       4.41172888E-04
   7608.0141476962453        3.33994174       4.75636305E-04
   7610.4713548344071        3.77698779       5.32324717E-04
   7612.9285619725688        4.10273838       5.73657861E-04
   7615.3857691107305        4.13769913       5.83115208E-04
   7617.8429762488922        4.07207012       5.72917110E-04
   7620.3001833870549        3.86776161       5.48812095E-04
   7622.7573905252157        3.73006892       5.26756281E-04
   7625.2145976633783        3.52296543       4.98628768E-04
   7627.6718048015400        3.27946258       4.61394608E-04
   7630.1290119397017        2.89344335       4.15063405E-04
   7632.5862190778635        2.74441051       3.88581335E-04
   7635.0434262160252        2.51656675       3.54397693E-04
   7637.5006333541878        2.30238295       3.36542755E-04
   7639.9578404923486        2.53110409       3.53575539E-04
   7642.4150476305113        2.52259684       3.52676667E-04
   7644.8722547686730        2.33881569       3.33614676E-04
   7647.3294619068347        2.26890445       3.20227962E-04
   7649.7866690449964        2.13061762       3.00396059E-04
   7652.2438761831581        1.96539640       2.81186774E-04
   7654.7010833213208        1.91368556       2.69015174E-04
   7657.1582904594816        1.77154541       2.50093552E-04
   7659.6154975976442        1.57538807       2.23128809E-04
   7662.0727047358059        1.38370454       1.98958762E-04
   7664.5299118739676        1.32598186       1.87924918E-04
   7666.9871190121294        1.28636110       1.82699296E-04
   7669.4443261502911        1.29427850       1.83194235E-04
   7671.9015332884537        1.56956506       1.87666315E-04
   7674.3587404266145        1.69179714       2.07627905E-04
   7676.8159475647772        1.67650926       2.34003222E-04
   7679.2731547029389        1.75442040       2.46216980E-04
   7681.7303618411006        1.78479111       2.54642509E-04
   7684.1875689792632        1.90442312       2.66455550E-04
   7686.6447761174240        1.87252080       2.63508467E-04
   7689.1019832555867        1.78910744       2.53894075E-04
   7691.5591903937484        1.71701109       2.42259324E-04
   7694.0163975319101        1.61168253       2.28698409E-04
   7696.4736046700727        1.51880527       2.15347187E-04
   7698.9308118082336        1.44712281       2.05867342E-04
   7701.3880189463962        1.42902911       2.03478747E-04
   7703.8452260845579        1.49133241       2.12070168E-04
   7706.3024332227196        1.59971750       2.25859709E-04
   7708.7596403608813        1.74040246       2.49286386E-04
   7711.2168474990431        2.00006127       2.79789325E-04
   7713.6740546372057        2.13609529       3.03301553E-04
   7716.1312617753665        2.33273149       3.27489659E-04
   7718.5884689135291        2.39834785       3.38203477E-04
   7721.0456760516909        2.47402287       3.51993134E-04
   7723.5028831898526        2.59843898       3.64312553E-04
   7725.9600903280143        2.66570282       3.82770057E-04
   7728.4172974661760        2.93687129       4.08557768E-04
   7730.8745046043387        2.90511847       4.12619498E-04
   7733.3317117424995        3.01152444       4.29070467E-04
   7735.7889188806621        3.19190931       4.46146354E-04
   7738.2461260188238        3.15662837       4.47664584E-04
   7740.7033331569855        3.17246532       4.49028536E-04
   7743.1605402951473        3.17473078       4.46263468E-04
   7745.6177474333090        3.02548957       4.28255764E-04
   7748.0749545714716        2.88775611       4.10371635E-04
   7750.5321617096324        2.80026412       3.95413575E-04
   7752.9893688477950        2.68033981       3.80947517E-04
   7755.4465759859568        2.66616654       3.80342681E-04
   7757.9037831241185        2.78597713       3.92040645E-04
   7760.3609902622811        2.82887030       4.01014229E-04
   7762.8181974004419        2.90734816       4.09009896E-04
   7765.2754045386046        2.91405725       4.15279297E-04
   7767.7326116767663        3.09643340       4.37810144E-04
   7770.1898188149280        3.23698759       4.55146685E-04
   7772.6470259530906        3.28296781       4.63824108E-04
   7775.1042330912514        3.29047465       4.64943383E-04
   7777.5614402294141        3.29849601       4.66566795E-04
   7780.0186473675749        3.27785087       4.62719734E-04
   7782.4758545057375        3.25803995       4.63106786E-04
   7784.9330616438992        3.28213596       4.60088573E-04
   7787.3902687820610        3.17271256       4.53911052E-04
   7789.8474759202236        3.26337123       4.57922724E-04
   7792.3046830583844        3.19032860       4.53126355E-04
   7794.7618901965470        3.24482274       4.61075600E-04
   7797.2190973347087        3.35699964       4.72248590E-04
   7799.6763044728705        3.39837360       4.82348347E-04
   7802.1335116110322        3.50324535       4.94384032E-04
   7804.5907187491939        3.60674691       5.12396742E-04
   7807.0479258873565        3.82871938       5.41798712E-04
   7809.5051330255174        4.10332108       5.80887718E-04
   7811.9623401636800        4.36319923       6.11449417E-04
   7814.4195473018417        4.38741446       6.21221436E-04
   7816.8767544400034        4.44742489       6.27584348E-04
   7819.3339615781651        4.41101933       6.22389314E-04
   7821.7911687163269        4.32172585       6.12385862E-04
   7824.2483758544895        3.98802614       5.94417623E-04
   7826.7055829926503        4.02115965       5.73307916E-04
   7829.1627901308129        3.99252796       5.63609472E-04
   7831.6199972689747        3.91278291       5.54862374E-04
   7834.0772044071364        3.89961195       5.52074111E-04
   7836.5344115452981        3.93587041       5.59388660E-04
   7838.9916186834598        4.10309458       5.78947074E-04
   7841.4488258216224        4.23365355       6.00671978E-04
   7843.9060329597842        4.43974495       6.22974476E-04
   7846.3632400979459        4.38606882       6.19010592E-04
   7848.8204472361076        4.31936550       6.13796816E-04
   7851.2776543742693        4.37093353       6.18830556E-04
   7853.7348615124320        4.46911192       6.30374881E-04
   7856.1920686505928        4.45428514       6.28969166E-04
   7858.6492757887554        4.46709442       6.35626668E-04
   7861.1064829269171        4.56660414       6.39169361E-04
   7863.5636900650788        4.41568851       6.29028596E-04
   7866.0208972032406        4.42169905       6.21781452E-04
   7868.4781043414023        4.28100443       6.09365467E-04
   7870.9353114795649        4.33739281       6.13789249E-04
   7873.3925186177257        4.35632706       6.13878772E-04
   7875.8497257558884        4.38214970       6.27319387E-04
   7878.3069328940501        4.70203400       6.59527141E-04
   7880.7641400322118        4.80145645       6.79643184E-04
   7883.2213471703744        4.93861437       6.97150943E-04
   7885.6785543085352        5.03743553       7.13379413E-04
   7888.1357614466979        5.19953966       7.34420668E-04
   7890.5929685848587        5.29532337       7.46106962E-04
   7893.0501757230213        5.24993658       7.40419782E-04
   7895.5073828611830        5.12166214       7.27375853E-04
   7897.9645899993448        5.09007502       7.16257084E-04
   7900.4217971375074        4.86895037       6.91036519E-04
   7902.8790042756682        4.77149963       6.76447758E-04
   7905.3362114138308        4.67449045       6.58993551E-04
   7907.7934185519925        4.54271793       6.48305868E-04
   7910.2506256901543        4.62392282       6.50517235E-04
   7912.7078328283160        4.54197931       6.41707506E-04
   7915.1650399664777        4.43668461       6.29790185E-04
   7917.6222471046403        4.44050312       6.28534181E-04
   7920.0794542428021        4.47146416       6.32728683E-04
   7922.5366613809638        4.52293634       6.38929196E-04
   7924.9938685191255        4.56690788       6.48220943E-04
   7927.4510756572872        4.76530457       6.75032090E-04
   7929.9082827954498        4.96757746       6.97644486E-04
   7932.3654899336107        5.02283859       7.14545022E-04
   7934.8226970717733        5.20922327       7.28702405E-04
   7937.2799042099350        5.01740837       7.10830092E-04
   7939.7371113480967        4.91065311       6.97154785E-04
   7942.1943184862585        4.50311327       6.77213422E-04
   7944.6515256244202        4.54220533       6.48038636E-04
   7947.1087327625828        4.48865032       6.35920034E-04
   7949.5659399007436        4.53539467       6.46158296E-04
   7952.0231470389062        4.81577444       6.80381723E-04
   7954.4803541770680        5.02775097       7.06309220E-04
   7956.9375613152297        5.05636597       7.16449460E-04
   7959.3947684533914        5.18311262       7.34605477E-04
   7961.8519755915531        5.36274290       7.55221990E-04
   7964.3091827297158        5.43352318       7.70867860E-04
   7966.7663898678766        5.62001944       7.92034727E-04
   7969.2235970060392        5.62930250       7.92816281E-04
   7971.6808041442009        5.58377123       7.97425804E-04
   7974.1380112823626        5.82375145       8.16241838E-04
   7976.5952184205253        5.68118763       8.00809998E-04
   7979.0524255586861        5.41646528       7.68911792E-04
   7981.5096326968487        5.25726080       7.46122329E-04
   7983.9668398350095        5.21767950       7.38912437E-04
   7986.4240469731722        5.16968298       7.29300373E-04
   7988.8812541113339        5.10498857       7.28539948E-04
   7991.3384612494956        5.30438852       7.46280828E-04
   7993.7956683876582        5.31825304       7.51883548E-04
   7996.2528755258199        5.36859035       7.62339099E-04
   7998.7100826639817        5.54889393       7.83025462E-04
   8001.1672898021434        5.66069269       8.00065522E-04
   8003.6244969403051        5.81460094       8.26919044E-04
   8006.0817040784677        6.17862129       8.70096846E-04
   8008.5389112166285        6.35525751       8.96450656E-04
   8010.9961183547912        6.48041582       9.18199890E-04
   8013.4533254929529        6.68196249       9.44108993E-04
   8015.9105326311146        6.84276342       9.64549603E-04
   8018.3677397692763        6.83932352       9.66658175E-04
   8020.8249469074381        6.89012527       9.80802812E-04
   8023.2821540456007        7.24242401       1.02390989E-03
   8025.7393611837615        7.56951475       1.06722745E-03
   8028.1965683219241        7.76360369       1.09715224E-03
   8030.6537754600859        7.91337013       1.11694937E-03
   8033.1109825982476        8.04604340       1.14489777E-03
