   5529.2169088113069        3.69166285E-02   4.78670245E-06
   5531.6741159494686        2.87446156E-02  -7.46428987E-06
   5534.1313230876303        2.34142225E-02  -7.72664680E-06
   5536.5885302257930        1.14050992E-02   2.13917929E-06
   5539.0457373639547        1.75102558E-02   2.59873900E-06
   5541.5029445021164        2.68419981E-02  -7.11142593E-06
   5543.9601516402781        4.15636338E-02  -1.24626940E-05
   5546.4173587784398        2.65026782E-02   4.46597778E-06
   5548.8745659166016        9.97913070E-03   3.16440673E-06
   5551.3317730547642        4.36775386E-02   5.14317571E-06
   5553.7889801929259        3.76639031E-02   6.18063586E-06
   5556.2461873310876        6.12661764E-02   8.14319992E-06
   5558.7033944692494        6.54371977E-02   9.64648098E-06
   5561.1606016074111        8.17781910E-02   1.15555222E-05
   5563.6178087455728        9.29023772E-02   1.23836635E-05
   5566.0750158837354        6.40229583E-02   9.99028634E-06
   5568.5322230218972        7.17997625E-02   9.82284837E-06
   5570.9894301600589        7.28365481E-02   1.11074305E-05
   5573.4466372982206        9.87997428E-02   1.29211767E-05
   5575.9038444363823        9.01692212E-02   1.44212963E-05
   5578.3610515745440       0.144230738       1.95589346E-05
   5580.8182587127058       0.151086614       2.06909644E-05
   5583.2754658508684        9.81475264E-02   1.59364554E-05
   5585.7326729890301       0.131858543       1.74110901E-05
   5588.1898801271918       0.119370669       1.77431320E-05
   5590.6470872653535       0.136688203       1.89661023E-05
   5593.1042944035153       0.143440515       2.00563172E-05
   5595.5615015416770       0.132525086       1.83573939E-05
   5598.0187086798396       0.104606435       1.58392268E-05
   5600.4759158180013       0.118157983       1.69555187E-05
   5602.9331229561631       0.142212763       1.94894055E-05
   5605.3903300943248       0.134467661       1.84736709E-05
   5607.8475372324865        9.87716764E-02   1.47570963E-05
   5610.3047443706482       0.141562179       1.39257463E-05
   5612.7619515088109       0.137894288       1.79420113E-05
   5615.2191586469726       0.124548055       1.79305825E-05
   5617.6763657851343       0.115053222       1.67674407E-05
   5620.1335729232960       0.130117550       1.79588424E-05
   5622.5907800614577       0.126118019       1.80179504E-05
   5625.0479871996195       0.127524212       1.76815101E-05
   5627.5051943377821       0.113804311       1.61198732E-05
   5629.9624014759438       0.131754488       1.42502058E-05
   5632.4196086141055       0.107607365       1.50130591E-05
   5634.8768157522672       0.110992834       1.56336628E-05
   5637.3340228904290       0.112086259       1.64772136E-05
   5639.7912300285907       0.138366163       1.90068131E-05
   5642.2484371667524       0.142016321       2.02087940E-05
   5644.7056443049150       0.149308294       2.11797833E-05
   5647.1628514430768       0.157566845       2.15231212E-05
   5649.6200585812385       0.132700697       1.99385777E-05
   5652.0772657194002       0.153749093       2.08835372E-05
   5654.5344728575619       0.141761512       2.02635001E-05
   5656.9916799957236       0.129710853       1.97820882E-05
   5659.4488871338863       0.176940367       2.38078010E-05
   5661.9060942720480       0.170599952       2.35299121E-05
   5664.3633014102097       0.124942303       1.82894728E-05
   5666.8205085483714       0.143676162       1.47071169E-05
   5669.2777156865332       0.122340947       1.77340553E-05
   5671.7349228246949       0.162250280       2.21489463E-05
   5674.1921299628575       0.164775729       2.27847486E-05
   5676.6493371010192       0.138960987       1.99664701E-05
   5679.1065442391809       0.125803903       1.91106683E-05
   5681.5637513773427       0.166254655       2.23666084E-05
   5684.0209585155044       0.158759788       2.24890355E-05
   5686.4781656536661       0.143008798       2.13227449E-05
   5688.9353727918278       0.171361580       2.27767705E-05
   5691.3925799299905       0.140201613       2.11656989E-05
   5693.8497870681522       0.159426659       2.24670603E-05
   5696.3069942063139       0.179224581       2.50047960E-05
   5698.7642013444756       0.178487092       2.52865066E-05
   5701.2214084826373       0.183766380       2.63090296E-05
   5703.6786156207991       0.200675011       2.80162312E-05
   5706.1358227589617       0.202828839       2.83080972E-05
   5708.5930298971234       0.181344435       2.61364294E-05
   5711.0502370352851       0.184452891       2.64996215E-05
   5713.5074441734469       0.202327907       2.74602280E-05
   5715.9646513116086       0.171860412       2.49494551E-05
   5718.4218584497703       0.153522789       2.33364972E-05
   5720.8790655879329       0.200512484       2.66450825E-05
   5723.3362727260946       0.174482629       2.53168073E-05
   5725.7934798642564       0.170890540       2.48517517E-05
   5728.2506870024181       0.195419595       2.62887934E-05
   5730.7078941405798       0.165753052       2.46619456E-05
   5733.1651012787415       0.178729087       2.51882393E-05
   5735.6223084169033       0.189848840       2.62375615E-05
   5738.0795155550659       0.164788947       2.44189359E-05
   5740.5367226932276       0.186783075       2.56184376E-05
   5742.9939298313893       0.178713381       2.59111075E-05
   5745.4511369695510       0.191437259       2.62061658E-05
   5747.9083441077128       0.174619406       2.62138274E-05
   5750.3655512458745       0.216813579       2.99539588E-05
   5752.8227583840371       0.232871786       3.26278641E-05
   5755.2799655221988       0.224822864       3.14680947E-05
   5757.7371726603606       0.207230672       2.97375118E-05
   5760.1943797985223       0.199215963       2.80638724E-05
   5762.6515869366840       0.188903108       2.66436418E-05
   5765.1087940748457       0.166722760       2.49735876E-05
   5767.5660012130083       0.203374013       2.79014748E-05
   5770.0232083511701       0.206608251       2.95176796E-05
   5772.4804154893318       0.218798235       3.06974180E-05
   5774.9376226274935       0.223473772       3.17920276E-05
   5777.3948297656552       0.235565424       3.30443145E-05
   5779.8520369038170       0.234300867       3.25981637E-05
   5782.3092440419787       0.209117174       3.01253658E-05
   5784.7664511801413       0.200380519       2.82287656E-05
   5787.2236583183030       0.194959223       2.89314830E-05
   5789.6808654564647       0.245020762       3.41702653E-05
   5792.1380725946265       0.268121988       3.65878295E-05
   5794.5952797327882       0.223473370       3.34065444E-05
   5797.0524868709508       0.255038261       3.52149400E-05
   5799.5096940091125       0.254269838       3.57971912E-05
   5801.9669011472743       0.241067633       3.46889792E-05
   5804.4241082854360       0.255199105       3.56911805E-05
   5806.8813154235977       0.251039594       3.47477799E-05
   5809.3385225617594       0.204503283       2.94611327E-05
   5811.7957296999211       0.174246609       2.59355384E-05
   5814.2529368380838       0.201291502       2.82760411E-05
   5816.7101439762455       0.220606178       3.04340065E-05
   5819.1673511144072       0.200084671       2.81152516E-05
   5821.6245582525689       0.170177832       2.51394686E-05
   5824.0817653907307       0.185111761       2.65675899E-05
   5826.5389725288924       0.215289250       2.94681849E-05
   5828.9961796670550       0.201041862       2.87189105E-05
   5831.4533868052167       0.197959766       2.80046879E-05
   5833.9105939433784       0.196032718       2.76837818E-05
   5836.3678010815402       0.192411780       2.73587339E-05
   5838.8250082197019       0.195720777       2.79669184E-05
   5841.2822153578636       0.211325452       2.92127806E-05
   5843.7394224960262       0.197162926       2.77087001E-05
   5846.1966296341880       0.168687135       2.40001391E-05
   5848.6538367723497       0.143093407       2.14170741E-05
   5851.1110439105114       0.166518509       2.27190212E-05
   5853.5682510486731       0.157637969       2.25188815E-05
   5856.0254581868348       0.153255194       2.24771175E-05
   5858.4826653249966       0.180117473       2.39656092E-05
   5860.9398724631592       0.143304989       2.14698248E-05
   5863.3970796013209       0.149779290       2.13301355E-05
   5865.8542867394826       0.166055039       2.28425524E-05
   5868.3114938776444       0.150418475       2.16457447E-05
   5870.7687010158061       0.151027560       2.12467312E-05
   5873.2259081539678       0.145745069       2.02342926E-05
   5875.6831152921304       0.123170987       1.80879761E-05
   5878.1403224302921       0.126097232       1.80335464E-05
   5880.5975295684539       0.139444411       1.89764050E-05
   5883.0547367066156       0.113400556       1.60049567E-05
   5885.5119438447773        8.18673074E-02   1.38972900E-05
   5887.9691509829390       0.142106771       1.80383940E-05
   5890.4263581211017       0.112324938       1.68649767E-05
   5892.8835652592634        5.60028292E-02   1.07565611E-05
   5895.3407723974251       0.108058490       1.30672897E-05
   5897.7979795355868        7.13510439E-02   1.20081122E-05
   5900.2551866737485       0.109130785       1.54227455E-05
   5902.7123938119103       0.139840513       1.89250386E-05
   5905.1696009500720       0.128676713       1.86537000E-05
   5907.6268080882346       0.136572748       1.91156541E-05
   5910.0840152263963       0.140756786       2.03569543E-05
   5912.5412223645581       0.157573789       2.08784422E-05
   5914.9984295027198       0.117173262       1.78547507E-05
   5917.4556366408815       0.116716348       1.76889916E-05
   5919.9128437790432       0.158811748       2.10052713E-05
   5922.3700509172058       0.139232799       2.07756912E-05
   5924.8272580553676       0.159928948       2.17446723E-05
   5927.2844651935293       0.150620475       2.19988469E-05
   5929.7416723316910       0.165626884       2.33196570E-05
   5932.1988794698527       0.175570786       2.40504633E-05
   5934.6560866080144       0.147475600       2.20951806E-05
   5937.1132937461771       0.166753739       2.23038642E-05
   5939.5705008843388       0.139639631       2.14024167E-05
   5942.0277080225005       0.176452547       2.49096847E-05
   5944.4849151606622       0.203362241       2.72733832E-05
   5946.9421222988240       0.152942076       2.30635796E-05
   5949.3993294369857       0.158996806       2.17406050E-05
   5951.8565365751474       0.139424160       2.05859724E-05
   5954.3137437133100       0.150725931       2.12373561E-05
   5956.7709508514718       0.163925439       2.31501908E-05
   5959.2281579896335       0.171120942       2.38441644E-05
   5961.6853651277952       0.165557966       2.35557363E-05
   5964.1425722659569       0.161903977       2.32790244E-05
   5966.5997794041186       0.177827552       2.49019849E-05
   5969.0569865422813       0.179032817       2.46993786E-05
   5971.5141936804430       0.157554179       2.34260151E-05
   5973.9714008186047       0.176301464       2.36044962E-05
   5976.4286079567664       0.147800460       2.20609181E-05
   5978.8858150949281       0.147545487       2.13843032E-05
   5981.3430222330899       0.173475772       2.44202802E-05
   5983.8002293712525       0.186145559       2.61053210E-05
   5986.2574365094142       0.189581275       2.65367453E-05
   5988.7146436475759       0.166321486       2.43592913E-05
   5991.1718507857377       0.174909204       2.36383348E-05
   5993.6290579238994       0.180279329       2.02116407E-05
   5996.0862650620611       0.182190537       2.48182150E-05
   5998.5434722002228       0.200491786       2.75827715E-05
   6001.0006793383855       0.178005040       2.54615970E-05
   6003.4578864765472       0.162820131       2.31920822E-05
   6005.9150936147089       0.161106631       2.39051169E-05
   6008.3723007528706       0.201222137       2.69382981E-05
   6010.8295078910323       0.180780768       2.61108089E-05
   6013.2867150291941       0.163895026       2.44688090E-05
   6015.7439221673567       0.203198075       2.76649898E-05
   6018.2011293055184       0.193677485       2.73821406E-05
   6020.6583364436801       0.181153685       2.56738822E-05
   6023.1155435818418       0.168533370       2.47470016E-05
   6025.5727507200036       0.195351854       2.72288471E-05
   6028.0299578581653       0.207011700       2.93196645E-05
   6030.4871649963279       0.217905119       3.03160832E-05
   6032.9443721344896       0.206727177       2.94816673E-05
   6035.4015792726514       0.205581039       2.94785314E-05
   6037.8587864108131       0.223997816       3.16326950E-05
   6040.3159935489748       0.237209827       3.24592111E-05
   6042.7732006871365       0.200676188       2.95011068E-05
   6045.2304078252982       0.209561616       3.02056178E-05
   6047.6876149634609       0.243705139       3.35250370E-05
   6050.1448221016226       0.236128837       3.34716133E-05
   6052.6020292397843       0.228974760       3.28443020E-05
   6055.0592363779460       0.243052244       3.39565413E-05
   6057.5164435161078       0.238902345       3.36054072E-05
   6059.9736506542704       0.223897040       3.21293082E-05
   6062.4308577924321       0.230319872       3.28929054E-05
   6064.8880649305938       0.250768632       3.50406335E-05
   6067.3452720687555       0.254860878       3.62824030E-05
   6069.8024792069173       0.266452044       3.71428177E-05
   6072.2596863450790       0.255462885       3.60059530E-05
   6074.7168934832407       0.234626591       3.46550660E-05
   6077.1741006214033       0.281452358       3.97908407E-05
   6079.6313077595651       0.319678366       4.30532345E-05
   6082.0885148977268       0.262810171       3.86117827E-05
   6084.5457220358885       0.253170997       3.61373313E-05
   6087.0029291740502       0.261461437       3.60095401E-05
   6089.4601363122119       0.220375225       3.28368988E-05
   6091.9173434503737       0.250610381       3.50726441E-05
   6094.3745505885363       0.268177390       3.71855749E-05
   6096.8317577266980       0.248000801       3.50458213E-05
   6099.2889648648597       0.222866848       3.22673404E-05
   6101.7461720030215       0.230554715       3.25744913E-05
   6104.2033791411832       0.237377346       3.32816999E-05
   6106.6605862793458       0.234708741       3.40772713E-05
   6109.1177934175075       0.264917195       3.58680518E-05
   6111.5750005556692       0.230705827       3.33383505E-05
   6114.0322076938310       0.210943118       3.07424161E-05
   6116.4894148319927       0.231819361       3.15454563E-05
   6118.9466219701544       0.198438704       2.94404163E-05
   6121.4038291083161       0.221375942       3.09442257E-05
   6123.8610362464788       0.232037529       3.20844556E-05
   6126.3182433846405       0.204359084       2.91148899E-05
   6128.7754505228022       0.182111561       2.63970724E-05
   6131.2326576609639       0.189429387       2.71771405E-05
   6133.6898647991256       0.214200497       2.97249680E-05
   6136.1470719372874       0.213718981       3.00043957E-05
   6138.6042790754491       0.203425735       2.93594385E-05
   6141.0614862136117       0.214376763       2.92295263E-05
   6143.5186933517734       0.183553249       2.72680682E-05
   6145.9759004899352       0.199225679       2.74331214E-05
   6148.4331076280969       0.192249402       2.77428608E-05
   6150.8903147662586       0.199692398       2.84273774E-05
   6153.3475219044212       0.209337130       2.79446795E-05
   6155.8047290425829       0.185284242       2.05421820E-05
   6158.2619361807447       0.159351289       2.24268078E-05
   6160.7191433189064       0.189676091       2.58587334E-05
   6163.1763504570681       0.170796111       2.43330796E-05
   6165.6335575952298       0.158345610       2.26289303E-05
   6168.0907647333916       0.156057701       2.21334267E-05
   6170.5479718715542       0.158102974       2.26977827E-05
   6173.0051790097159       0.174298659       2.43802060E-05
   6175.4623861478776       0.181487158       2.57441752E-05
   6177.9195932860393       0.189602599       2.63972688E-05
   6180.3768004242011       0.181657821       2.58386408E-05
   6182.8340075623637       0.176185757       2.50007306E-05
   6185.2912147005254       0.175883681       2.47131229E-05
   6187.7484218386871       0.167398274       2.40571280E-05
   6190.2056289768489       0.174069181       2.40836380E-05
   6192.6628361150106       0.159438267       2.31217346E-05
   6195.1200432531723       0.166097090       2.30974601E-05
   6197.5772503913340       0.158076778       2.22638118E-05
   6200.0344575294966       0.140313923       2.03691197E-05
   6202.4916646676584       0.149177194       2.16188655E-05
   6204.9488718058201       0.176229104       2.36030628E-05
   6207.4060789439818       0.147879288       2.15112814E-05
   6209.8632860821435       0.132344961       1.94925924E-05
   6212.3204932203053       0.151681364       2.06653258E-05
   6214.7777003584670       0.137428328       2.00765353E-05
   6217.2349074966296       0.148528725       2.07581870E-05
   6219.6921146347913       0.152266845       2.15095206E-05
   6222.1493217729530       0.153123915       2.17068609E-05
   6224.6065289111148       0.157480016       2.23771931E-05
   6227.0637360492765       0.167241216       2.36070609E-05
   6229.5209431874382       0.173870206       2.41778980E-05
   6231.9781503256008       0.164275065       2.38999273E-05
   6234.4353574637626       0.182629853       2.57136217E-05
   6236.8925646019243       0.194793627       2.66885054E-05
   6239.3497717400860       0.166302100       2.44843413E-05
   6241.8069788782477       0.177128866       2.48908618E-05
   6244.2641860164094       0.183510303       2.56558360E-05
   6246.7213931545721       0.175394461       2.54620027E-05
   6249.1786002927338       0.195335269       2.71504923E-05
   6251.6358074308955       0.195505962       2.73907426E-05
   6254.0930145690572       0.181008175       2.62727172E-05
   6256.5502217072190       0.196873039       2.76796254E-05
   6259.0074288453807       0.204412803       2.83198806E-05
   6261.4646359835424       0.187349960       2.74611120E-05
   6263.9218431217050       0.206917897       2.82644141E-05
   6266.3790502598667       0.189126462       2.73702335E-05
   6268.8362573980285       0.189216211       2.75496241E-05
   6271.2934645361902       0.224507362       3.09838106E-05
   6273.7506716743519       0.225128010       3.18402235E-05
   6276.2078788125136       0.224559695       3.17611120E-05
   6278.6650859506763       0.225426182       3.25400761E-05
   6281.1222930888380       0.252329350       3.47180612E-05
   6283.5795002269997       0.238287657       3.39625949E-05
   6286.0367073651614       0.232636169       3.34918332E-05
   6288.4939145033231       0.252845705       3.50615046E-05
   6290.9511216414849       0.244617552       3.48344292E-05
   6293.4083287796475       0.242181659       3.46396700E-05
   6295.8655359178092       0.259581178       3.66568493E-05
   6298.3227430559709       0.275958002       3.94009658E-05
   6300.7799501941327       0.306186616       4.25000144E-05
   6303.2371573322944       0.303264737       4.32403613E-05
   6305.6943644704561       0.313409716       4.44142534E-05
   6308.1515716086178       0.329411596       4.62371172E-05
   6310.6087787467804       0.328610152       4.63528122E-05
   6313.0659858849422       0.321885526       4.57901915E-05
   6315.5231930231039       0.326076657       4.60292686E-05
   6317.9804001612656       0.327473551       4.63710858E-05
   6320.4376072994273       0.330445677       4.68762591E-05
   6322.8948144375890       0.340858251       4.80829913E-05
   6325.3520215757508       0.344189137       4.82044779E-05
   6327.8092287139134       0.326529324       4.66648344E-05
   6330.2664358520751       0.328145355       4.68677936E-05
   6332.7236429902368       0.351483017       4.93812295E-05
   6335.1808501283986       0.362688690       5.17698463E-05
   6337.6380572665603       0.393375605       5.51354351E-05
   6340.0952644047229       0.403441280       5.66651979E-05
   6342.5524715428846       0.395343602       5.65027440E-05
   6345.0096786810464       0.412246943       5.76779421E-05
   6347.4668858192081       0.400869757       5.59175569E-05
   6349.9240929573698       0.347636998       5.06634060E-05
   6352.3813000955315       0.359735101       5.19540081E-05
   6354.8385072336932       0.416822761       5.72229837E-05
   6357.2957143718559       0.400694728       5.68971591E-05
   6359.7529215100176       0.384295136       5.45513176E-05
   6362.2101286481793       0.380898684       5.38921413E-05
   6364.6673357863410       0.376494259       5.37869164E-05
   6367.1245429245027       0.396696597       5.57182866E-05
   6369.5817500626654       0.401308358       5.65807386E-05
   6372.0389572008271       0.395038962       5.55090082E-05
   6374.4961643389888       0.373754174       5.38464155E-05
   6376.9533714771505       0.391472250       5.43184469E-05
   6379.4105786153123       0.366301328       5.18523848E-05
   6381.8677857534740       0.334374756       4.88012665E-05
   6384.3249928916357       0.370843232       5.18982015E-05
   6386.7822000297983       0.384961694       5.38291897E-05
   6389.2394071679601       0.370208651       5.33281163E-05
   6391.6966143061218       0.400051445       5.68011019E-05
   6394.1538214442835       0.438214034       6.04956840E-05
   6396.6110285824452       0.411450118       5.86702045E-05
   6399.0682357206069       0.400229037       5.73394900E-05
   6401.5254428587687       0.424377799       5.94594130E-05
   6403.9826499969313       0.424432635       5.99866107E-05
   6406.4398571350930       0.422176570       6.00134845E-05
   6408.8970642732547       0.431003064       5.99882114E-05
   6411.3542714114164       0.399005562       5.72373028E-05
   6413.8114785495782       0.396063060       5.63972426E-05
   6416.2686856877408       0.412412286       5.76887032E-05
   6418.7258928259025       0.402818799       5.80193919E-05
   6421.1830999640642       0.434175372       5.99591731E-05
   6423.6403071022260       0.406146407       5.77312858E-05
   6426.0975142403877       0.380958080       5.51719604E-05
   6428.5547213785494       0.414283037       5.75282611E-05
   6431.0119285167111       0.402517527       5.68678479E-05
   6433.4691356548738       0.383847564       5.54462931E-05
   6435.9263427930355       0.418753535       5.88929361E-05
   6438.3835499311972       0.438524246       6.09964627E-05
   6440.8407570693589       0.412604600       5.92840879E-05
   6443.2979642075206       0.424103469       5.97759245E-05
   6445.7551713456824       0.431227475       6.07699694E-05
   6448.2123784838450       0.426217198       6.03805311E-05
   6450.6695856220067       0.423329413       5.92258875E-05
   6453.1267927601684       0.394074887       5.74745500E-05
   6455.5839998983301       0.439155787       6.18939812E-05
   6458.0412070364919       0.476517200       6.62664388E-05
   6460.4984141746536       0.462702036       6.62498715E-05
   6462.9556213128162       0.481659174       6.74433322E-05
   6465.4128284509779       0.475674510       6.75636184E-05
   6467.8700355891397       0.477557510       6.76836935E-05
   6470.3272427273014       0.488936871       6.87757420E-05
   6472.7844498654631       0.481127977       6.78411088E-05
   6475.2416570036248       0.463145226       6.57330675E-05
   6477.6988641417865       0.452454865       6.41832594E-05
   6480.1560712799492       0.450386316       6.35759570E-05
   6482.6132784181109       0.442946821       6.32225710E-05
   6485.0704855562726       0.460941762       6.50886213E-05
   6487.5276926944343       0.476261854       6.72271926E-05
   6489.9848998325961       0.486813158       6.92136746E-05
   6492.4421069707587       0.512967825       7.20947355E-05
   6494.8993141089204       0.519692123       7.33121851E-05
   6497.3565212470821       0.519636810       7.47269514E-05
   6499.8137283852438       0.571630657       7.99145637E-05
   6502.2709355234056       0.588967562       8.34739330E-05
   6504.7281426615673       0.608043790       8.56623883E-05
   6507.1853497997290       0.616394997       8.71993980E-05
   6509.6425569378916       0.625820041       8.96389975E-05
   6512.0997640760534       0.683522880       9.55847499E-05
   6514.5569712142151       0.699984014       9.96329836E-05
   6517.0141783523768       0.738834262       1.03939783E-04
   6519.4713854905385       0.758694828       1.07437227E-04
   6521.9285926287002       0.784805834       1.12379537E-04
   6524.3857997668620       0.870854974       1.21769350E-04
   6526.8430069050246       0.896967232       1.26331244E-04
   6529.3002140431863       0.898956776       1.28776679E-04
   6531.7574211813480       0.973662496       1.36940478E-04
   6534.2146283195098        1.01835775       1.43082434E-04
   6536.6718354576715        1.01690471       1.43792902E-04
   6539.1290425958341        1.01007366       1.41774741E-04
   6541.5862497339958       0.950112522       1.34635004E-04
   6544.0434568721575       0.890113235       1.26670333E-04
   6546.5006640103193       0.859842896       1.21572717E-04
   6548.9578711484810       0.825427115       1.17401178E-04
   6551.4150782866427       0.820960939       1.18677068E-04
   6553.8722854248044       0.939805090       1.35464841E-04
   6556.3294925629671        1.16542602       1.63807897E-04
   6558.7866997011288        1.32164609       1.80183561E-04
   6561.2439068392905        1.16258228       1.62505705E-04
   6563.7011139774522       0.825861573       1.22896716E-04
   6566.1583211156139       0.690840483       1.00896119E-04
   6568.6155282537766       0.707971334       1.00019926E-04
   6571.0727353919374       0.721611559       1.01599639E-04
   6573.5299425301000       0.712244689       9.97501847E-05
   6575.9871496682617       0.655875146       9.37620862E-05
   6578.4443568064235       0.639989495       9.20598104E-05
   6580.9015639445852       0.698845923       9.85395527E-05
   6583.3587710827469       0.745191157       1.03658997E-04
   6585.8159782209095       0.715509176       1.01451027E-04
   6588.2731853590703       0.691681564       9.83476275E-05
   6590.7303924972330       0.691516459       9.70009860E-05
   6593.1875996353947       0.654190481       9.28490335E-05
   6595.6448067735564       0.629887879       9.07466383E-05
   6598.1020139117181       0.683478236       9.61296610E-05
   6600.5592210498799       0.717637300       1.00228324E-04
   6603.0164281880425       0.694460928       9.88688844E-05
   6605.4736353262042       0.698889673       9.93863287E-05
   6607.9308424643659       0.733406842       1.03795595E-04
   6610.3880496025276       0.768747211       1.07206622E-04
   6612.8452567406894       0.737852573       1.04274295E-04
   6615.3024638788520       0.693835199       9.87879903E-05
   6617.7596710170128       0.678003907       9.57259690E-05
   6620.2168781551754       0.652435660       9.22462641E-05
   6622.6740852933372       0.622300923       8.86919952E-05
   6625.1312924314989       0.626027465       9.00151354E-05
   6627.5884995696606       0.693538368       9.63246566E-05
   6630.0457067078223       0.685109019       9.58296077E-05
   6632.5029138459849       0.617435277       8.88424911E-05
   6634.9601209841458       0.614895463       8.76226914E-05
   6637.4173281223084       0.646728277       9.12353571E-05
   6639.8745352604701       0.668968797       9.39143647E-05
   6642.3317423986318       0.658145070       9.23504776E-05
   6644.7889495367936       0.611853778       8.69518044E-05
   6647.2461566749553       0.573488057       8.07536853E-05
   6649.7033638131179       0.519121468       7.47083541E-05
   6652.1605709512796       0.515706301       7.36300572E-05
   6654.6177780894413       0.546951711       7.65794466E-05
   6657.0749852276031       0.548652470       7.87880053E-05
   6659.5321923657648       0.598674059       8.36219115E-05
   6661.9893995039274       0.612538159       8.70973890E-05
   6664.4466066420882       0.639033258       8.95202975E-05
   6666.9038137802509       0.635798335       9.01120366E-05
   6669.3610209184126       0.635264337       9.02078173E-05
   6671.8182280565743       0.653495431       9.14185657E-05
   6674.2754351947360       0.625229478       8.85420595E-05
   6676.7326423328977       0.594506085       8.36712788E-05
   6679.1898494710604       0.544164121       7.84169533E-05
   6681.6470566092212       0.552657366       7.79152178E-05
   6684.1042637473838       0.557275534       7.88263787E-05
   6686.5614708855455       0.558610380       7.89768310E-05
   6689.0186780237073       0.560324967       7.90611157E-05
   6691.4758851618690       0.554816306       7.93229920E-05
   6693.9330923000307       0.587213874       8.28328411E-05
   6696.3902994381933       0.614737034       8.68135467E-05
   6698.8475065763550       0.635742068       8.98498183E-05
   6701.3047137145168       0.657236874       9.28125883E-05
   6703.7619208526785       0.671184421       9.43078921E-05
   6706.2191279908402       0.659196615       9.31644827E-05
   6708.6763351290019       0.637969851       8.95881094E-05
   6711.1335422671636       0.584946454       8.30081481E-05
   6713.5907494053263       0.535108209       7.72055137E-05
   6716.0479565434880       0.549687803       7.69057733E-05
   6718.5051636816497       0.534821033       7.66482190E-05
   6720.9623708198114       0.558556080       7.87831596E-05
   6723.4195779579732       0.577753007       8.09030389E-05
   6725.8767850961358       0.557436347       7.93080835E-05
   6728.3339922342975       0.556368411       7.86164674E-05
   6730.7911993724592       0.556257665       7.95825763E-05
   6733.2484065106210       0.596289158       8.40217544E-05
   6735.7056136487827       0.625169933       8.76804334E-05
   6738.1628207869444       0.621364772       8.81545129E-05
   6740.6200279251061       0.627671897       8.82371678E-05
   6743.0772350632687       0.610395193       8.58769126E-05
   6745.5344422014305       0.567913175       8.13709266E-05
   6747.9916493395922       0.571296394       8.12556100E-05
   6750.4488564777539       0.598154545       8.43062007E-05
   6752.9060636159156       0.614166260       8.70670701E-05
   6755.3632707540773       0.639809370       9.06536443E-05
   6757.8204778922391       0.675487638       9.51780821E-05
   6760.2776850304017       0.694221675       9.73713031E-05
   6762.7348921685634       0.677110612       9.63132916E-05
   6765.1920993067251       0.685565948       9.82669517E-05
   6767.6493064448869       0.750006795       1.04326813E-04
   6770.1065135830486       0.742129207       1.05137107E-04
   6772.5637207212112       0.734767973       1.04487037E-04
   6775.0209278593729       0.752933502       1.04797749E-04
   6777.4781349975347       0.692261934       9.82742931E-05
   6779.9353421356964       0.635483861       9.13754411E-05
   6782.3925492738581       0.642705083       9.02177853E-05
   6784.8497564120198       0.624663115       8.90658775E-05
   6787.3069635501815       0.635423958       9.10218587E-05
   6789.7641706883442       0.698811352       9.75004368E-05
   6792.2213778265059       0.705140948       9.94016373E-05
   6794.6785849646676       0.693588495       9.85868537E-05
   6797.1357921028293       0.705324113       9.98410178E-05
   6799.5929992409910       0.722672760       1.01835620E-04
   6802.0502063791528       0.724746704       1.02799255E-04
   6804.5074135173145       0.740213215       1.04594474E-04
   6806.9646206554771       0.752796888       1.05923798E-04
   6809.4218277936388       0.740087807       1.04619809E-04
   6811.8790349318006       0.724389553       1.03326922E-04
   6814.3362420699623       0.747972608       1.05339364E-04
   6816.7934492081240       0.752900779       1.05667248E-04
   6819.2506563462866       0.719082832       1.02553720E-04
   6821.7078634844484       0.719779372       1.02052873E-04
   6824.1650706226101       0.735945165       1.04084633E-04
   6826.6222777607718       0.752487957       1.06693522E-04
   6829.0794848989335       0.782615602       1.10247944E-04
   6831.5366920370961       0.794112086       1.11903515E-04
   6833.9938991752570       0.788624346       1.12123576E-04
   6836.4511063134196       0.808205187       1.13924470E-04
   6838.9083134515813       0.811982274       1.14152273E-04
   6841.3655205897430       0.784508169       1.11918453E-04
   6843.8227277279047       0.794519842       1.11337984E-04
   6846.2799348660665       0.762787819       1.08177024E-04
   6848.7371420042291       0.735793293       1.05265484E-04
   6851.1943491423908       0.768081069       1.09002707E-04
   6853.6515562805525       0.817550659       1.14809387E-04
   6856.1087634187143       0.833987296       1.17915282E-04
   6858.5659705568760       0.848266006       1.20090212E-04
   6861.0231776950377       0.864446402       1.19840872E-04
   6863.4803848331994       0.765550256       1.08527893E-04
   6865.9375919713621       0.648709476       9.41112739E-05
   6868.3947991095238       0.634753644       9.20834937E-05
   6870.8520062476855       0.727920532       1.02572696E-04
   6873.3092133858472       0.802812874       1.11952198E-04
   6875.7664205240089       0.807499707       1.14461618E-04
   6878.2236276621707       0.822691739       1.16206582E-04
   6880.6808348003324       0.830324590       1.16163850E-04
   6883.1380419384950       0.782394409       1.12262700E-04
   6885.5952490766567       0.799987018       1.13063601E-04
   6888.0524562148184       0.819134712       1.14841176E-04
   6890.5096633529802       0.791632295       1.13236638E-04
   6892.9668704911419       0.816124916       1.14383118E-04
   6895.4240776293036       0.799981654       1.13203911E-04
   6897.8812847674662       0.779556572       1.11098831E-04
   6900.3384919056280       0.801449656       1.13935217E-04
   6902.7956990437897       0.854282260       1.21196914E-04
   6905.2529061819514       0.922146499       1.28881366E-04
   6907.7101133201131       0.922410011       1.29873093E-04
   6910.1673204582748       0.889458716       1.26259663E-04
   6912.6245275964375       0.875075698       1.23742677E-04
   6915.0817347345992       0.858443916       1.21886973E-04
   6917.5389418727609       0.867286801       1.24369733E-04
   6919.9961490109226       0.951222599       1.33560752E-04
   6922.4533561490844       0.997805238       1.40527729E-04
   6924.9105632872470        1.01392043       1.43819168E-04
   6927.3677704254078        1.05228376       1.48675506E-04
   6929.8249775635704        1.08541131       1.52912879E-04
   6932.2821847017321        1.08798182       1.52888562E-04
   6934.7393918398939        1.05029643       1.51493223E-04
   6937.1965989780556        1.13973999       1.61417440E-04
   6939.6538061162173        1.25214124       1.77098249E-04
   6942.1110132543799        1.35430503       1.89353246E-04
   6944.5682203925408        1.36433947       1.91997999E-04
   6947.0254275307034        1.31963909       1.87256068E-04
   6949.4826346688651        1.29642975       1.82203119E-04
   6951.9398418070268        1.21944261       1.74694360E-04
   6954.3970489451885        1.23081279       1.74285989E-04
   6956.8542560833503        1.26603377       1.80213116E-04
   6959.3114632215129        1.34550416       1.88826729E-04
   6961.7686703596746        1.36556220       1.92296153E-04
   6964.2258774978363        1.34300709       1.91362138E-04
   6966.6830846359981        1.38098860       1.94158754E-04
   6969.1402917741598        1.37624311       1.95960965E-04
   6971.5974989123215        1.42756939       2.02574258E-04
   6974.0547060504832        1.51300120       2.12222265E-04
   6976.5119131886458        1.52270770       2.15437874E-04
   6978.9691203268076        1.52888525       2.15689623E-04
   6981.4263274649693        1.51432836       2.14238375E-04
   6983.8835346031310        1.49803317       2.12258514E-04
   6986.3407417412927        1.49725211       2.10694940E-04
   6988.7979488794554        1.44739628       2.05870543E-04
   6991.2551560176171        1.44723606       2.06218974E-04
   6993.7123631557788        1.51485384       2.12354658E-04
   6996.1695702939405        1.50291765       2.12640502E-04
   6998.6267774321022        1.48600876       2.11347869E-04
   7001.0839845702640        1.52530587       2.15622204E-04
   7003.5411917084257        1.56925488       2.23422263E-04
   7005.9983988465883        1.67361856       2.34322433E-04
   7008.4556059847500        1.67990422       2.37416942E-04
   7010.9128131229118        1.67312133       2.38897439E-04
   7013.3700202610735        1.76834035       2.48211087E-04
   7015.8272273992352        1.78798127       2.52645696E-04
   7018.2844345373978        1.79437685       2.54991173E-04
   7020.7416416755586        1.85619593       2.61676265E-04
   7023.1988488137213        1.89737725       2.71462952E-04
   7025.6560559518830        2.07529259       2.93155346E-04
   7028.1132630900447        2.24710965       3.15560843E-04
   7030.5704702282064        2.31852198       3.27440182E-04
   7033.0276773663682        2.36463833       3.32387484E-04
   7035.4848845045308        2.32851100       3.31924937E-04
   7037.9420916426916        2.39828610       3.38488142E-04
   7040.3992987808542        2.45412326       3.46745161E-04
   7042.8565059190159        2.48441744       3.49959446E-04
   7045.3137130571777        2.45072842       3.43081949E-04
   7047.7709201953394        2.21971011       3.10304225E-04
   7050.2281273335011        1.73866165       2.49592384E-04
   7052.6853344716637        1.24686611       1.84210425E-04
   7055.1425416098255        1.01869333       1.46773105E-04
   7057.5997487479872       0.898271680       1.30400018E-04
   7060.0569558861489       0.917411029       1.29512729E-04
   7062.5141630243106       0.945454419       1.34239453E-04
   7064.9713701624732       0.991907418       1.39262527E-04
   7067.4285773006350        1.00661516       1.42203629E-04
   7069.8857844387967        1.01660848       1.44798134E-04
   7072.3429915769584        1.08071792       1.51608256E-04
   7074.8001987151201        1.10217512       1.56292794E-04
   7077.2574058532819        1.14388299       1.60789612E-04
   7079.7146129914436        1.14955628       1.60973330E-04
   7082.1718201296062        1.07549906       1.50663953E-04
   7084.6290272677679       0.920029581       1.32154397E-04
   7087.0862344059296       0.833963096       1.19591852E-04
   7089.5434415440914       0.827965736       1.17545052E-04
   7092.0006486822531       0.846511066       1.19974764E-04
   7094.4578558204148       0.876917422       1.23272519E-04
   7096.9150629585765       0.877735913       1.24594284E-04
   7099.3722700967392       0.899419904       1.27919804E-04
   7101.8294772349009       0.956170976       1.34460206E-04
   7104.2866843730626       0.982986748       1.38906151E-04
   7106.7438915112243        1.00622594       1.42790159E-04
   7109.2010986493860        1.05503857       1.49158295E-04
   7111.6583057875478        1.10520923       1.55843823E-04
   7114.1155129257095        1.13490140       1.59607414E-04
   7116.5727200638721        1.12578332       1.58830328E-04
   7119.0299272020338        1.09054697       1.52546811E-04
   7121.4871343401956       0.968450427       1.37505733E-04
   7123.9443414783573       0.842011094       1.21851466E-04
   7126.4015486165190       0.829380512       1.17175863E-04
   7128.8587557546816       0.822711885       1.17661228E-04
   7131.3159628928424       0.865027368       1.21265213E-04
   7133.7731700310051       0.870831132       1.23399383E-04
   7136.2303771691668       0.879147410       1.24582584E-04
   7138.6875843073285       0.902178168       1.26637722E-04
   7141.1447914454911       0.884726346       1.26866595E-04
   7143.6019985836519       0.942156076       1.32019195E-04
   7146.0592057218146       0.952335894       1.34514208E-04
   7148.5164128599763       0.954114079       1.36076764E-04
   7150.9736199981380        1.00409412       1.40253309E-04
   7153.4308271362997       0.985302866       1.39894459E-04
   7155.8880342744615       0.978730798       1.38580202E-04
   7158.3452414126241       0.988155127       1.39354845E-04
   7160.8024485507858       0.973015666       1.37718380E-04
   7163.2596556889475       0.967080295       1.37237934E-04
   7165.7168628271093       0.976817310       1.37918454E-04
   7168.1740699652710       0.980051517       1.38305535E-04
   7170.6312771034327       0.966858327       1.38327290E-04
   7173.0884842415944        1.02592063       1.44505553E-04
   7175.5456913797570        1.06406593       1.50745051E-04
   7178.0028985179188        1.11695588       1.58472918E-04
   7180.4601056560805        1.19112313       1.67002509E-04
   7182.9173127942422        1.20454884       1.69663588E-04
   7185.3745199324039        1.17855346       1.67250459E-04
   7187.8317270705656        1.17811298       1.66121885E-04
   7190.2889342087274        1.15304518       1.63102828E-04
   7192.7461413468900        1.12124622       1.57261529E-04
   7195.2033484850517        1.02204299       1.46228398E-04
   7197.6605556232134       0.987139046       1.41231852E-04
   7200.1177627613752        1.02782273       1.45043479E-04
   7202.5749698995369        1.06060851       1.50497101E-04
   7205.0321770376986        1.11363661       1.57453294E-04
   7207.4893841758603        1.17103612       1.65599457E-04
   7209.9465913140230        1.22934079       1.74169181E-04
   7212.4037984521847        1.30015755       1.82273143E-04
   7214.8610055903464        1.30468965       1.85260054E-04
   7217.3182127285090        1.33777595       1.89606057E-04
   7219.7754198666698        1.40090656       1.98921014E-04
   7222.2326270048325        1.49182916       2.08334881E-04
   7224.6898341429942        1.47093177       2.08001162E-04
   7227.1470412811559        1.43524492       2.04166790E-04
   7229.6042484193176        1.44891834       2.03494041E-04
   7232.0614555574793        1.40769780       2.02536467E-04
   7234.5186626956420        1.50667179       2.11200750E-04
   7236.9758698338028        1.53726280       2.17752066E-04
   7239.4330769719654        1.58139849       2.27423341E-04
   7241.8902841101271        1.78225029       2.47403310E-04
   7244.3474912482889        1.79233909       2.54062907E-04
   7246.8046983864506        1.80476499       2.55673076E-04
   7249.2619055246123        1.85217810       2.62698479E-04
   7251.7191126627749        1.93472385       2.75262631E-04
   7254.1763198009367        2.08721137       2.92409764E-04
   7256.6335269390984        2.12930012       3.02300585E-04
   7259.0907340772601        2.20312953       3.09133378E-04
   7261.5479412154218        2.19037962       3.12484714E-04
   7264.0051483535835        2.27529073       3.19968007E-04
   7266.4623554917453        2.29319167       3.21381580E-04
   7268.9195626299079        2.14387512       3.03481647E-04
   7271.3767697680696        1.99451506       2.86172057E-04
   7273.8339769062313        2.01754284       2.89432908E-04
   7276.2911840443930        2.22984672       3.13833822E-04
   7278.7483911825548        2.38380027       3.37407109E-04
   7281.2055983207165        2.53630376       3.54344258E-04
   7283.6628054588782        2.49793243       3.53263400E-04
   7286.1200125970408        2.44684315       3.50269693E-04
   7288.5772197352026        2.59309316       3.68247362E-04
   7291.0344268733643        2.80905771       3.94390547E-04
   7293.4916340115260        2.90884042       4.12783207E-04
   7295.9488411496877        3.05629516       4.29265230E-04
   7298.4060482878504        3.08858228       4.38275601E-04
   7300.8632554260121        3.17821693       4.51999134E-04
   7303.3204625641738        3.38793588       4.76415793E-04
   7305.7776697023355        3.48127723       4.91474115E-04
   7308.2348768404972        3.53154302       5.00328606E-04
   7310.6920839786590        3.62598014       5.14121668E-04
   7313.1492911168207        3.78046417       5.33722981E-04
   7315.6064982549833        3.89874744       5.50707220E-04
   7318.0637053931450        3.98273349       5.62928268E-04
   7320.5209125313067        4.06098413       5.74778416E-04
   7322.9781196694685        4.13842249       5.80517401E-04
   7325.4353268076302        4.02121496       5.75362355E-04
   7327.8925339457928        4.17766857       5.93450386E-04
   7330.3497410839536        4.47294521       6.28332433E-04
   7332.8069482221163        4.57916307       6.48243993E-04
   7335.2641553602780        4.70372581       6.61754864E-04
   7337.7213624984397        4.67417812       6.59718353E-04
   7340.1785696366014        4.56264591       6.45968947E-04
   7342.6357767747631        4.47008324       6.34315307E-04
   7345.0929839129258        4.46329880       6.30931521E-04
   7347.5501910510866        4.45060349       6.31772971E-04
   7350.0073981892492        4.53235388       6.40094222E-04
   7352.4646053274109        4.59255838       6.51049719E-04
   7354.9218124655727        4.71358299       6.65582076E-04
   7357.3790196037344        4.80472469       6.79756806E-04
   7359.8362267418961        4.91300774       6.97917072E-04
   7362.2934338800587        5.16736555       7.27438368E-04
   7364.7506410182204        5.27735758       7.42271543E-04
   7367.2078481563822        5.19813633       7.36211077E-04
   7369.6650552945439        5.14280891       7.25865772E-04
   7372.1222624327056        5.02546740       7.12207926E-04
   7374.5794695708682        4.95859861       7.06174527E-04
   7377.0366767090300        5.12590837       7.24605052E-04
   7379.4938838471917        5.28440332       7.43868877E-04
   7381.9510909853534        5.29752111       7.50312291E-04
   7384.4082981235151        5.34614706       7.55203073E-04
   7386.8655052616768        5.36073303       7.54716981E-04
   7389.3227123998386        5.20632219       7.38522445E-04
   7391.7799195380012        5.13254547       7.27205537E-04
   7394.2371266761629        5.13339520       7.28953863E-04
   7396.6943338143246        5.25234604       7.38210569E-04
   7399.1515409524864        5.19062710       7.35751935E-04
   7401.6087480906481        5.16194201       7.27872539E-04
   7404.0659552288098        5.07004213       7.21587683E-04
   7406.5231623669715        5.15713739       7.29626219E-04
   7408.9803695051341        5.28149271       7.42104487E-04
   7411.4375766432959        5.17796707       7.32991379E-04
   7413.8947837814576        5.08266687       7.16694572E-04
   7416.3519909196193        4.89555407       6.99113531E-04
   7418.8091980577810        4.99354029       7.06642983E-04
   7421.2664051959437        5.15418720       7.29590189E-04
   7423.7236123341045        5.32860804       7.48589344E-04
   7426.1808194722671        5.30465698       7.50123058E-04
   7428.6380266104288        5.24061060       7.38900446E-04
   7431.0952337485905        5.08157492       7.19391683E-04
   7433.5524408867523        4.92701292       7.01780780E-04
   7436.0096480249140        5.00121260       7.05862651E-04
   7438.4668551630766        5.01758671       7.07221800E-04
   7440.9240623012374        4.91879368       6.96513511E-04
   7443.3812694394001        4.85185003       6.89920096E-04
   7445.8384765775618        4.95472622       6.98757416E-04
   7448.2956837157235        4.98642206       7.05607876E-04
   7450.7528908538861        5.03075171       7.10824737E-04
   7453.2100979920478        5.05492496       7.14109454E-04
   7455.6673051302096        5.04043245       7.13338901E-04
   7458.1245122683713        5.05689526       7.18051393E-04
   7460.5817194065330        5.19942284       7.32319488E-04
   7463.0389265446947        5.22766447       7.38622446E-04
   7465.4961336828565        5.20525026       7.35590409E-04
   7467.9533408210191        5.16988754       7.32695567E-04
   7470.4105479591808        5.19380093       7.34833593E-04
   7472.8677550973425        5.24282408       7.41578231E-04
   7475.3249622355042        5.30608940       7.52997585E-04
   7477.7821693736660        5.47433472       7.68645550E-04
   7480.2393765118277        5.42683935       7.72053434E-04
   7482.6965836499894        5.54454660       7.80277245E-04
   7485.1537907881520        5.52590275       7.81062816E-04
   7487.6109979263138        5.45220709       7.73663283E-04
   7490.0682050644755        5.50789261       7.78561458E-04
   7492.5254122026372        5.55091524       7.86874560E-04
   7494.9826193407989        5.67751360       8.01268092E-04
   7497.4398264789606        5.74388647       8.13099905E-04
   7499.8970336171224        5.83270121       8.21439782E-04
   7502.3542407552850        5.77910471       8.19545530E-04
   7504.8114478934467        5.81405306       8.23442882E-04
   7507.2686550316084        5.90766191       8.31929268E-04
   7509.7258621697702        5.84355116       8.26690055E-04
   7512.1830693079319        5.76902008       8.17286200E-04
   7514.6402764460936        5.76782179       8.17686261E-04
   7517.0974835842553        5.84918928       8.26061645E-04
   7519.5546907224179        5.88828707       8.30823556E-04
   7522.0118978605797        5.83095121       8.27005657E-04
   7524.4691049987414        5.89268064       8.36593972E-04
   7526.9263121369040        6.09555578       8.57796869E-04
   7529.3835192750648        6.13084602       8.68163770E-04
   7531.8407264132275        6.21259212       8.83669127E-04
   7534.2979335513892        6.52731371       9.17420548E-04
   7536.7551406895509        6.61655140       9.35103104E-04
   7539.2123478277126        6.63499832       9.32778930E-04
   7541.6695549658743        6.43132973       9.15994460E-04
   7544.1267621040370        6.46048021       9.11176438E-04
   7546.5839692421978        6.41754770       9.08125890E-04
   7549.0411763803604        6.37050295       9.06353234E-04
   7551.4983835185221        6.56937313       9.23153071E-04
   7553.9555906566839        6.52882242       9.26657405E-04
   7556.4127977948456        6.60944748       9.32344003E-04
   7558.8700049330073        6.60747099       9.32590687E-04
   7561.3272120711699        6.49770308       9.18291684E-04
   7563.7844192093316        6.35653353       9.01727646E-04
   7566.2416263474934        6.33744144       8.99545907E-04
   7568.6988334856551        6.48388100       9.17346100E-04
   7571.1560406238168        6.66733932       9.42032144E-04
   7573.6132477619785        6.82348156       9.63853381E-04
   7576.0704549001402        6.94468117       9.81570221E-04
   7578.5276620383029        7.04504538       9.91909765E-04
   7580.9848691764637        6.92677402       9.70296853E-04
   7583.4420763146263        6.33136415       8.95814970E-04
   7585.8992834527880        5.60978937       7.96523818E-04
   7588.3564905909498        4.90454149       6.94530550E-04
   7590.8136977291124        4.07907581       5.83105953E-04
   7593.2709048672732        3.33889866       4.75738139E-04
   7595.7281120054358        2.58780146       3.73633433E-04
   7598.1853191435976        1.98821259       2.91899894E-04
   7600.6425262817593        1.80986094       2.58862798E-04
   7603.0997334199219        1.80552471       2.61171139E-04
   7605.5569405580827        2.07644749       2.96392653E-04
   7608.0141476962453        2.49228597       3.56547069E-04
   7610.4713548344071        3.09935355       4.45510261E-04
   7612.9285619725688        3.93708634       5.45758230E-04
   7615.3857691107305        4.28077221       5.94690675E-04
   7617.8429762488922        4.10538149       5.70627395E-04
   7620.3001833870549        3.40895391       4.85133845E-04
   7622.7573905252157        2.62202930       3.82547645E-04
   7625.2145976633783        2.24945498       3.23318905E-04
   7627.6718048015400        2.10034227       2.99360952E-04
   7630.1290119397017        2.05042243       2.91058212E-04
   7632.5862190778635        2.06037641       2.92463345E-04
   7635.0434262160252        2.11158299       2.95752950E-04
   7637.5006333541878        2.04639626       2.91177712E-04
   7639.9578404923486        2.04266620       2.88999727E-04
   7642.4150476305113        2.05764246       2.89805117E-04
   7644.8722547686730        2.01355743       2.85143033E-04
   7647.3294619068347        1.97833169       2.77905667E-04
   7649.7866690449964        1.85779524       2.64000410E-04
   7652.2438761831581        1.77073574       2.48453376E-04
   7654.7010833213208        1.59522140       2.26043107E-04
   7657.1582904594816        1.39355338       1.97247835E-04
   7659.6154975976442        1.17981935       1.70441112E-04
   7662.0727047358059        1.09878421       1.59278745E-04
   7664.5299118739676        1.20775414       1.71687279E-04
   7666.9871190121294        1.36813056       1.94607186E-04
   7669.4443261502911        1.56928349       2.19812049E-04
   7671.9015332884537        1.68768692       2.38882159E-04
   7674.3587404266145        1.81099224       2.55059567E-04
   7676.8159475647772        1.90140450       2.68810254E-04
   7679.2731547029389        1.98488796       2.79483735E-04
   7681.7303618411006        2.02147794       2.84879847E-04
   7684.1875689792632        2.00525236       2.82154157E-04
   7686.6447761174240        1.91335940       2.68831820E-04
   7689.1019832555867        1.71397161       2.43744857E-04
   7691.5591903937484        1.53269982       2.17969078E-04
   7694.0163975319101        1.38779712       2.00248309E-04
   7696.4736046700727        1.41007054       2.01549919E-04
   7698.9308118082336        1.54561722       2.21214927E-04
   7701.3880189463962        1.79437780       2.53815437E-04
   7703.8452260845579        2.02575421       2.82374560E-04
   7706.3024332227196        2.09079337       2.99918727E-04
   7708.7596403608813        2.33012700       3.27561720E-04
   7711.2168474990431        2.49239755       3.49232141E-04
   7713.6740546372057        2.50425529       3.56693403E-04
   7716.1312617753665        2.62997127       3.71667993E-04
   7718.5884689135291        2.75829577       3.90428148E-04
   7721.0456760516909        2.89926982       4.09268920E-04
   7723.5028831898526        3.01513839       4.26642655E-04
   7725.9600903280143        3.14552474       4.45721264E-04
   7728.4172974661760        3.31673837       4.67846054E-04
   7730.8745046043387        3.44049931       4.86755394E-04
   7733.3317117424995        3.56913400       5.03754593E-04
   7735.7889188806621        3.64608407       5.11164020E-04
   7738.2461260188238        3.50515580       4.94678796E-04
   7740.7033331569855        3.27436519       4.65020566E-04
   7743.1605402951473        3.10580969       4.42453631E-04
   7745.6177474333090        3.06266451       4.32267581E-04
   7748.0749545714716        2.97752309       4.21764475E-04
   7750.5321617096324        2.91179228       4.15759336E-04
   7752.9893688477950        3.02100062       4.26185055E-04
   7755.4465759859568        3.10277915       4.39608324E-04
   7757.9037831241185        3.21038914       4.52681590E-04
   7760.3609902622811        3.27652550       4.64478595E-04
   7762.8181974004419        3.39588380       4.81803523E-04
   7765.2754045386046        3.58306527       5.01749804E-04
   7767.7326116767663        3.56429267       5.05956355E-04
   7770.1898188149280        3.60812640       5.08754631E-04
   7772.6470259530906        3.59686255       5.06962126E-04
   7775.1042330912514        3.49234128       4.95882297E-04
   7777.5614402294141        3.46647120       4.89709375E-04
   7780.0186473675749        3.42266011       4.85607656E-04
   7782.4758545057375        3.43534589       4.85494558E-04
   7784.9330616438992        3.44508457       4.88966878E-04
   7787.3902687820610        3.52706647       4.98159206E-04
   7789.8474759202236        3.58220100       5.03267918E-04
   7792.3046830583844        3.48252749       4.94843989E-04
   7794.7618901965470        3.47383428       4.92984371E-04
   7797.2190973347087        3.55853915       5.06433309E-04
   7799.6763044728705        3.80688167       5.42867056E-04
   7802.1335116110322        4.24967766       5.96052269E-04
   7804.5907187491939        4.48892832       6.32615003E-04
   7807.0479258873565        4.61728382       6.52480056E-04
   7809.5051330255174        4.73363733       6.68283144E-04
   7811.9623401636800        4.80213404       6.79285848E-04
   7814.4195473018417        4.86195087       6.81385980E-04
   7816.8767544400034        4.63436365       6.56026707E-04
   7819.3339615781651        4.37710953       6.22029824E-04
   7821.7911687163269        4.23968458       6.01806445E-04
   7824.2483758544895        4.18940163       5.93334960E-04
   7826.7055829926503        4.17073822       5.89463336E-04
   7829.1627901308129        4.14093637       5.89291856E-04
   7831.6199972689747        4.26975870       6.02995744E-04
   7834.0772044071364        4.37572479       6.17486250E-04
   7836.5344115452981        4.42128325       6.27082540E-04
   7838.9916186834598        4.55017710       6.42414321E-04
   7841.4488258216224        4.64650583       6.57110650E-04
   7843.9060329597842        4.73711586       6.67785644E-04
   7846.3632400979459        4.73873901       6.69896835E-04
   7848.8204472361076        4.72584677       6.70687645E-04
   7851.2776543742693        4.81801128       6.79508550E-04
   7853.7348615124320        4.83801842       6.83027320E-04
   7856.1920686505928        4.78463888       6.74432667E-04
   7858.6492757887554        4.62871408       6.56667107E-04
   7861.1064829269171        4.53680468       6.42919389E-04
   7863.5636900650788        4.51056194       6.38438680E-04
   7866.0208972032406        4.49985075       6.36989949E-04
   7868.4781043414023        4.52009535       6.39737060E-04
   7870.9353114795649        4.57176161       6.50708214E-04
   7873.3925186177257        4.82203054       6.82218117E-04
   7875.8497257558884        5.09949017       7.18742260E-04
   7878.3069328940501        5.28177595       7.46136648E-04
   7880.7641400322118        5.42192125       7.64271943E-04
   7883.2213471703744        5.46993446       7.74359505E-04
   7885.6785543085352        5.53530359       7.80675269E-04
   7888.1357614466979        5.52054977       7.79436145E-04
   7890.5929685848587        5.41516733       7.64048076E-04
   7893.0501757230213        5.21744013       7.37832743E-04
   7895.5073828611830        4.98698425       7.11568631E-04
   7897.9645899993448        5.01914597       7.07208877E-04
   7900.4217971375074        4.95667648       7.02038291E-04
   7902.8790042756682        4.89313650       6.86819025E-04
   7905.3362114138308        4.60919857       6.58384582E-04
   7907.7934185519925        4.56997538       6.49474969E-04
   7910.2506256901543        4.69615269       6.60380058E-04
   7912.7078328283160        4.66317701       6.63085433E-04
   7915.1650399664777        4.76973438       6.70223322E-04
   7917.6222471046403        4.72325611       6.73339469E-04
   7920.0794542428021        4.89909697       6.93690556E-04
   7922.5366613809638        5.14175940       7.22557656E-04
   7924.9938685191255        5.18767262       7.35679991E-04
   7927.4510756572872        5.32215786       7.52217718E-04
   7929.9082827954498        5.46556044       7.72189931E-04
   7932.3654899336107        5.54401922       7.75307242E-04
   7934.8226970717733        5.24111986       7.44425750E-04
   7937.2799042099350        4.98829222       7.04858510E-04
   7939.7371113480967        4.72568941       6.72715425E-04
   7942.1943184862585        4.59954500       6.54629606E-04
   7944.6515256244202        4.70046568       6.69169589E-04
   7947.1087327625828        5.00473070       7.11058092E-04
   7949.5659399007436        5.46927118       7.68305967E-04
   7952.0231470389062        5.70437670       8.02336843E-04
   7954.4803541770680        5.73288250       8.05398391E-04
   7956.9375613152297        5.50411272       7.84705451E-04
   7959.3947684533914        5.55003595       7.89317768E-04
   7961.8519755915531        5.82467794       8.25449359E-04
   7964.3091827297158        6.18252659       8.69413605E-04
   7966.7663898678766        6.32554150       8.90091120E-04
   7969.2235970060392        6.24211025       8.78001389E-04
   7971.6808041442009        5.92190695       8.43712187E-04
   7974.1380112823626        5.83660364       8.23759241E-04
   7976.5952184205253        5.66934013       7.98750028E-04
   7979.0524255586861        5.33351898       7.62914424E-04
   7981.5096326968487        5.34165525       7.55493937E-04
   7983.9668398350095        5.39343071       7.65137142E-04
   7986.4240469731722        5.52360725       7.80527189E-04
   7988.8812541113339        5.65704441       7.99632282E-04
   7991.3384612494956        5.75948572       8.14980536E-04
   7993.7956683876582        5.90574980       8.35429993E-04
   7996.2528755258199        6.06306982       8.59797117E-04
   7998.7100826639817        6.35124493       8.98691476E-04
   8001.1672898021434        6.65952110       9.38100915E-04
   8003.6244969403051        6.82576990       9.65152343E-04
   8006.0817040784677        6.98001671       9.89952474E-04
   8008.5389112166285        7.27139759       1.02306216E-03
   8010.9961183547912        7.33544874       1.03906810E-03
   8013.4533254929529        7.47672510       1.05949398E-03
   8015.9105326311146        7.71219635       1.08820840E-03
   8018.3677397692763        7.86589241       1.11502083E-03
   8020.8249469074381        8.11659241       1.14873133E-03
   8023.2821540456007        8.44709206       1.19659386E-03
   8025.7393611837615        8.86284637       1.25234842E-03
   8028.1965683219241        9.23772621      -1.29427621E-03
   8030.6537754600859        0.00000000      -1.00000000    
   8033.1109825982476        0.00000000      -1.00000000    
