   5529.2169088113069        5.85419163E-02  -8.27907752E-06
   5531.6741159494686        5.59176393E-02   7.89887781E-06
   5534.1313230876303        4.23309319E-02   6.07503125E-06
   5536.5885302257930        3.68141644E-02   5.55949327E-06
   5539.0457373639547        5.06404638E-02   6.90751494E-06
   5541.5029445021164        5.73150255E-02   8.11442169E-06
   5543.9601516402781        4.53928299E-02   6.71366524E-06
   5546.4173587784398        5.89631051E-02   8.26308315E-06
   5548.8745659166016        6.40475526E-02   9.03566524E-06
   5551.3317730547642        7.18481094E-02   1.00584539E-05
   5553.7889801929259        6.09326921E-02   9.21006904E-06
   5556.2461873310876        8.73049200E-02   1.16707433E-05
   5558.7033944692494        7.37320408E-02   1.08068780E-05
   5561.1606016074111        7.13663027E-02   1.04014744E-05
   5563.6178087455728        9.37048867E-02   1.29139507E-05
   5566.0750158837354        9.93498564E-02   1.41998644E-05
   5568.5322230218972       0.100783482       1.44252353E-05
   5570.9894301600589       0.120914645       1.66275604E-05
   5573.4466372982206       0.103755936       1.50978376E-05
   5575.9038444363823       0.108905353       1.60015861E-05
   5578.3610515745440       0.150928140       2.05979140E-05
   5580.8182587127058       0.155992404       2.19928552E-05
   5583.2754658508684       0.120187372       1.79754734E-05
   5585.7326729890301       0.152785435       2.07344910E-05
   5588.1898801271918       0.142525285       2.07375779E-05
   5590.6470872653535       0.148673907       2.05585002E-05
   5593.1042944035153       0.144040629       2.03906657E-05
   5595.5615015416770       0.115829974       1.69605137E-05
   5598.0187086798396       0.131764144       1.82897966E-05
   5600.4759158180013       0.133256316       1.90149804E-05
   5602.9331229561631       0.137673527       1.92712632E-05
   5605.3903300943248       0.134675667       1.90754981E-05
   5607.8475372324865       0.126782969       1.83297252E-05
   5610.3047443706482       0.145958155       2.04932439E-05
   5612.7619515088109       0.161468491       2.22659819E-05
   5615.2191586469726       0.130884796       1.90492865E-05
   5617.6763657851343       0.119583942       1.70968960E-05
   5620.1335729232960       0.134753540       1.86762536E-05
   5622.5907800614577       0.122382522       1.75270507E-05
   5625.0479871996195       0.117663287       1.67696635E-05
   5627.5051943377821       0.126072004       1.76746362E-05
   5629.9624014759438       0.127056941       1.80163552E-05
   5632.4196086141055       0.125690639       1.82443655E-05
   5634.8768157522672       0.153997958       2.09276495E-05
   5637.3340228904290       0.136139482       1.97865847E-05
   5639.7912300285907       0.125232920       1.78198625E-05
   5642.2484371667524       0.141226560       1.97128993E-05
   5644.7056443049150       0.128966376       1.88358372E-05
   5647.1628514430768       0.155195668       2.14215324E-05
   5649.6200585812385       0.154678956       2.22754061E-05
   5652.0772657194002       0.168243110       2.33409355E-05
   5654.5344728575619       0.164010018       2.34881863E-05
   5656.9916799957236       0.163513601       2.30493661E-05
   5659.4488871338863       0.170772687       2.38840585E-05
   5661.9060942720480       0.149837270       2.16649642E-05
   5664.3633014102097       0.158158153       2.19394042E-05
   5666.8205085483714       0.148211062       2.13783987E-05
   5669.2777156865332       0.152887240       2.13307667E-05
   5671.7349228246949       0.153454199       2.18034875E-05
   5674.1921299628575       0.145374358       2.07466746E-05
   5676.6493371010192       0.158584371       2.21287064E-05
   5679.1065442391809       0.148904040       2.15528871E-05
   5681.5637513773427       0.167734668       2.33015544E-05
   5684.0209585155044       0.168992370       2.42971073E-05
   5686.4781656536661       0.183307037       2.54021270E-05
   5688.9353727918278       0.178167894       2.53089893E-05
   5691.3925799299905       0.157293960       2.25365548E-05
   5693.8497870681522       0.166976467       2.37256045E-05
   5696.3069942063139       0.180977389       2.54901133E-05
   5698.7642013444756       0.195852339       2.73908172E-05
   5701.2214084826373       0.177278414       2.59756362E-05
   5703.6786156207991       0.214387879       2.93905596E-05
   5706.1358227589617       0.207399279       2.97434435E-05
   5708.5930298971234       0.200955614       2.83994796E-05
   5711.0502370352851       0.210510343       2.97261431E-05
   5713.5074441734469       0.207527593       2.92287532E-05
   5715.9646513116086       0.203146979       2.86555278E-05
   5718.4218584497703       0.182226703       2.61801433E-05
   5720.8790655879329       0.192503214       2.69579468E-05
   5723.3362727260946       0.189440697       2.71106746E-05
   5725.7934798642564       0.202887684       2.83582394E-05
   5728.2506870024181       0.200999498       2.86830546E-05
   5730.7078941405798       0.206607759       2.86704581E-05
   5733.1651012787415       0.185961440       2.67743817E-05
   5735.6223084169033       0.175083771       2.48155648E-05
   5738.0795155550659       0.187166929       2.62282974E-05
   5740.5367226932276       0.171313599       2.48140914E-05
   5742.9939298313893       0.195540220       2.73266869E-05
   5745.4511369695510       0.204244390       2.89527743E-05
   5747.9083441077128       0.212747544       3.02500084E-05
   5750.3655512458745       0.229277998       3.21119878E-05
   5752.8227583840371       0.233893931       3.31093397E-05
   5755.2799655221988       0.223835379       3.14851022E-05
   5757.7371726603606       0.214534044       3.01611090E-05
   5760.1943797985223       0.170532823       2.51773999E-05
   5762.6515869366840       0.197639182       2.70949731E-05
   5765.1087940748457       0.188221097       2.70826768E-05
   5767.5660012130083       0.185127273       2.60995566E-05
   5770.0232083511701       0.194469944       2.76658811E-05
   5772.4804154893318       0.203241915       2.83812406E-05
   5774.9376226274935       0.201338679       2.90081534E-05
   5777.3948297656552       0.214110598       2.99237799E-05
   5779.8520369038170       0.229108155       3.24796383E-05
   5782.3092440419787       0.217475414       3.09329153E-05
   5784.7664511801413       0.238736600       3.33811913E-05
   5787.2236583183030       0.211659849       3.07664122E-05
   5789.6808654564647       0.246095270       3.38425962E-05
   5792.1380725946265       0.216984272       3.16836340E-05
   5794.5952797327882       0.240954027       3.36235644E-05
   5797.0524868709508       0.251606882       3.56735654E-05
   5799.5096940091125       0.259423226       3.65296801E-05
   5801.9669011472743       0.255988359       3.64236002E-05
   5804.4241082854360       0.267204762       3.72618888E-05
   5806.8813154235977       0.244688913       3.50863083E-05
   5809.3385225617594       0.242286637       3.40461884E-05
   5811.7957296999211       0.238813594       3.34469332E-05
   5814.2529368380838       0.201633915       2.91623492E-05
   5816.7101439762455       0.199170887       2.80613895E-05
   5819.1673511144072       0.207159236       2.94809761E-05
   5821.6245582525689       0.217126831       3.06140901E-05
   5824.0817653907307       0.230956867       3.24355642E-05
   5826.5389725288924       0.219240457       3.15883008E-05
   5828.9961796670550       0.244731724       3.36863777E-05
   5831.4533868052167       0.220247790       3.20252439E-05
   5833.9105939433784       0.226999313       3.15695615E-05
   5836.3678010815402       0.229394600       3.24224275E-05
   5838.8250082197019       0.196377739       2.92278692E-05
   5841.2822153578636       0.191255093       3.47076530E-05
   5843.7394224960262       0.219054893       3.18730199E-05
   5846.1966296341880       0.170119658       2.45182819E-05
   5848.6538367723497       0.183090791       2.53308699E-05
   5851.1110439105114       0.151474386       2.19340327E-05
   5853.5682510486731       0.146300092       2.08074052E-05
   5856.0254581868348       0.156638011       2.19050071E-05
   5858.4826653249966       0.155710414       2.20929160E-05
   5860.9398724631592       0.147065416       2.11244915E-05
   5863.3970796013209       0.166866288       2.31874656E-05
   5865.8542867394826       0.159359157       2.29668749E-05
   5868.3114938776444       0.173842862       2.41367834E-05
   5870.7687010158061       0.167862058       2.37876156E-05
   5873.2259081539678       0.151935413       2.13317708E-05
   5875.6831152921304       0.127738923       1.85671324E-05
   5878.1403224302921       0.128060862       1.81578635E-05
   5880.5975295684539       0.144789100       1.99421211E-05
   5883.0547367066156       0.117369287       1.72355612E-05
   5885.5119438447773       0.121521741       1.68692968E-05
   5887.9691509829390       0.121210858       1.69112573E-05
   5890.4263581211017        8.71262252E-02   1.26413252E-05
   5892.8835652592634        6.51330948E-02   9.68130189E-06
   5895.3407723974251        7.73376599E-02   1.10058818E-05
   5897.7979795355868        9.98314768E-02   1.39872054E-05
   5900.2551866737485       0.107505888       1.53031579E-05
   5902.7123938119103       0.121238470       1.69499217E-05
   5905.1696009500720       0.120914735       1.72258679E-05
   5907.6268080882346       0.126680657       1.78491227E-05
   5910.0840152263963       0.129587635       1.85929002E-05
   5912.5412223645581       0.147806972       2.06926816E-05
   5914.9984295027198       0.156364441       2.17605830E-05
   5917.4556366408815       0.134824485       1.97618392E-05
   5919.9128437790432       0.149003774       2.08567089E-05
   5922.3700509172058       0.167200878       2.34258096E-05
   5924.8272580553676       0.153108403       2.19583344E-05
   5927.2844651935293       0.163289398       2.29649322E-05
   5929.7416723316910       0.164684296       2.32030488E-05
   5932.1988794698527       0.163234979       2.29089492E-05
   5934.6560866080144       0.139197722       2.03937507E-05
   5937.1132937461771       0.160976365       2.21065566E-05
   5939.5705008843388       0.152930319       2.18723562E-05
   5942.0277080225005       0.141851157       2.05876077E-05
   5944.4849151606622       0.171575546       2.40025838E-05
   5946.9421222988240       0.190062895       2.67415489E-05
   5949.3993294369857       0.190068766       2.67964988E-05
   5951.8565365751474       0.185071483       2.61033256E-05
   5954.3137437133100       0.170756355       2.43535851E-05
   5956.7709508514718       0.169952065       2.39294932E-05
   5959.2281579896335       0.166187361       2.35510452E-05
   5961.6853651277952       0.162554398       2.32231014E-05
   5964.1425722659569       0.175346136       2.47617681E-05
   5966.5997794041186       0.189652219       2.63415805E-05
   5969.0569865422813       0.169435769       2.43649210E-05
   5971.5141936804430       0.162947074       2.32473394E-05
   5973.9714008186047       0.180927336       2.50366447E-05
   5976.4286079567664       0.162008077       2.33626415E-05
   5978.8858150949281       0.159642607       2.26226639E-05
   5981.3430222330899       0.173288450       2.43906161E-05
   5983.8002293712525       0.174389988       2.46601685E-05
   5986.2574365094142       0.176439807       2.47946537E-05
   5988.7146436475759       0.165123835       2.35594925E-05
   5991.1718507857377       0.165895239       2.36310061E-05
   5993.6290579238994       0.180403352       2.52506070E-05
   5996.0862650620611       0.182395294       2.56834483E-05
   5998.5434722002228       0.166464090       2.41208418E-05
   6001.0006793383855       0.188176036       2.62253197E-05
   6003.4578864765472       0.195666701       2.75929815E-05
   6005.9150936147089       0.185262918       2.62742287E-05
   6008.3723007528706       0.182011232       2.61238802E-05
   6010.8295078910323       0.201659054       2.81808370E-05
   6013.2867150291941       0.209699333       2.91451070E-05
   6015.7439221673567       0.163761646       2.45378596E-05
   6018.2011293055184       0.196649224       2.71746867E-05
   6020.6583364436801       0.217928022       3.04647237E-05
   6023.1155435818418       0.180386126       2.63559323E-05
   6025.5727507200036       0.200601920       2.79846772E-05
   6028.0299578581653       0.208332315       2.93199009E-05
   6030.4871649963279       0.197646260       2.81855973E-05
   6032.9443721344896       0.198395789       2.82278943E-05
   6035.4015792726514       0.217383027       3.04130226E-05
   6037.8587864108131       0.213723734       3.04376335E-05
   6040.3159935489748       0.218637317       3.06778966E-05
   6042.7732006871365       0.212988243       3.04556161E-05
   6045.2304078252982       0.221365839       3.08282906E-05
   6047.6876149634609       0.211020514       3.04324367E-05
   6050.1448221016226       0.219828412       3.09368297E-05
   6052.6020292397843       0.241223007       3.39680082E-05
   6055.0592363779460       0.232011169       3.30513722E-05
   6057.5164435161078       0.248760015       3.46314664E-05
   6059.9736506542704       0.219419956       3.16286823E-05
   6062.4308577924321       0.226348400       3.16971928E-05
   6064.8880649305938       0.220028818       3.17221711E-05
   6067.3452720687555       0.247547790       3.43085048E-05
   6069.8024792069173       0.240939200       3.42412823E-05
   6072.2596863450790       0.226315141       3.25585424E-05
   6074.7168934832407       0.253231913       3.54344629E-05
   6077.1741006214033       0.265916675       3.75104537E-05
   6079.6313077595651       0.257853329       3.65613851E-05
   6082.0885148977268       0.260483325       3.68105611E-05
   6084.5457220358885       0.258255690       3.63993349E-05
   6087.0029291740502       0.252393961       3.59223304E-05
   6089.4601363122119       0.252507240       3.57760618E-05
   6091.9173434503737       0.268739343       3.78359655E-05
   6094.3745505885363       0.265547812       3.74400879E-05
   6096.8317577266980       0.259927839       3.67284229E-05
   6099.2889648648597       0.239310369       3.41083360E-05
   6101.7461720030215       0.244386032       3.43075917E-05
   6104.2033791411832       0.229195818       3.31547017E-05
   6106.6605862793458       0.260259390       3.59225014E-05
   6109.1177934175075       0.247113571       3.52490533E-05
   6111.5750005556692       0.228687242       3.25261863E-05
   6114.0322076938310       0.235136464       3.31637457E-05
   6116.4894148319927       0.234373212       3.27518683E-05
   6118.9466219701544       0.208244354       3.00715201E-05
   6121.4038291083161       0.207616031       2.95209957E-05
   6123.8610362464788       0.235625342       3.24729299E-05
   6126.3182433846405       0.196415961       2.87097919E-05
   6128.7754505228022       0.203057885       2.84143916E-05
   6131.2326576609639       0.212624639       3.02224744E-05
   6133.6898647991256       0.217603117       3.02901572E-05
   6136.1470719372874       0.202044711       2.89067757E-05
   6138.6042790754491       0.186035484       2.69019474E-05
   6141.0614862136117       0.220509946       3.00305801E-05
   6143.5186933517734       0.181203827       2.66840034E-05
   6145.9759004899352       0.182598203       2.55154791E-05
   6148.4331076280969       0.195166051       2.77926265E-05
   6150.8903147662586       0.198017076       2.77818399E-05
   6153.3475219044212       0.203825593       2.86381801E-05
   6155.8047290425829       0.173171580       2.53431699E-05
   6158.2619361807447       0.202268049       2.74132490E-05
   6160.7191433189064       0.162412927       2.42209662E-05
   6163.1763504570681       0.173970684       2.39365691E-05
   6165.6335575952298       0.179650590       2.56748863E-05
   6168.0907647333916       0.166433960       2.36190044E-05
   6170.5479718715542       0.180754364       2.51842848E-05
   6173.0051790097159       0.148813382       2.16888930E-05
   6175.4623861478776       0.163217649       2.27521905E-05
   6177.9195932860393       0.159391552       2.28374411E-05
   6180.3768004242011       0.173973367       2.41578891E-05
   6182.8340075623637       0.157792076       2.29614598E-05
   6185.2912147005254       0.177619547       2.43190116E-05
   6187.7484218386871       0.157654911       2.31831491E-05
   6190.2056289768489       0.173335776       2.39640394E-05
   6192.6628361150106       0.180807933       2.55873219E-05
   6195.1200432531723       0.157726169       2.32009497E-05
   6197.5772503913340       0.199353322       2.70561595E-05
   6200.0344575294966       0.175826058       2.54620718E-05
   6202.4916646676584       0.163492426       2.32391503E-05
   6204.9488718058201       0.176034272       2.44823186E-05
   6207.4060789439818       0.158927679       2.29436937E-05
   6209.8632860821435       0.162060708       2.27469172E-05
   6212.3204932203053       0.169391111       2.40291411E-05
   6214.7777003584670       0.168119386       2.34918516E-05
   6217.2349074966296       0.160264820       2.28842691E-05
   6219.6921146347913       0.146381244       2.09712871E-05
   6222.1493217729530       0.165830299       2.33770024E-05
   6224.6065289111148       0.170653298       2.37360091E-05
   6227.0637360492765       0.162461594       2.33881528E-05
   6229.5209431874382       0.151762232       2.18892674E-05
   6231.9781503256008       0.189077660       2.61377172E-05
   6234.4353574637626       0.168099552       2.40585505E-05
   6236.8925646019243       0.171719447       2.40515528E-05
   6239.3497717400860       0.143985972       2.16735625E-05
   6241.8069788782477       0.198550105       2.66109273E-05
   6244.2641860164094       0.171328336       2.50935063E-05
   6246.7213931545721       0.167595267       2.33705432E-05
   6249.1786002927338       0.167440355       2.38456523E-05
   6251.6358074308955       0.162176117       2.27245273E-05
   6254.0930145690572       0.154641494       2.24863579E-05
   6256.5502217072190       0.173581660       2.42546303E-05
   6259.0074288453807       0.193881318       2.72131147E-05
   6261.4646359835424       0.174028128       2.49698514E-05
   6263.9218431217050       0.187766537       2.61805453E-05
   6266.3790502598667       0.169801116       2.48281940E-05
   6268.8362573980285       0.203602821       2.83050067E-05
   6271.2934645361902       0.213647231       2.98507475E-05
   6273.7506716743519       0.192735344       2.78182597E-05
   6276.2078788125136       0.192737043       2.75867460E-05
   6278.6650859506763       0.231443956       3.21627667E-05
   6281.1222930888380       0.222492933       3.23444947E-05
   6283.5795002269997       0.263993055       3.60380036E-05
   6286.0367073651614       0.234922200       3.39566213E-05
   6288.4939145033231       0.217950836       3.14889039E-05
   6290.9511216414849       0.262604594       3.62538376E-05
   6293.4083287796475       0.255956680       3.66763561E-05
   6295.8655359178092       0.257740378       3.66173081E-05
   6298.3227430559709       0.286693424       4.01400212E-05
   6300.7799501941327       0.283132404       4.00290483E-05
   6303.2371573322944       0.275251538       3.90786627E-05
   6305.6943644704561       0.273798645       3.92838956E-05
   6308.1515716086178       0.312385380       4.32779889E-05
   6310.6087787467804       0.301441073       4.30398868E-05
   6313.0659858849422       0.292467564       4.14302667E-05
   6315.5231930231039       0.305274099       4.31359658E-05
   6317.9804001612656       0.308070123       4.35814800E-05
   6320.4376072994273       0.317600787       4.46940867E-05
   6322.8948144375890       0.306298912       4.40365620E-05
   6325.3520215757508       0.339695871       4.72898319E-05
   6327.8092287139134       0.338582516       4.80344133E-05
   6330.2664358520751       0.324910223       4.60369884E-05
   6332.7236429902368       0.328142256       4.68146136E-05
   6335.1808501283986       0.352303058       4.96472421E-05
   6337.6380572665603       0.378415942       5.32785234E-05
   6340.0952644047229       0.374158621       5.31987171E-05
   6342.5524715428846       0.391925484       5.48616372E-05
   6345.0096786810464       0.372304916       5.31822552E-05
   6347.4668858192081       0.377766460       5.33745479E-05
   6349.9240929573698       0.391885966       5.53648570E-05
   6352.3813000955315       0.398585826       5.59261134E-05
   6354.8385072336932       0.376169443       5.39482862E-05
   6357.2957143718559       0.389516026       5.47135096E-05
   6359.7529215100176       0.402709663       5.69948970E-05
   6362.2101286481793       0.396091759       5.58605097E-05
   6364.6673357863410       0.395412117       5.62642235E-05
   6367.1245429245027       0.397371471       5.59245345E-05
   6369.5817500626654       0.406801283       5.71347518E-05
   6372.0389572008271       0.356360525       5.16526306E-05
   6374.4961643389888       0.395446092       5.46684059E-05
   6376.9533714771505       0.366280556       5.25171308E-05
   6379.4105786153123       0.359210968       5.08756857E-05
   6381.8677857534740       0.373297244       5.25901232E-05
   6384.3249928916357       0.376003236       5.33921448E-05
   6386.7822000297983       0.382800817       5.36332445E-05
   6389.2394071679601       0.371488839       5.31132428E-05
   6391.6966143061218       0.372279882       5.29941972E-05
   6394.1538214442835       0.419961810       5.84637382E-05
   6396.6110285824452       0.392990619       5.68035939E-05
   6399.0682357206069       0.435235202       6.03740664E-05
   6401.5254428587687       0.424475580       6.01598149E-05
   6403.9826499969313       0.388293952       5.55521801E-05
   6406.4398571350930       0.402434915       5.67681745E-05
   6408.8970642732547       0.419299871       5.92298638E-05
   6411.3542714114164       0.423267215       5.94725316E-05
   6413.8114785495782       0.405951321       5.77597821E-05
   6416.2686856877408       0.395645052       5.61115994E-05
   6418.7258928259025       0.412109047       5.79415646E-05
   6421.1830999640642       0.399242938       5.66687559E-05
   6423.6403071022260       0.399789780       5.63025351E-05
   6426.0975142403877       0.384043783       5.47358868E-05
   6428.5547213785494       0.394365847       5.55136357E-05
   6431.0119285167111       0.395216554       5.61455636E-05
   6433.4691356548738       0.406334966       5.72032441E-05
   6435.9263427930355       0.407255322       5.75433114E-05
   6438.3835499311972       0.396669120       5.64336260E-05
   6440.8407570693589       0.408854634       5.78885265E-05
   6443.2979642075206       0.431804508       6.09090894E-05
   6445.7551713456824       0.443280697       6.23114829E-05
   6448.2123784838450       0.427353412       6.07881011E-05
   6450.6695856220067       0.424172878       6.01565807E-05
   6453.1267927601684       0.443716496       6.23840169E-05
   6455.5839998983301       0.437570065       6.18080230E-05
   6458.0412070364919       0.420609027       5.96592654E-05
   6460.4984141746536       0.412232935       5.86522983E-05
   6462.9556213128162       0.432352662       6.08113733E-05
   6465.4128284509779       0.436719000       6.21989602E-05
   6467.8700355891397       0.459131777       6.42505038E-05
   6470.3272427273014       0.452808261       6.44059401E-05
   6472.7844498654631       0.444253892       6.28513371E-05
   6475.2416570036248       0.459368408       6.48882851E-05
   6477.6988641417865       0.454019934       6.45331020E-05
   6480.1560712799492       0.480977744       6.75986084E-05
   6482.6132784181109       0.473940641       6.71332673E-05
   6485.0704855562726       0.475716025       6.71380403E-05
   6487.5276926944343       0.460268229       6.56907359E-05
   6489.9848998325961       0.489635408       6.85129999E-05
   6492.4421069707587       0.476047039       6.82645768E-05
   6494.8993141089204       0.509978414       7.20610697E-05
   6497.3565212470821       0.557786226       7.81667040E-05
   6499.8137283852438       0.552363276       7.85384618E-05
   6502.2709355234056       0.557438254       7.92543215E-05
   6504.7281426615673       0.603742898       8.48288983E-05
   6507.1853497997290       0.614851236       8.70473887E-05
   6509.6425569378916       0.621820927       8.80101506E-05
   6512.0997640760534       0.636143744       9.02277752E-05
   6514.5569712142151       0.668148100       9.43283812E-05
   6517.0141783523768       0.693981290       9.81109915E-05
   6519.4713854905385       0.712213218       1.01312457E-04
   6521.9285926287002       0.766574681       1.08168919E-04
   6524.3857997668620       0.815670371       1.14522074E-04
   6526.8430069050246       0.799399495       1.13925045E-04
   6529.3002140431863       0.823550820       1.16858835E-04
   6531.7574211813480       0.893573403       1.25707578E-04
   6534.2146283195098       0.919019639       1.30221903E-04
   6536.6718354576715       0.946083963       1.33306778E-04
   6539.1290425958341       0.950795949       1.34498274E-04
   6541.5862497339958       0.940670192       1.32762580E-04
   6544.0434568721575       0.921661973       1.29836248E-04
   6546.5006640103193       0.853591144       1.21288918E-04
   6548.9578711484810       0.814169109       1.15277791E-04
   6551.4150782866427       0.796100080       1.13952403E-04
   6553.8722854248044       0.864770114       1.22874801E-04
   6556.3294925629671       0.993565977       1.42078818E-04
   6558.7866997011288        1.19034839       1.64461395E-04
   6561.2439068392905        1.17512453       1.65599151E-04
   6563.7011139774522       0.966601074       1.38796095E-04
   6566.1583211156139       0.919426680       1.28217682E-04
   6568.6155282537766       0.753944159       1.08947141E-04
   6571.0727353919374       0.694779098       9.80855621E-05
   6573.5299425301000       0.676733673       9.62794875E-05
   6575.9871496682617       0.682310045       9.61744663E-05
   6578.4443568064235       0.684995890       9.68200984E-05
   6580.9015639445852       0.671050310       9.54416100E-05
   6583.3587710827469       0.694453418       9.73841597E-05
   6585.8159782209095       0.676686943       9.63468556E-05
   6588.2731853590703       0.674895048       9.51936236E-05
   6590.7303924972330       0.684001803       9.63144776E-05
   6593.1875996353947       0.642792225       9.16797362E-05
   6595.6448067735564       0.654896736       9.20703314E-05
   6598.1020139117181       0.642268121       9.13421827E-05
   6600.5592210498799       0.651692450       9.21094761E-05
   6603.0164281880425       0.670088649       9.47586013E-05
   6605.4736353262042       0.683919728       9.66718362E-05
   6607.9308424643659       0.695156932       9.83436476E-05
   6610.3880496025276       0.706815898       9.97507668E-05
   6612.8452567406894       0.706491172       1.00106263E-04
   6615.3024638788520       0.711509526       9.96777744E-05
   6617.7596710170128       0.664013565       9.44104613E-05
   6620.2168781551754       0.613149822       8.72224700E-05
   6622.6740852933372       0.621510923       8.76275881E-05
   6625.1312924314989       0.608124733       8.66276023E-05
   6627.5884995696606       0.638874888       9.00272935E-05
   6630.0457067078223       0.653253496       9.17457437E-05
   6632.5029138459849       0.624916673       8.88352370E-05
   6634.9601209841458       0.600871325       8.52494777E-05
   6637.4173281223084       0.619619250       8.69522919E-05
   6639.8745352604701       0.581942081       8.34250241E-05
   6642.3317423986318       0.612644374       8.56634433E-05
   6644.7889495367936       0.601180732       8.56006882E-05
   6647.2461566749553       0.600620091       8.42519148E-05
   6649.7033638131179       0.578080416       8.19496272E-05
   6652.1605709512796       0.537207603       7.61341798E-05
   6654.6177780894413       0.525682271       7.48911407E-05
   6657.0749852276031       0.538256943       7.59748218E-05
   6659.5321923657648       0.567527592       8.02396025E-05
   6661.9893995039274       0.569848180       8.06697572E-05
   6664.4466066420882       0.597541869       8.40113134E-05
   6666.9038137802509       0.570590556       8.16545435E-05
   6669.3610209184126       0.613850892       8.61888839E-05
   6671.8182280565743       0.620771289       8.83858156E-05
   6674.2754351947360       0.660782576       9.17571306E-05
   6676.7326423328977       0.593786180       8.50258220E-05
   6679.1898494710604       0.553374290       7.83190990E-05
   6681.6470566092212       0.547820270       7.71958148E-05
   6684.1042637473838       0.515311420       7.34629502E-05
   6686.5614708855455       0.517663300       7.31732507E-05
   6689.0186780237073       0.531958699       7.54780922E-05
   6691.4758851618690       0.555629075       7.81030176E-05
   6693.9330923000307       0.558988631       7.92820210E-05
   6696.3902994381933       0.558349252       7.91571292E-05
   6698.8475065763550       0.584924817       8.22363945E-05
   6701.3047137145168       0.574085474       8.20068162E-05
   6703.7619208526785       0.610593855       8.59764114E-05
   6706.2191279908402       0.637878954       8.96495912E-05
   6708.6763351290019       0.616576254       8.69736323E-05
   6711.1335422671636       0.567098141       8.09640405E-05
   6713.5907494053263       0.562300205       7.90427221E-05
   6716.0479565434880       0.547127545       7.74686559E-05
   6718.5051636816497       0.516144991       7.36288202E-05
   6720.9623708198114       0.537659466       7.57406888E-05
   6723.4195779579732       0.546384573       7.71385894E-05
   6725.8767850961358       0.542826176       7.69275211E-05
   6728.3339922342975       0.543168724       7.68402970E-05
   6730.7911993724592       0.554720044       7.82908683E-05
   6733.2484065106210       0.548597217       7.76804081E-05
   6735.7056136487827       0.553019285       7.86876699E-05
   6738.1628207869444       0.582485557       8.21937138E-05
   6740.6200279251061       0.617269039       8.66099217E-05
   6743.0772350632687       0.588271797       8.37329062E-05
   6745.5344422014305       0.590240777       8.26611649E-05
   6747.9916493395922       0.545352936       7.82162388E-05
   6750.4488564777539       0.552415609       7.83109645E-05
   6752.9060636159156       0.598282456       8.37218104E-05
   6755.3632707540773       0.581254005       8.28653428E-05
   6757.8204778922391       0.588333547       8.33046433E-05
   6760.2776850304017       0.622166038       8.77998973E-05
   6762.7348921685634       0.636545837       9.06333808E-05
   6765.1920993067251       0.688375711       9.62609338E-05
   6767.6493064448869       0.681739807       9.69064131E-05
   6770.1065135830486       0.675840259       9.60274265E-05
   6772.5637207212112       0.720589757       1.01484809E-04
   6775.0209278593729       0.734783173       1.03375634E-04
   6777.4781349975347       0.711091161       1.00206016E-04
   6779.9353421356964       0.640759289       9.15197525E-05
   6782.3925492738581       0.627319694       8.85628688E-05
   6784.8497564120198       0.620986342       8.81018132E-05
   6787.3069635501815       0.627804995       8.88204813E-05
   6789.7641706883442       0.643487573       9.06655696E-05
   6792.2213778265059       0.637619495       9.04910194E-05
   6794.6785849646676       0.642337203       9.07954600E-05
   6797.1357921028293       0.656783044       9.25903732E-05
   6799.5929992409910       0.643651307       9.14434058E-05
   6802.0502063791528       0.656726003       9.28910231E-05
   6804.5074135173145       0.676968277       9.55938231E-05
   6806.9646206554771       0.689017236       9.75311705E-05
   6809.4218277936388       0.700194120       9.88927713E-05
   6811.8790349318006       0.709754050       1.00205682E-04
   6814.3362420699623       0.699466884       9.95327500E-05
   6816.7934492081240       0.729782164       1.02506361E-04
   6819.2506563462866       0.726333857       1.03086488E-04
   6821.7078634844484       0.726898909       1.02295722E-04
   6824.1650706226101       0.711286128       1.00770318E-04
   6826.6222777607718       0.684890568       9.77055752E-05
   6829.0794848989335       0.726511121       1.01825361E-04
   6831.5366920370961       0.720327199       1.03093247E-04
   6833.9938991752570       0.768408179       1.07201777E-04
   6836.4511063134196       0.760423005       1.08046173E-04
   6838.9083134515813       0.726974547       1.03858634E-04
   6841.3655205897430       0.795067251       1.10799469E-04
   6843.8227277279047       0.754957974       1.07544656E-04
   6846.2799348660665       0.738136709       1.04150451E-04
   6848.7371420042291       0.722156286       1.02307073E-04
   6851.1943491423908       0.713100374       1.01165751E-04
   6853.6515562805525       0.725133717       1.02167156E-04
   6856.1087634187143       0.726077735       1.03069222E-04
   6858.5659705568760       0.731178164       1.03226535E-04
   6861.0231776950377       0.748923719       1.05600811E-04
   6863.4803848331994       0.721961558       1.02361715E-04
   6865.9375919713621       0.724022210       1.02550570E-04
   6868.3947991095238       0.724881589       1.02839404E-04
   6870.8520062476855       0.765679896       1.07661697E-04
   6873.3092133858472       0.753607750       1.07534972E-04
   6875.7664205240089       0.803450227       1.12886104E-04
   6878.2236276621707       0.815481544       1.15741917E-04
   6880.6808348003324       0.841346085       1.17776777E-04
   6883.1380419384950       0.796485305       1.13549591E-04
   6885.5952490766567       0.779013276       1.10044413E-04
   6888.0524562148184       0.784791231       1.10990964E-04
   6890.5096633529802       0.773630977       1.09605578E-04
   6892.9668704911419       0.787205994       1.10839937E-04
   6895.4240776293036       0.762613654       1.08591317E-04
   6897.8812847674662       0.782971025       1.11054724E-04
   6900.3384919056280       0.833829045       1.16933414E-04
   6902.7956990437897       0.831792831       1.18352647E-04
   6905.2529061819514       0.840432823       1.18810553E-04
   6907.7101133201131       0.882600009       1.24399070E-04
   6910.1673204582748       0.868313372       1.22863028E-04
   6912.6245275964375       0.874013603       1.23175720E-04
   6915.0817347345992       0.827831864       1.17812982E-04
   6917.5389418727609       0.842778623       1.19031727E-04
   6919.9961490109226       0.843803585       1.20243501E-04
   6922.4533561490844       0.914309442       1.28576867E-04
   6924.9105632872470       0.938338161       1.32935325E-04
   6927.3677704254078       0.972624004       1.37125506E-04
   6929.8249775635704       0.973279476       1.38213916E-04
   6932.2821847017321        1.01215136       1.42820514E-04
   6934.7393918398939        1.03355944       1.47536441E-04
   6937.1965989780556        1.13610709       1.59248753E-04
   6939.6538061162173        1.17218816       1.66516256E-04
   6942.1110132543799        1.21306205       1.71796259E-04
   6944.5682203925408        1.29790759       1.82273230E-04
   6947.0254275307034        1.28734696       1.82647229E-04
   6949.4826346688651        1.29367185       1.82106087E-04
   6951.9398418070268        1.26132214       1.79147188E-04
   6954.3970489451885        1.25191724       1.76479240E-04
   6956.8542560833503        1.23700094       1.75916954E-04
   6959.3114632215129        1.25394881       1.77716385E-04
   6961.7686703596746        1.33516967       1.87468380E-04
   6964.2258774978363        1.30964589       1.85694342E-04
   6966.6830846359981        1.30285168       1.84180346E-04
   6969.1402917741598        1.29305327       1.83521392E-04
   6971.5974989123215        1.33338511       1.88491395E-04
   6974.0547060504832        1.37191856       1.94189866E-04
   6976.5119131886458        1.42520452       2.00614304E-04
   6978.9691203268076        1.41232657       2.00299444E-04
   6981.4263274649693        1.42010331       2.00105162E-04
   6983.8835346031310        1.39616334       1.98991911E-04
   6986.3407417412927        1.44711006       2.03041622E-04
   6988.7979488794554        1.44537199       2.05135628E-04
   6991.2551560176171        1.42170930       2.00823983E-04
   6993.7123631557788        1.43919635       2.03408301E-04
   6996.1695702939405        1.39789903       1.98661553E-04
   6998.6267774321022        1.45676994       2.05072691E-04
   7001.0839845702640        1.43593276       2.05508361E-04
   7003.5411917084257        1.57461739       2.20224916E-04
   7005.9983988465883        1.58431697       2.25329000E-04
   7008.4556059847500        1.62411940       2.29080921E-04
   7010.9128131229118        1.65945804       2.34183884E-04
   7013.3700202610735        1.64131165       2.33346596E-04
   7015.8272273992352        1.69294453       2.38698820E-04
   7018.2844345373978        1.73304367       2.44711147E-04
   7020.7416416755586        1.71330321       2.44030685E-04
   7023.1988488137213        1.81248391       2.55467661E-04
   7025.6560559518830        1.88343501       2.66538758E-04
   7028.1132630900447        1.93985724       2.74691905E-04
   7030.5704702282064        2.02734900       2.87056231E-04
   7033.0276773663682        2.13556075       3.01445456E-04
   7035.4848845045308        2.21287966       3.12883640E-04
   7037.9420916426916        2.26431823       3.20117833E-04
   7040.3992987808542        2.31647897       3.27706075E-04
   7042.8565059190159        2.36162901       3.33239848E-04
   7045.3137130571777        2.37167501       3.34173586E-04
   7047.7709201953394        2.26608682       3.18217266E-04
   7050.2281273335011        1.98681533       2.81786197E-04
   7052.6853344716637        1.63067544       2.32216553E-04
   7055.1425416098255        1.38724554       1.96405774E-04
   7057.5997487479872        1.11141264       1.59449221E-04
   7060.0569558861489       0.975959778       1.38234333E-04
   7062.5141630243106       0.876363993       1.26380924E-04
   7064.9713701624732       0.938443780       1.31065273E-04
   7067.4285773006350       0.946854889       1.34342510E-04
   7069.8857844387967       0.927824378       1.32468893E-04
   7072.3429915769584        1.01550746       1.42560166E-04
   7074.8001987151201        1.04558289       1.47996514E-04
   7077.2574058532819        1.06062400       1.49529835E-04
   7079.7146129914436        1.05186737       1.48581923E-04
   7082.1718201296062        1.01840186       1.44482838E-04
   7084.6290272677679        1.01147962       1.41690572E-04
   7087.0862344059296       0.929402590       1.32084519E-04
   7089.5434415440914       0.835120082       1.19085467E-04
   7092.0006486822531       0.836666584       1.17714750E-04
   7094.4578558204148       0.801942289       1.13357237E-04
   7096.9150629585765       0.758309543       1.08186185E-04
   7099.3722700967392       0.764618099       1.08784639E-04
   7101.8294772349009       0.842706561       1.18251919E-04
   7104.2866843730626       0.853496075       1.21576908E-04
   7106.7438915112243       0.909354985       1.27517633E-04
   7109.2010986493860       0.909785032       1.29693639E-04
   7111.6583057875478       0.949916422       1.34226881E-04
   7114.1155129257095        1.01084220       1.42695280E-04
   7116.5727200638721        1.03825140       1.46641789E-04
   7119.0299272020338        1.05495024       1.47757484E-04
   7121.4871343401956       0.965788305       1.37651237E-04
   7123.9443414783573       0.908713162       1.28254134E-04
   7126.4015486165190       0.868283808       1.22626123E-04
   7128.8587557546816       0.790751338       1.13010719E-04
   7131.3159628928424       0.794642091       1.11417547E-04
   7133.7731700310051       0.759531975       1.08013279E-04
   7136.2303771691668       0.732884169       1.04482446E-04
   7138.6875843073285       0.783201396       1.10675588E-04
   7141.1447914454911       0.833114445       1.16959767E-04
   7143.6019985836519       0.828339398       1.17925163E-04
   7146.0592057218146       0.846615970       1.19834105E-04
   7148.5164128599763       0.902503073       1.27268140E-04
   7150.9736199981380       0.914773583       1.29679174E-04
   7153.4308271362997       0.954943597       1.33889553E-04
   7155.8880342744615       0.910632193       1.29270556E-04
   7158.3452414126241       0.882286429       1.25417340E-04
   7160.8024485507858       0.899703979       1.26512619E-04
   7163.2596556889475       0.895696998       1.27267223E-04
   7165.7168628271093       0.891765833       1.26283980E-04
   7168.1740699652710       0.938040197       1.31902227E-04
   7170.6312771034327       0.905460775       1.29533320E-04
   7173.0884842415944       0.977039933       1.38134681E-04
   7175.5456913797570        1.05089462       1.46167775E-04
   7178.0028985179188       0.983876526       1.41498822E-04
   7180.4601056560805       0.974669874       1.38585921E-04
   7182.9173127942422        1.10672045       1.54457986E-04
   7185.3745199324039        1.04196596       1.49575892E-04
   7187.8317270705656        1.12629497       1.57316594E-04
   7190.2889342087274        1.09318411       1.56414826E-04
   7192.7461413468900        1.15603518       1.61078147E-04
   7195.2033484850517        1.08771729       1.55933725E-04
   7197.6605556232134        1.10385513       1.54796289E-04
   7200.1177627613752        1.09395742       1.55366361E-04
   7202.5749698995369        1.07597876       1.52833120E-04
   7205.0321770376986        1.13610947       1.60685755E-04
   7207.4893841758603        1.18930864       1.67752500E-04
   7209.9465913140230        1.22592294       1.72155284E-04
   7212.4037984521847        1.15486097       1.65229561E-04
   7214.8610055903464        1.19422078       1.68913059E-04
   7217.3182127285090        1.27137709       1.79121562E-04
   7219.7754198666698        1.29785979       1.83810655E-04
   7222.2326270048325        1.32239604       1.86696969E-04
   7224.6898341429942        1.34261405       1.89599916E-04
   7227.1470412811559        1.32450712       1.88294158E-04
   7229.6042484193176        1.37513757       1.93112530E-04
   7232.0614555574793        1.35307336       1.92337931E-04
   7234.5186626956420        1.36098814       1.93269676E-04
   7236.9758698338028        1.45074773       2.05313787E-04
   7239.4330769719654        1.55035782       2.19677095E-04
   7241.8902841101271        1.67368376       2.34600084E-04
   7244.3474912482889        1.66680765       2.36781721E-04
   7246.8046983864506        1.67365110       2.38286142E-04
   7249.2619055246123        1.82075489       2.56072643E-04
   7251.7191126627749        1.88760233       2.67645577E-04
   7254.1763198009367        1.96527100       2.77126732E-04
   7256.6335269390984        2.01209903       2.84039415E-04
   7259.0907340772601        1.99813974       2.85332324E-04
   7261.5479412154218        2.15061426       3.00902058E-04
   7264.0051483535835        2.16306806       3.06467671E-04
   7266.4623554917453        2.09542394       2.97104765E-04
   7268.9195626299079        2.14269042       3.01283028E-04
   7271.3767697680696        2.04453349       2.91582488E-04
   7273.8339769062313        2.09746623       2.96085811E-04
   7276.2911840443930        2.15269375       3.05371155E-04
   7278.7483911825548        2.25741196       3.18064704E-04
   7281.2055983207165        2.29817176       3.26100242E-04
   7283.6628054588782        2.38126636       3.35034681E-04
   7286.1200125970408        2.38457251       3.39300663E-04
   7288.5772197352026        2.46515059       3.48920177E-04
   7291.0344268733643        2.63204861       3.71182658E-04
   7293.4916340115260        2.69433832       3.81843653E-04
   7295.9488411496877        2.81040812       3.96455347E-04
   7298.4060482878504        2.85823870       4.05675877E-04
   7300.8632554260121        2.99002934       4.22923069E-04
   7303.3204625641738        3.14243722       4.44174890E-04
   7305.7776697023355        3.27957797       4.62917902E-04
   7308.2348768404972        3.33931804       4.72786807E-04
   7310.6920839786590        3.42640710       4.85756493E-04
   7313.1492911168207        3.58775926       5.06346812E-04
   7315.6064982549833        3.71522141       5.24589326E-04
   7318.0637053931450        3.73766923       5.29262004E-04
   7320.5209125313067        3.81300354       5.37996704E-04
   7322.9781196694685        3.80383897       5.39769884E-04
   7325.4353268076302        3.89540124       5.49554010E-04
   7327.8925339457928        3.94058824       5.58397907E-04
   7330.3497410839536        4.01501942       5.68093616E-04
   7332.8069482221163        4.14731884       5.86207781E-04
   7335.2641553602780        4.24370289       6.00721803E-04
   7337.7213624984397        4.37729502       6.16707490E-04
   7340.1785696366014        4.36438084       6.16539677E-04
   7342.6357767747631        4.25113106       6.02529675E-04
   7345.0929839129258        4.21884441       5.97100530E-04
   7347.5501910510866        4.24846315       5.99638908E-04
   7350.0073981892492        4.20461798       5.96380618E-04
   7352.4646053274109        4.24506187       6.00527390E-04
   7354.9218124655727        4.35049105       6.14918245E-04
   7357.3790196037344        4.41363478       6.24836539E-04
   7359.8362267418961        4.52694845       6.40172570E-04
   7362.2934338800587        4.63683558       6.56281889E-04
   7364.7506410182204        4.78601265       6.75959163E-04
   7367.2078481563822        4.87537622       6.87784690E-04
   7369.6650552945439        4.84266901       6.85466628E-04
   7372.1222624327056        4.79911089       6.79185556E-04
   7374.5794695708682        4.82591248       6.79976889E-04
   7377.0366767090300        4.67637205       6.64912746E-04
   7379.4938838471917        4.70948553       6.66375912E-04
   7381.9510909853534        4.85771084       6.85197476E-04
   7384.4082981235151        4.86694098       6.88719330E-04
   7386.8655052616768        4.87549973       6.88714324E-04
   7389.3227123998386        4.84586048       6.85294042E-04
   7391.7799195380012        4.79323721       6.79781602E-04
   7394.2371266761629        4.86780596       6.86505751E-04
   7396.6943338143246        4.86691332       6.87052030E-04
   7399.1515409524864        4.71741629       6.70040958E-04
   7401.6087480906481        4.75047064       6.69839792E-04
   7404.0659552288098        4.72047281       6.68726570E-04
   7406.5231623669715        4.69781971       6.65633183E-04
   7408.9803695051341        4.80896282       6.76645606E-04
   7411.4375766432959        4.70116615       6.66466483E-04
   7413.8947837814576        4.61799955       6.53454452E-04
   7416.3519909196193        4.61906624       6.52588089E-04
   7418.8091980577810        4.56323528       6.47722220E-04
   7421.2664051959437        4.65754414       6.58132194E-04
   7423.7236123341045        4.76750183       6.72086200E-04
   7426.1808194722671        4.71112108       6.66349370E-04
   7428.6380266104288        4.61749935       6.54920761E-04
   7431.0952337485905        4.65674925       6.57191908E-04
   7433.5524408867523        4.65164423       6.57005236E-04
   7436.0096480249140        4.54176283       6.43725158E-04
   7438.4668551630766        4.52366734       6.39524194E-04
   7440.9240623012374        4.51755762       6.39116392E-04
   7443.3812694394001        4.51977396       6.39411679E-04
   7445.8384765775618        4.54180479       6.42135332E-04
   7448.2956837157235        4.55853033       6.44732732E-04
   7450.7528908538861        4.57042408       6.46231172E-04
   7453.2100979920478        4.58160925       6.47388690E-04
   7455.6673051302096        4.54829645       6.44106185E-04
   7458.1245122683713        4.56433296       6.45642111E-04
   7460.5817194065330        4.61085033       6.51941053E-04
   7463.0389265446947        4.64698982       6.57470024E-04
   7465.4961336828565        4.69904041       6.64162915E-04
   7467.9533408210191        4.73371506       6.69185247E-04
   7470.4105479591808        4.73873806       6.70545734E-04
   7472.8677550973425        4.76677132       6.73325616E-04
   7475.3249622355042        4.75263786       6.72927767E-04
   7477.7821693736660        4.76703739       6.74696872E-04
   7480.2393765118277        4.84570789       6.85461622E-04
   7482.6965836499894        4.93195963       6.97136566E-04
   7485.1537907881520        5.00687361       7.06144550E-04
   7487.6109979263138        4.93743992       6.99659402E-04
   7490.0682050644755        4.92174768       6.97330805E-04
   7492.5254122026372        5.02848768       7.10678869E-04
   7494.9826193407989        5.12456512       7.25212914E-04
   7497.4398264789606        5.23271799       7.38560047E-04
   7499.8970336171224        5.26670551       7.43615266E-04
   7502.3542407552850        5.17314005       7.34087662E-04
   7504.8114478934467        5.23117208       7.39569718E-04
   7507.2686550316084        5.32915068       7.52891006E-04
   7509.7258621697702        5.35671759       7.56511581E-04
   7512.1830693079319        5.30845118       7.51551299E-04
   7514.6402764460936        5.28430510       7.48751452E-04
   7517.0974835842553        5.38338661       7.58441747E-04
   7519.5546907224179        5.31813812       7.53080356E-04
   7522.0118978605797        5.24005175       7.43036508E-04
   7524.4691049987414        5.33662558       7.52455438E-04
   7526.9263121369040        5.31611919       7.55078392E-04
   7529.3835192750648        5.44625616       7.70385319E-04
   7531.8407264132275        5.68033981       8.00699345E-04
   7534.2979335513892        5.70408487       8.09875841E-04
   7536.7551406895509        5.89190674       8.29118246E-04
   7539.2123478277126        5.89472580       8.34861596E-04
   7541.6695549658743        5.84324789       8.28939897E-04
   7544.1267621040370        6.03786659       8.50274810E-04
   7546.5839692421978        6.01144314       8.49989825E-04
   7549.0411763803604        5.90589190       8.37140426E-04
   7551.4983835185221        5.92291355       8.38869775E-04
   7553.9555906566839        6.07385063       8.56095634E-04
   7556.4127977948456        6.04180527       8.54815240E-04
   7558.8700049330073        5.97398233       8.44803755E-04
   7561.3272120711699        5.92255735       8.39319488E-04
   7563.7844192093316        5.97442055       8.43326212E-04
   7566.2416263474934        5.97467375       8.44313821E-04
   7568.6988334856551        5.87128401       8.32306978E-04
   7571.1560406238168        5.90973139       8.35426443E-04
   7573.6132477619785        5.95781469       8.44182738E-04
   7576.0704549001402        6.10060644       8.62158544E-04
   7578.5276620383029        6.23672009       8.77841841E-04
   7580.9848691764637        6.07703733       8.55540275E-04
   7583.4420763146263        5.54174519       7.85200216E-04
   7585.8992834527880        4.97248745       7.03037716E-04
   7588.3564905909498        4.38375044       6.22263877E-04
   7590.8136977291124        3.83922768       5.43235918E-04
   7593.2709048672732        3.33734274       4.75208595E-04
   7595.7281120054358        2.94067311       4.18858253E-04
   7598.1853191435976        2.84488010       4.01982601E-04
   7600.6425262817593        2.72882605       3.88734130E-04
   7603.0997334199219        2.82381344       4.00616118E-04
   7605.5569405580827        3.02374768       4.32136178E-04
   7608.0141476962453        3.51796651       4.98384645E-04
   7610.4713548344071        4.05324411       5.68786461E-04
   7612.9285619725688        4.29075003       6.02420419E-04
   7615.3857691107305        4.09275246       5.79444866E-04
   7617.8429762488922        3.88801217       5.49810182E-04
   7620.3001833870549        3.65490007       5.15875290E-04
   7622.7573905252157        3.37354684       4.76828893E-04
   7625.2145976633783        2.96777439       4.24125494E-04
   7627.6718048015400        2.86757231       4.02303645E-04
   7630.1290119397017        2.62214708       3.72190640E-04
   7632.5862190778635        2.35668182       3.37368168E-04
   7635.0434262160252        2.39267325       3.37494363E-04
   7637.5006333541878        2.46354485       3.46970482E-04
   7639.9578404923486        2.38223100       3.37908656E-04
   7642.4150476305113        2.36465335       3.33350617E-04
   7644.8722547686730        2.28365779       3.24021792E-04
   7647.3294619068347        2.25340509       3.16821010E-04
   7649.7866690449964        2.12372971       3.00449174E-04
   7652.2438761831581        1.93591917       2.74328573E-04
   7654.7010833213208        1.78824115       2.52398109E-04
   7657.1582904594816        1.59609568       2.25714772E-04
   7659.6154975976442        1.36609578       1.95119370E-04
   7662.0727047358059        1.23656416       1.75964553E-04
   7664.5299118739676        1.22622943       1.73702661E-04
   7666.9871190121294        1.24274325       1.77611204E-04
   7669.4443261502911        1.38328767       1.94353735E-04
   7671.9015332884537        1.47139740       2.09382197E-04
   7674.3587404266145        1.59335220       2.24422212E-04
   7676.8159475647772        1.69881618       2.40744834E-04
   7679.2731547029389        1.77944767       2.51254271E-04
   7681.7303618411006        1.87401271       2.63091468E-04
   7684.1875689792632        1.79293692       2.55963940E-04
   7686.6447761174240        1.85266018       2.58753891E-04
   7689.1019832555867        1.74483466       2.47048622E-04
   7691.5591903937484        1.55594444       2.21069786E-04
   7694.0163975319101        1.44792271       2.04659475E-04
   7696.4736046700727        1.34214509       1.91847896E-04
   7698.9308118082336        1.35884166       1.92794439E-04
   7701.3880189463962        1.46839213       2.08028709E-04
   7703.8452260845579        1.58392811       2.24171235E-04
   7706.3024332227196        1.72508538       2.44750117E-04
   7708.7596403608813        1.88624823       2.66378862E-04
   7711.2168474990431        2.04881811       2.89601332E-04
   7713.6740546372057        2.15245581       3.04322049E-04
   7716.1312617753665        2.27601814       3.21684580E-04
   7718.5884689135291        2.34498358       3.32702562E-04
   7721.0456760516909        2.50877881       3.53822834E-04
   7723.5028831898526        2.59247255       3.68986657E-04
   7725.9600903280143        2.82059741       3.95890966E-04
   7728.4172974661760        2.88110447       4.07976855E-04
   7730.8745046043387        2.90815496       4.11645829E-04
   7733.3317117424995        2.98125219       4.22065263E-04
   7735.7889188806621        3.08478761       4.35921567E-04
   7738.2461260188238        3.17044568       4.45779122E-04
   7740.7033331569855        3.08148909       4.36324772E-04
   7743.1605402951473        2.95366788       4.18554439E-04
   7745.6177474333090        2.91783094       4.11647983E-04
   7748.0749545714716        2.81182790       3.98163684E-04
   7750.5321617096324        2.72612381       3.85896361E-04
   7752.9893688477950        2.66744828       3.78907280E-04
   7755.4465759859568        2.73066807       3.85004387E-04
   7757.9037831241185        2.75089216       3.90008587E-04
   7760.3609902622811        2.79948139       3.97990749E-04
   7762.8181974004419        3.00629973       4.22119250E-04
   7765.2754045386046        3.05250859       4.32249799E-04
   7767.7326116767663        3.04553866       4.32452885E-04
   7770.1898188149280        3.19468427       4.49569779E-04
   7772.6470259530906        3.21109033       4.54488472E-04
   7775.1042330912514        3.20680761       4.53645305E-04
   7777.5614402294141        3.22482800       4.55904461E-04
   7780.0186473675749        3.23468399       4.56961425E-04
   7782.4758545057375        3.20596647       4.53842658E-04
   7784.9330616438992        3.19957995       4.53407993E-04
   7787.3902687820610        3.26034069       4.59654460E-04
   7789.8474759202236        3.25301695       4.59435541E-04
   7792.3046830583844        3.15698195       4.47584520E-04
   7794.7618901965470        3.14007688       4.45276673E-04
   7797.2190973347087        3.21514153       4.56294481E-04
   7799.6763044728705        3.42007041       4.82532458E-04
   7802.1335116110322        3.56608367       5.05004020E-04
   7804.5907187491939        3.72358799       5.28529054E-04
   7807.0479258873565        4.01087809       5.65723167E-04
   7809.5051330255174        4.22712326       5.96265309E-04
   7811.9623401636800        4.28545141       6.05564332E-04
   7814.4195473018417        4.29729843       6.06059795E-04
   7816.8767544400034        4.18124294       5.93851146E-04
   7819.3339615781651        4.19424725       5.90192096E-04
   7821.7911687163269        4.08921623       5.78770007E-04
   7824.2483758544895        3.90093470       5.53451944E-04
   7826.7055829926503        3.88505316       5.48335898E-04
   7829.1627901308129        3.80017471       5.39919129E-04
   7831.6199972689747        3.86964917       5.45190473E-04
   7834.0772044071364        3.85704756       5.48005104E-04
   7836.5344115452981        3.94773245       5.57993189E-04
   7838.9916186834598        4.09817457       5.79203246E-04
   7841.4488258216224        4.17556953       5.88752155E-04
   7843.9060329597842        4.16705418       5.91638382E-04
   7846.3632400979459        4.22875071       5.98932267E-04
   7848.8204472361076        4.44906759       6.25498709E-04
   7851.2776543742693        4.37734461       6.20546401E-04
   7853.7348615124320        4.36934710       6.18399819E-04
   7856.1920686505928        4.39712954       6.20139239E-04
   7858.6492757887554        4.36001253       6.16593403E-04
   7861.1064829269171        4.22687864       6.00527273E-04
   7863.5636900650788        4.33171558       6.07722730E-04
   7866.0208972032406        4.12846708       5.88181138E-04
   7868.4781043414023        4.11190367       5.81447093E-04
   7870.9353114795649        4.20384312       5.95814083E-04
   7873.3925186177257        4.34492159       6.13220036E-04
   7875.8497257558884        4.45292091       6.30681287E-04
   7878.3069328940501        4.56278038       6.47312962E-04
   7880.7641400322118        4.84535551       6.81642094E-04
   7883.2213471703744        4.90704060       6.94903079E-04
   7885.6785543085352        4.95016479       7.00209988E-04
   7888.1357614466979        5.04049301       7.12251465E-04
   7890.5929685848587        5.07993269       7.15384609E-04
   7893.0501757230213        4.91911411       6.98144431E-04
   7895.5073828611830        4.82906008       6.83631224E-04
   7897.9645899993448        4.88220215       6.88212167E-04
   7900.4217971375074        4.75280428       6.72418682E-04
   7902.8790042756682        4.62313604       6.53440715E-04
   7905.3362114138308        4.44668150       6.29910559E-04
   7907.7934185519925        4.35398340       6.15638681E-04
   7910.2506256901543        4.24932575       6.00942760E-04
   7912.7078328283160        4.16680288       5.91191987E-04
   7915.1650399664777        4.17565441       5.91626565E-04
   7917.6222471046403        4.33485365       6.10741670E-04
   7920.0794542428021        4.31716728       6.12996053E-04
   7922.5366613809638        4.44113350       6.28290232E-04
   7924.9938685191255        4.61049366       6.51794544E-04
   7927.4510756572872        4.77595329       6.75031450E-04
   7929.9082827954498        4.88273191       6.91057940E-04
   7932.3654899336107        5.03784275       7.09645567E-04
   7934.8226970717733        4.99517012       7.05398910E-04
   7937.2799042099350        4.83711624       6.83294260E-04
   7939.7371113480967        4.59003830       6.50796574E-04
   7942.1943184862585        4.44324350       6.30003691E-04
   7944.6515256244202        4.43092299       6.29033428E-04
   7947.1087327625828        4.61201239       6.51556998E-04
   7949.5659399007436        4.78399467       6.76087278E-04
   7952.0231470389062        4.89867306       6.91304274E-04
   7954.4803541770680        4.91347218       6.96804898E-04
   7956.9375613152297        5.01422071       7.11428933E-04
   7959.3947684533914        5.31367445       7.48162449E-04
   7961.8519755915531        5.42386341       7.66827667E-04
   7964.3091827297158        5.43513203       7.70442421E-04
   7966.7663898678766        5.57715321       7.85701210E-04
   7969.2235970060392        5.55849123       7.87149125E-04
   7971.6808041442009        5.51984215       7.80792732E-04
   7974.1380112823626        5.55221987       7.82013580E-04
   7976.5952184205253        5.34377146       7.57705653E-04
   7979.0524255586861        5.20451355       7.35816429E-04
   7981.5096326968487        5.10236597       7.22219935E-04
   7983.9668398350095        5.02210903       7.12277717E-04
   7986.4240469731722        5.09568977       7.19352684E-04
   7988.8812541113339        5.12979126       7.25240563E-04
   7991.3384612494956        5.10538244       7.25220947E-04
   7993.7956683876582        5.29517460       7.46373029E-04
   7996.2528755258199        5.39655399       7.64654425E-04
   7998.7100826639817        5.50176239       7.79135444E-04
   8001.1672898021434        5.74959517       8.13438266E-04
   8003.6244969403051        5.98137617       8.44418013E-04
   8006.0817040784677        6.16183805       8.72224744E-04
   8008.5389112166285        6.29878044       8.87902803E-04
   8010.9961183547912        6.34532881       9.00900690E-04
   8013.4533254929529        6.45823431       9.17357160E-04
   8015.9105326311146        6.99722672       9.81020276E-04
   8018.3677397692763        6.93197632       9.85839171E-04
   8020.8249469074381        7.10610199       1.00336818E-03
   8023.2821540456007        7.27923155       1.03090738E-03
   8025.7393611837615        7.50993967       1.06048735E-03
   8028.1965683219241        7.65190220       1.08014420E-03
   8030.6537754600859        7.64991331       1.08908885E-03
   8033.1109825982476        8.03149509       1.13595556E-03
