   5529.2169088113069        4.44734581E-02   6.13653401E-06
   5531.6741159494686        3.00117936E-02   4.54127166E-06
   5534.1313230876303        4.07824256E-02   5.89605952E-06
   5536.5885302257930        5.33257686E-02   7.45157240E-06
   5539.0457373639547        5.36343493E-02   7.42969451E-06
   5541.5029445021164        4.43936586E-02   6.42949226E-06
   5543.9601516402781        4.57865074E-02   6.42366194E-06
   5546.4173587784398        4.84543778E-02   7.16193608E-06
   5548.8745659166016        7.55215287E-02   1.05612880E-05
   5551.3317730547642        7.28328228E-02   1.01609730E-05
   5553.7889801929259        7.67666623E-02   1.12516218E-05
   5556.2461873310876        9.76554602E-02   1.34920683E-05
   5558.7033944692494        9.49774683E-02   1.35926230E-05
   5561.1606016074111       0.106145233       1.49255202E-05
   5563.6178087455728       0.100782216       1.41251958E-05
   5566.0750158837354        9.74715054E-02   1.41658356E-05
   5568.5322230218972       0.124949530       1.77074999E-05
   5570.9894301600589       0.141159087       1.97433546E-05
   5573.4466372982206       0.146601871       2.09770660E-05
   5575.9038444363823       0.168831840       2.37118893E-05
   5578.3610515745440       0.167921767       2.36625074E-05
   5580.8182587127058       0.173865169       2.48951692E-05
   5583.2754658508684       0.190977320       2.65958533E-05
   5585.7326729890301       0.171355665       2.42363985E-05
   5588.1898801271918       0.157574102       2.24341056E-05
   5590.6470872653535       0.150723457       2.13065268E-05
   5593.1042944035153       0.152603820       2.18107689E-05
   5595.5615015416770       0.160543025       2.23025017E-05
   5598.0187086798396       0.139344439       1.99519945E-05
   5600.4759158180013       0.144132748       2.05423894E-05
   5602.9331229561631       0.157048523       2.22120088E-05
   5605.3903300943248       0.168965638       2.37635159E-05
   5607.8475372324865       0.165703207       2.33990868E-05
   5610.3047443706482       0.160660803       2.26066022E-05
   5612.7619515088109       0.141112342       2.00061404E-05
   5615.2191586469726       0.135669306       1.94012719E-05
   5617.6763657851343       0.132681176       1.84506825E-05
   5620.1335729232960       0.121601537       1.77922193E-05
   5622.5907800614577       0.154328257       2.15161544E-05
   5625.0479871996195       0.137052000       1.91266081E-05
   5627.5051943377821       0.126015112       1.85951467E-05
   5629.9624014759438       0.160516530       2.21738028E-05
   5632.4196086141055       0.137664199       1.93728974E-05
   5634.8768157522672       0.122798793       1.79072831E-05
   5637.3340228904290       0.146093741       2.05225278E-05
   5639.7912300285907       0.143773600       2.00333398E-05
   5642.2484371667524       0.130332872       1.88814665E-05
   5644.7056443049150       0.153430030       2.16758544E-05
   5647.1628514430768       0.165998459       2.34303552E-05
   5649.6200585812385       0.176547840       2.49170862E-05
   5652.0772657194002       0.180228248       2.54609931E-05
   5654.5344728575619       0.175424337       2.45277261E-05
   5656.9916799957236       0.152483687       2.18794539E-05
   5659.4488871338863       0.156985536       2.21935643E-05
   5661.9060942720480       0.160190120       2.29049165E-05
   5664.3633014102097       0.188530549       2.64200007E-05
   5666.8205085483714       0.158276439       2.17964098E-05
   5669.2777156865332       0.117616624       1.80001498E-05
   5671.7349228246949       0.164831400       2.27792916E-05
   5674.1921299628575       0.165370643       2.38803168E-05
   5676.6493371010192       0.205318108       2.86073046E-05
   5679.1065442391809       0.192732066       2.73750447E-05
   5681.5637513773427       0.195086911       2.72323578E-05
   5684.0209585155044       0.162582785       2.35024218E-05
   5686.4781656536661       0.184557423       2.60592551E-05
   5688.9353727918278       0.174748451       2.45435313E-05
   5691.3925799299905       0.168524325       2.39829606E-05
   5693.8497870681522       0.176609635       2.54620554E-05
   5696.3069942063139       0.216363341       2.99718049E-05
   5698.7642013444756       0.193404138       2.76772462E-05
   5701.2214084826373       0.208606601       2.93905960E-05
   5703.6786156207991       0.199151590       2.82800684E-05
   5706.1358227589617       0.205787808       2.87394323E-05
   5708.5930298971234       0.172305048       2.48347751E-05
   5711.0502370352851       0.205417767       2.94407546E-05
   5713.5074441734469       0.208225191       2.83651316E-05
   5715.9646513116086       0.163435742       2.41450180E-05
   5718.4218584497703       0.183748648       2.56968106E-05
   5720.8790655879329       0.188053563       2.69410921E-05
   5723.3362727260946       0.204940438       2.82844230E-05
   5725.7934798642564       0.171331510       2.48820379E-05
   5728.2506870024181       0.198792577       2.80242475E-05
   5730.7078941405798       0.190230161       2.67327650E-05
   5733.1651012787415       0.193568543       2.76984811E-05
   5735.6223084169033       0.198376194       2.76678202E-05
   5738.0795155550659       0.187526301       2.67937448E-05
   5740.5367226932276       0.192870602       2.72232555E-05
   5742.9939298313893       0.198601499       2.82450310E-05
   5745.4511369695510       0.221741170       3.15196048E-05
   5747.9083441077128       0.241806403       3.36095363E-05
   5750.3655512458745       0.204252496       2.89541531E-05
   5752.8227583840371       0.200720266       2.92019140E-05
   5755.2799655221988       0.223362997       3.04935493E-05
   5757.7371726603606       0.183992654       2.70540877E-05
   5760.1943797985223       0.211945474       2.91605356E-05
   5762.6515869366840       0.168921366       2.46296204E-05
   5765.1087940748457       0.202351123       2.86802915E-05
   5767.5660012130083       0.200606674       2.81079538E-05
   5770.0232083511701       0.201754242       2.86296709E-05
   5772.4804154893318       0.193888947       2.75096263E-05
   5774.9376226274935       0.212011904       3.00690517E-05
   5777.3948297656552       0.212166503       2.97333791E-05
   5779.8520369038170       0.207514912       2.95781938E-05
   5782.3092440419787       0.217329964       3.08445888E-05
   5784.7664511801413       0.233245403       3.26560003E-05
   5787.2236583183030       0.217122674       3.09530078E-05
   5789.6808654564647       0.247290045       3.55712473E-05
   5792.1380725946265       0.289161563       3.99949240E-05
   5794.5952797327882       0.252094567       3.57239587E-05
   5797.0524868709508       0.245453343       3.55508746E-05
   5799.5096940091125       0.287240028       3.99486817E-05
   5801.9669011472743       0.258089185       3.64272346E-05
   5804.4241082854360       0.247754380       3.56034034E-05
   5806.8813154235977       0.253477812       3.50636583E-05
   5809.3385225617594       0.209727794       3.02127391E-05
   5811.7957296999211       0.204343975       2.87519033E-05
   5814.2529368380838       0.192753881       2.77544223E-05
   5816.7101439762455       0.223333463       3.12908924E-05
   5819.1673511144072       0.208105311       2.93196299E-05
   5821.6245582525689       0.208186254       2.99339608E-05
   5824.0817653907307       0.236728877       3.33667012E-05
   5826.5389725288924       0.246901482       3.45219050E-05
   5828.9961796670550       0.227267146       3.23903732E-05
   5831.4533868052167       0.229311064       3.22764645E-05
   5833.9105939433784       0.213769123       3.03672205E-05
   5836.3678010815402       0.217448816       3.07693299E-05
   5838.8250082197019       0.211460277       2.97773840E-05
   5841.2822153578636       0.197537795       2.78277657E-05
   5843.7394224960262       0.174496666       2.49930436E-05
   5846.1966296341880       0.188459352       2.67898686E-05
   5848.6538367723497       0.187832355       2.60942179E-05
   5851.1110439105114       0.173122957       2.50989688E-05
   5853.5682510486731       0.193186954       2.68305521E-05
   5856.0254581868348       0.174248159       2.48702599E-05
   5858.4826653249966       0.173227623       2.42582792E-05
   5860.9398724631592       0.146390274       2.09041937E-05
   5863.3970796013209       0.150839344       2.17048182E-05
   5865.8542867394826       0.176357552       2.49146342E-05
   5868.3114938776444       0.189721107       2.62997473E-05
   5870.7687010158061       0.149415776       2.12737068E-05
   5873.2259081539678       0.141165331       2.06520908E-05
   5875.6831152921304       0.163540155       2.24543492E-05
   5878.1403224302921       0.130331084       1.85680801E-05
   5880.5975295684539       0.108477570       1.54828722E-05
   5883.0547367066156        9.23815519E-02   1.32615187E-05
   5885.5119438447773       0.110953949       1.61822281E-05
   5887.9691509829390       0.131703481       1.76043504E-05
   5890.4263581211017        7.84535855E-02   1.19528922E-05
   5892.8835652592634        9.55548286E-02   1.40580496E-05
   5895.3407723974251       0.118899882       1.61632124E-05
   5897.7979795355868       0.106061570       1.54599911E-05
   5900.2551866737485       0.129199713       1.82853582E-05
   5902.7123938119103       0.148027688       2.09407754E-05
   5905.1696009500720       0.159573674       2.23255702E-05
   5907.6268080882346       0.158932209       2.27971141E-05
   5910.0840152263963       0.177586794       2.46878462E-05
   5912.5412223645581       0.152445346       2.16593653E-05
   5914.9984295027198       0.149496064       2.14093816E-05
   5917.4556366408815       0.153267249       2.14944575E-05
   5919.9128437790432       0.156634226       2.24360865E-05
   5922.3700509172058       0.171521127       2.39346409E-05
   5924.8272580553676       0.157578647       2.22745257E-05
   5927.2844651935293       0.152849272       2.19908197E-05
   5929.7416723316910       0.179267153       2.53583257E-05
   5932.1988794698527       0.188373521       2.61865916E-05
   5934.6560866080144       0.163938552       2.33766059E-05
   5937.1132937461771       0.164661914       2.36488413E-05
   5939.5705008843388       0.188257962       2.63920520E-05
   5942.0277080225005       0.178268373       2.49404075E-05
   5944.4849151606622       0.168540508       2.45736119E-05
   5946.9421222988240       0.208560079       2.89894579E-05
   5949.3993294369857       0.182710186       2.56983785E-05
   5951.8565365751474       0.179913923       2.63556012E-05
   5954.3137437133100       0.216415346       2.95974860E-05
   5956.7709508514718       0.170547798       2.45545725E-05
   5959.2281579896335       0.174958855       2.52112241E-05
   5961.6853651277952       0.189870417       2.62792164E-05
   5964.1425722659569       0.170429200       2.44350413E-05
   5966.5997794041186       0.178496137       2.52367481E-05
   5969.0569865422813       0.175556824       2.46155869E-05
   5971.5141936804430       0.168890193       2.43308641E-05
   5973.9714008186047       0.195360512       2.74575796E-05
   5976.4286079567664       0.196963906       2.76994433E-05
   5978.8858150949281       0.184786454       2.59706994E-05
   5981.3430222330899       0.164857477       2.36335090E-05
   5983.8002293712525       0.164059773       2.30628830E-05
   5986.2574365094142       0.178887397       2.61183086E-05
   5988.7146436475759       0.213301182       2.89072541E-05
   5991.1718507857377       0.195597664       2.89956024E-05
   5993.6290579238994       0.195264727       2.52604332E-05
   5996.0862650620611       0.227250695       4.18318814E-05
   5998.5434722002228       0.176053047       1.28465894E-04
   6001.0006793383855       0.175380155       8.85230183E-05
   6003.4578864765472       0.126659527       3.40083570E-05
   6005.9150936147089       0.206709191       2.86857849E-05
   6008.3723007528706       0.202149391       2.84909493E-05
   6010.8295078910323       0.193460643       2.72818233E-05
   6013.2867150291941       0.179450676       2.56471831E-05
   6015.7439221673567       0.194602907       2.75450730E-05
   6018.2011293055184       0.192874193       2.69957782E-05
   6020.6583364436801       0.187482402       2.69602024E-05
   6023.1155435818418       0.210440516       2.95221234E-05
   6025.5727507200036       0.198139131       2.76364335E-05
   6028.0299578581653       0.172341228       2.50657249E-05
   6030.4871649963279       0.201276839       2.83740592E-05
   6032.9443721344896       0.213394463       3.02360022E-05
   6035.4015792726514       0.231539816       3.25152178E-05
   6037.8587864108131       0.222935915       3.16269106E-05
   6040.3159935489748       0.237957060       3.38631908E-05
   6042.7732006871365       0.249332666       3.48449357E-05
   6045.2304078252982       0.233802706       3.32078052E-05
   6047.6876149634609       0.235524461       3.35608238E-05
   6050.1448221016226       0.251925349       3.53420364E-05
   6052.6020292397843       0.238244414       3.37091369E-05
   6055.0592363779460       0.243617535       3.48465110E-05
   6057.5164435161078       0.261642635       3.65227788E-05
   6059.9736506542704       0.250942111       3.58819452E-05
   6062.4308577924321       0.273341328       3.85046042E-05
   6064.8880649305938       0.267129004       3.75734016E-05
   6067.3452720687555       0.260622650       3.71144015E-05
   6069.8024792069173       0.256216437       3.58689867E-05
   6072.2596863450790       0.249119431       3.61092243E-05
   6074.7168934832407       0.300676048       4.19456301E-05
   6077.1741006214033       0.280730098       3.94133276E-05
   6079.6313077595651       0.250192225       3.57047611E-05
   6082.0885148977268       0.256020427       3.67074099E-05
   6084.5457220358885       0.278384149       3.85437561E-05
   6087.0029291740502       0.257721037       3.75319541E-05
   6089.4601363122119       0.310918331       4.29293177E-05
   6091.9173434503737       0.256167024       3.67446046E-05
   6094.3745505885363       0.275996000       3.94907183E-05
   6096.8317577266980       0.285222739       3.97967124E-05
   6099.2889648648597       0.278335452       3.95334464E-05
   6101.7461720030215       0.260033011       3.64736115E-05
   6104.2033791411832       0.234645233       3.35362638E-05
   6106.6605862793458       0.235776544       3.34782853E-05
   6109.1177934175075       0.237575084       3.31907831E-05
   6111.5750005556692       0.221806616       3.20473991E-05
   6114.0322076938310       0.252862632       3.52207971E-05
   6116.4894148319927       0.234725654       3.35667864E-05
   6118.9466219701544       0.254147232       3.56602177E-05
   6121.4038291083161       0.230175540       3.25299116E-05
   6123.8610362464788       0.218935817       3.10324467E-05
   6126.3182433846405       0.205354899       2.92883051E-05
   6128.7754505228022       0.222497970       3.13980890E-05
   6131.2326576609639       0.217915401       3.08088420E-05
   6133.6898647991256       0.226219743       3.19365536E-05
   6136.1470719372874       0.207018346       2.90753342E-05
   6138.6042790754491       0.202082053       2.93282483E-05
   6141.0614862136117       0.235026747       3.26175505E-05
   6143.5186933517734       0.213978872       3.03749712E-05
   6145.9759004899352       0.216288298       3.08952040E-05
   6148.4331076280969       0.223951787       3.11173681E-05
   6150.8903147662586       0.188511580       2.69148368E-05
   6153.3475219044212       0.189258546       2.72013112E-05
   6155.8047290425829       0.194467470       2.67191645E-05
   6158.2619361807447       0.164394468       2.41978159E-05
   6160.7191433189064       0.192202419       2.63579859E-05
   6163.1763504570681       0.152882040       2.23884927E-05
   6165.6335575952298       0.193260208       2.74700433E-05
   6168.0907647333916       0.192297369       2.65561721E-05
   6170.5479718715542       0.169299737       2.43847608E-05
   6173.0051790097159       0.165276378       2.32802722E-05
   6175.4623861478776       0.169725344       2.42359602E-05
   6177.9195932860393       0.174584642       2.43152426E-05
   6180.3768004242011       0.162491947       2.32966249E-05
   6182.8340075623637       0.167121843       2.33995070E-05
   6185.2912147005254       0.164139658       2.36988926E-05
   6187.7484218386871       0.198320255       2.77861782E-05
   6190.2056289768489       0.191829130       2.68896747E-05
   6192.6628361150106       0.174001843       2.46742366E-05
   6195.1200432531723       0.160911843       2.29833240E-05
   6197.5772503913340       0.167723089       2.35916104E-05
   6200.0344575294966       0.158497930       2.25094627E-05
   6202.4916646676584       0.167134479       2.36996129E-05
   6204.9488718058201       0.165397897       2.32284292E-05
   6207.4060789439818       0.170055434       2.44058883E-05
   6209.8632860821435       0.178290009       2.45883330E-05
   6212.3204932203053       0.158042446       2.31170670E-05
   6214.7777003584670       0.190795377       2.64363334E-05
   6217.2349074966296       0.158975378       2.25285094E-05
   6219.6921146347913       0.153169528       2.21426781E-05
   6222.1493217729530       0.163119122       2.27300079E-05
   6224.6065289111148       0.164840654       2.37219811E-05
   6227.0637360492765       0.185062245       2.56854746E-05
   6229.5209431874382       0.159204111       2.26282991E-05
   6231.9781503256008       0.170675129       2.49464247E-05
   6234.4353574637626       0.207247317       2.81711182E-05
   6236.8925646019243       0.164147332       2.40166482E-05
   6239.3497717400860       0.186780155       2.61915175E-05
   6241.8069788782477       0.164942130       2.32406310E-05
   6244.2641860164094       0.162112489       2.34204745E-05
   6246.7213931545721       0.182046130       2.55546129E-05
   6249.1786002927338       0.188772887       2.65812159E-05
   6251.6358074308955       0.184646711       2.62265694E-05
   6254.0930145690572       0.188654318       2.64834980E-05
   6256.5502217072190       0.181649089       2.61065306E-05
   6259.0074288453807       0.213529080       3.01230648E-05
   6261.4646359835424       0.222222105       3.12615048E-05
   6263.9218431217050       0.217474476       3.04805744E-05
   6266.3790502598667       0.190885320       2.73262613E-05
   6268.8362573980285       0.198278084       2.81296998E-05
   6271.2934645361902       0.210175022       2.99547628E-05
   6273.7506716743519       0.240424082       3.36760204E-05
   6276.2078788125136       0.227961466       3.22744127E-05
   6278.6650859506763       0.246736661       3.53623727E-05
   6281.1222930888380       0.263521641       3.65056439E-05
   6283.5795002269997       0.256250620       3.72304021E-05
   6286.0367073651614       0.235742867       4.09952918E-05
   6288.4939145033231       0.250541329       3.60784870E-05
   6290.9511216414849       0.261358708       3.67643224E-05
   6293.4083287796475       0.241613641       3.46176130E-05
   6295.8655359178092       0.296729743       4.24666541E-05
   6298.3227430559709       0.310536355       4.23507736E-05
   6300.7799501941327       0.245059028       3.60841732E-05
   6303.2371573322944       0.290117025       4.11174988E-05
   6305.6943644704561       0.316289514       4.43166500E-05
   6308.1515716086178       0.306924552       4.32443849E-05
   6310.6087787467804       0.298180580       4.27463310E-05
   6313.0659858849422       0.331870466       4.66513011E-05
   6315.5231930231039       0.337060571       4.78231814E-05
   6317.9804001612656       0.352467477       4.93629595E-05
   6320.4376072994273       0.321008831       4.57709903E-05
   6322.8948144375890       0.350475639       5.00348142E-05
   6325.3520215757508       0.365569025       5.06614961E-05
   6327.8092287139134       0.335050553       4.84220036E-05
   6330.2664358520751       0.375775337       5.27169032E-05
   6332.7236429902368       0.376190513       5.34019746E-05
   6335.1808501283986       0.398357749       5.61183733E-05
   6337.6380572665603       0.387545645       5.47862946E-05
   6340.0952644047229       0.395767868       5.62690366E-05
   6342.5524715428846       0.410273641       5.77738574E-05
   6345.0096786810464       0.414323270       5.86390961E-05
   6347.4668858192081       0.407861978       5.74210462E-05
   6349.9240929573698       0.395808548       5.63691246E-05
   6352.3813000955315       0.407438427       5.74329679E-05
   6354.8385072336932       0.412461013       5.86211972E-05
   6357.2957143718559       0.427150965       5.97867765E-05
   6359.7529215100176       0.388685495       5.51998928E-05
   6362.2101286481793       0.380409747       5.39209504E-05
   6364.6673357863410       0.371275723       5.26554395E-05
   6367.1245429245027       0.401884228       5.73138059E-05
   6369.5817500626654       0.424657673       5.88783369E-05
   6372.0389572008271       0.372901767       5.35369363E-05
   6374.4961643389888       0.391956210       5.54759717E-05
   6376.9533714771505       0.392175138       5.51775556E-05
   6379.4105786153123       0.390923023       5.57042877E-05
   6381.8677857534740       0.408927083       5.74528058E-05
   6384.3249928916357       0.392956644       5.54477883E-05
   6386.7822000297983       0.372594208       5.30504622E-05
   6389.2394071679601       0.400519878       5.72186582E-05
   6391.6966143061218       0.450918406       6.31607400E-05
   6394.1538214442835       0.452012509       6.40046055E-05
   6396.6110285824452       0.446250498       6.25287648E-05
   6399.0682357206069       0.408914536       5.87017603E-05
   6401.5254428587687       0.447598994       6.30646537E-05
   6403.9826499969313       0.439732075       6.19794519E-05
   6406.4398571350930       0.435765713       6.17811456E-05
   6408.8970642732547       0.428241104       6.04176639E-05
   6411.3542714114164       0.415355355       5.87295908E-05
   6413.8114785495782       0.407874405       5.80618434E-05
   6416.2686856877408       0.418533444       5.85886955E-05
   6418.7258928259025       0.393673450       5.64972506E-05
   6421.1830999640642       0.435641021       6.10290990E-05
   6423.6403071022260       0.399705738       5.64560105E-05
   6426.0975142403877       0.395083696       5.64959773E-05
   6428.5547213785494       0.409066498       5.73911748E-05
   6431.0119285167111       0.408367544       5.81669156E-05
   6433.4691356548738       0.431962937       6.10282295E-05
   6435.9263427930355       0.456102937       6.44536121E-05
   6438.3835499311972       0.447384566       6.25307002E-05
   6440.8407570693589       0.406289250       5.84823538E-05
   6443.2979642075206       0.446955830       6.28676717E-05
   6445.7551713456824       0.427414685       6.01468782E-05
   6448.2123784838450       0.429451644       6.17094120E-05
   6450.6695856220067       0.463262230       6.42789673E-05
   6453.1267927601684       0.420306593       6.03409389E-05
   6455.5839998983301       0.446251422       6.26450346E-05
   6458.0412070364919       0.417159438       5.91064600E-05
   6460.4984141746536       0.423111707       6.02017062E-05
   6462.9556213128162       0.439849079       6.21716463E-05
   6465.4128284509779       0.474586993       6.74309485E-05
   6467.8700355891397       0.512138426       7.20064345E-05
   6470.3272427273014       0.510372937       7.18816009E-05
   6472.7844498654631       0.486394286       6.88818618E-05
   6475.2416570036248       0.463458449       6.54128453E-05
   6477.6988641417865       0.457611740       6.57776473E-05
   6480.1560712799492       0.517439067       7.21521064E-05
   6482.6132784181109       0.471424431       6.67782078E-05
   6485.0704855562726       0.469414085       6.70410300E-05
   6487.5276926944343       0.496123493       7.00008895E-05
   6489.9848998325961       0.531237721       7.54790162E-05
   6492.4421069707587       0.568725049       7.98655528E-05
   6494.8993141089204       0.561939180       7.94349253E-05
   6497.3565212470821       0.554153383       7.85238153E-05
   6499.8137283852438       0.569596410       8.08531113E-05
   6502.2709355234056       0.599563479       8.46081748E-05
   6504.7281426615673       0.626239657       8.89589573E-05
   6507.1853497997290       0.668756843       9.40118189E-05
   6509.6425569378916       0.669635355       9.50912654E-05
   6512.0997640760534       0.702089667       9.89684486E-05
   6514.5569712142151       0.704746008       1.00060090E-04
   6517.0141783523768       0.756223321       1.07094122E-04
   6519.4713854905385       0.803073466       1.13606395E-04
   6521.9285926287002       0.855677903       1.20818295E-04
   6524.3857997668620       0.886098444       1.25490915E-04
   6526.8430069050246       0.924737394       1.30252854E-04
   6529.3002140431863       0.923467636       1.31157314E-04
   6531.7574211813480       0.975619853       1.37790063E-04
   6534.2146283195098        1.00033391       1.41546814E-04
   6536.6718354576715        1.01422536       1.42261561E-04
   6539.1290425958341       0.929450154       1.32150424E-04
   6541.5862497339958       0.925490916       1.30889777E-04
   6544.0434568721575       0.877450287       1.23645179E-04
   6546.5006640103193       0.836166561       1.19106480E-04
   6548.9578711484810       0.850314975       1.20479883E-04
   6551.4150782866427       0.919077694       1.31109788E-04
   6553.8722854248044       0.871317804       1.52066772E-04
   6556.3294925629671        1.19918740       1.68157771E-04
   6558.7866997011288        1.15517771       1.61937278E-04
   6561.2439068392905        1.00684023       1.42832039E-04
   6563.7011139774522       0.877732813       1.24258600E-04
   6566.1583211156139       0.745213330       1.06015083E-04
   6568.6155282537766       0.690018117       9.89156542E-05
   6571.0727353919374       0.718200743       1.00837555E-04
   6573.5299425301000       0.685077190       9.71676927E-05
   6575.9871496682617       0.693421721       9.83405043E-05
   6578.4443568064235       0.707830846       9.99463082E-05
   6580.9015639445852       0.720666111       1.01994599E-04
   6583.3587710827469       0.725905597       1.02411366E-04
   6585.8159782209095       0.720595717       1.02038481E-04
   6588.2731853590703       0.713280559       1.00517005E-04
   6590.7303924972330       0.681527019       9.65312720E-05
   6593.1875996353947       0.662132680       9.37674995E-05
   6595.6448067735564       0.669176459       9.51203328E-05
   6598.1020139117181       0.691802561       9.70860783E-05
   6600.5592210498799       0.671072245       9.56265721E-05
   6603.0164281880425       0.698684394       9.81216435E-05
   6605.4736353262042       0.672721982       9.59459794E-05
   6607.9308424643659       0.736084223       1.03931161E-04
   6610.3880496025276       0.715707004       1.00230267E-04
   6612.8452567406894       0.692603350       9.96780218E-05
   6615.3024638788520       0.742055535       1.02926468E-04
   6617.7596710170128       0.641752362       9.18046717E-05
   6620.2168781551754       0.646684647       9.17740108E-05
   6622.6740852933372       0.639715195       9.00798186E-05
   6625.1312924314989       0.636689007       9.06184287E-05
   6627.5884995696606       0.654214978       9.20293023E-05
   6630.0457067078223       0.639121890       9.03388209E-05
   6632.5029138459849       0.612053394       8.66491027E-05
   6634.9601209841458       0.624084175       8.90730807E-05
   6637.4173281223084       0.666042745       9.30817041E-05
   6639.8745352604701       0.624364555       8.88686045E-05
   6642.3317423986318       0.643889368       9.09340888E-05
   6644.7889495367936       0.604044914       8.46987386E-05
   6647.2461566749553       0.568032742       8.19135894E-05
   6649.7033638131179       0.603624582       8.37322950E-05
   6652.1605709512796       0.538477898       7.75882945E-05
   6654.6177780894413       0.584278882       8.18875269E-05
   6657.0749852276031       0.550379276       7.84566000E-05
   6659.5321923657648       0.609262466       8.64319882E-05
   6661.9893995039274       0.617967784       8.64570466E-05
   6664.4466066420882       0.610816717       8.74641555E-05
   6666.9038137802509       0.651829362       9.14764023E-05
   6669.3610209184126       0.658637643       9.35635471E-05
   6671.8182280565743       0.663161218       9.26774956E-05
   6674.2754351947360       0.602006435       8.61600492E-05
   6676.7326423328977       0.616458476       8.64895555E-05
   6679.1898494710604       0.551133990       7.80952614E-05
   6681.6470566092212       0.537213624       7.67390229E-05
   6684.1042637473838       0.550218821       7.72952408E-05
   6686.5614708855455       0.546409428       7.78061803E-05
   6689.0186780237073       0.580098987       8.19618290E-05
   6691.4758851618690       0.593679011       8.34732709E-05
   6693.9330923000307       0.573647559       8.15368403E-05
   6696.3902994381933       0.605422616       8.60090950E-05
   6698.8475065763550       0.641579151       9.00038649E-05
   6701.3047137145168       0.613614500       8.67737326E-05
   6703.7619208526785       0.612019479       8.72909659E-05
   6706.2191279908402       0.643836915       9.02151223E-05
   6708.6763351290019       0.614815235       8.74428515E-05
   6711.1335422671636       0.631129682       8.89569637E-05
   6713.5907494053263       0.595119715       8.38206252E-05
   6716.0479565434880       0.561847210       8.02012582E-05
   6718.5051636816497       0.577682674       8.15350431E-05
   6720.9623708198114       0.575040519       8.10820347E-05
   6723.4195779579732       0.555826545       7.88646212E-05
   6725.8767850961358       0.572043538       8.12049475E-05
   6728.3339922342975       0.591445982       8.31051657E-05
   6730.7911993724592       0.580967426       8.26597898E-05
   6733.2484065106210       0.615843773       8.71833981E-05
   6735.7056136487827       0.650062084       9.17478974E-05
   6738.1628207869444       0.643538415       9.01256935E-05
   6740.6200279251061       0.585604310       8.37363186E-05
   6743.0772350632687       0.599431455       8.43729504E-05
   6745.5344422014305       0.570448875       8.10499405E-05
   6747.9916493395922       0.600373983       8.51918885E-05
   6750.4488564777539       0.614273131       8.62677553E-05
   6752.9060636159156       0.604671955       8.59819629E-05
   6755.3632707540773       0.631611705       8.94818077E-05
   6757.8204778922391       0.657169104       9.23192565E-05
   6760.2776850304017       0.638555408       9.07836366E-05
   6762.7348921685634       0.659305811       9.30497117E-05
   6765.1920993067251       0.685826778       9.79035467E-05
   6767.6493064448869       0.733772397       1.02017286E-04
   6770.1065135830486       0.712774813       1.03170831E-04
   6772.5637207212112       0.765277982       1.04418563E-04
   6775.0209278593729       0.670654655       9.98708711E-05
   6777.4781349975347       0.734906971       9.64375431E-05
   6779.9353421356964       0.684877634       1.16122552E-04
   6782.3925492738581       0.625951231       2.38397930E-04
   6784.8497564120198       0.621959746       1.29002961E-04
   6787.3069635501815       0.618866563       9.79864417E-05
   6789.7641706883442       0.635381997       9.49367823E-05
   6792.2213778265059       0.676684558       9.95657829E-05
   6794.6785849646676       0.696969271       9.62617123E-05
   6797.1357921028293       0.695735395       9.94554139E-05
   6799.5929992409910       0.669145525       9.45936627E-05
   6802.0502063791528       0.726050854       1.02740603E-04
   6804.5074135173145       0.703455091       9.94273578E-05
   6806.9646206554771       0.731902182       1.03332146E-04
   6809.4218277936388       0.707408071       1.00621619E-04
   6811.8790349318006       0.750147700       1.05100196E-04
   6814.3362420699623       0.681623638       9.72565686E-05
   6816.7934492081240       0.720811903       1.01648868E-04
   6819.2506563462866       0.688927948       9.79334945E-05
   6821.7078634844484       0.762289882       1.08098822E-04
   6824.1650706226101       0.754285276       1.05358988E-04
   6826.6222777607718       0.737751484       1.06261585E-04
   6829.0794848989335       0.808241725       1.12733469E-04
   6831.5366920370961       0.772586823       1.09908629E-04
   6833.9938991752570       0.783712506       1.10516783E-04
   6836.4511063134196       0.774187922       1.09918510E-04
   6838.9083134515813       0.786236703       1.10293789E-04
   6841.3655205897430       0.723975956       1.03088954E-04
   6843.8227277279047       0.746945560       1.05900341E-04
   6846.2799348660665       0.750943244       1.05644191E-04
   6848.7371420042291       0.729838789       1.03311111E-04
   6851.1943491423908       0.710768878       1.00859266E-04
   6853.6515562805525       0.741240382       1.05213250E-04
   6856.1087634187143       0.782734096       1.10293222E-04
   6858.5659705568760       0.774849236       1.08832610E-04
   6861.0231776950377       0.714232564       1.01697340E-04
   6863.4803848331994       0.733854651       1.04200561E-04
   6865.9375919713621       0.748317897       1.05212850E-04
   6868.3947991095238       0.762335181       1.09094603E-04
   6870.8520062476855       0.843824446       1.18276796E-04
   6873.3092133858472       0.845446289       1.20014280E-04
   6875.7664205240089       0.856448054       1.19769829E-04
   6878.2236276621707       0.778404295       1.11681897E-04
   6880.6808348003324       0.852295697       1.20249046E-04
   6883.1380419384950       0.827088118       1.15941657E-04
   6885.5952490766567       0.767314672       1.09345317E-04
   6888.0524562148184       0.772430122       1.09916633E-04
   6890.5096633529802       0.834498763       1.17553915E-04
   6892.9668704911419       0.835558414       1.18120399E-04
   6895.4240776293036       0.848895013       1.19924465E-04
   6897.8812847674662       0.839622915       1.19008757E-04
   6900.3384919056280       0.872848153       1.23481572E-04
   6902.7956990437897       0.880015314       1.24207378E-04
   6905.2529061819514       0.900673389       1.27866879E-04
   6907.7101133201131       0.919977188       1.29115549E-04
   6910.1673204582748       0.875751436       1.24199112E-04
   6912.6245275964375       0.848531485       1.19854085E-04
   6915.0817347345992       0.847188115       1.21221718E-04
   6917.5389418727609       0.940842807       1.32098910E-04
   6919.9961490109226       0.935829461       1.32672329E-04
   6922.4533561490844       0.998624861       1.41679688E-04
   6924.9105632872470        1.03882790       1.45889324E-04
   6927.3677704254078        1.03191900       1.46739403E-04
   6929.8249775635704        1.08609569       1.53473869E-04
   6932.2821847017321        1.10142493       1.55036498E-04
   6934.7393918398939        1.09126401       1.55494505E-04
   6937.1965989780556        1.17152488       1.65383404E-04
   6939.6538061162173        1.22358096       1.73601977E-04
   6942.1110132543799        1.32749629       1.87302459E-04
   6944.5682203925408        1.33937466       1.88352045E-04
   6947.0254275307034        1.29316115       1.83295735E-04
   6949.4826346688651        1.27300286       1.80164614E-04
   6951.9398418070268        1.27657104       1.80710500E-04
   6954.3970489451885        1.27890968       1.80668081E-04
   6956.8542560833503        1.29231036       1.83527140E-04
   6959.3114632215129        1.35011387       1.90215986E-04
   6961.7686703596746        1.32946956       1.87772792E-04
   6964.2258774978363        1.32976687       1.89194951E-04
   6966.6830846359981        1.41239822       1.99563030E-04
   6969.1402917741598        1.46585035       2.06841636E-04
   6971.5974989123215        1.45407295       2.04812241E-04
   6974.0547060504832        1.40964937       2.00466529E-04
   6976.5119131886458        1.43736005       2.02671945E-04
   6978.9691203268076        1.44234931       2.04985423E-04
   6981.4263274649693        1.47349095       2.06004202E-04
   6983.8835346031310        1.47120976       1.92616164E-04
   6986.3407417412927        1.45683312       2.06035213E-04
   6988.7979488794554        1.47488403       2.07618708E-04
   6991.2551560176171        1.47554481       2.09129794E-04
   6993.7123631557788        1.48004210       2.09451755E-04
   6996.1695702939405        1.52604544       2.15771783E-04
   6998.6267774321022        1.53487813       2.16996719E-04
   7001.0839845702640        1.57359278       2.22915492E-04
   7003.5411917084257        1.61838508       2.28690202E-04
   7005.9983988465883        1.64478779       2.32057850E-04
   7008.4556059847500        1.63806665       2.32671737E-04
   7010.9128131229118        1.73038542       2.44473253E-04
   7013.3700202610735        1.74550259       2.45841220E-04
   7015.8272273992352        1.71770012       2.43962073E-04
   7018.2844345373978        1.80910659       2.57109292E-04
   7020.7416416755586        1.79622054       2.73838872E-04
   7023.1988488137213        1.97331655       2.80408538E-04
   7025.6560559518830        2.11395884       2.98221159E-04
   7028.1132630900447        2.14133263       3.02578846E-04
   7030.5704702282064        2.20428514       3.12353397E-04
   7033.0276773663682        2.26671004       3.20119812E-04
   7035.4848845045308        2.34586096       3.32572934E-04
   7037.9420916426916        2.41870713       3.40300612E-04
   7040.3992987808542        2.38415313       3.38130048E-04
   7042.8565059190159        2.39078403       3.35947756E-04
   7045.3137130571777        2.40871143       3.00196116E-04
   7047.7709201953394        2.22724605       2.55339954E-04
   7050.2281273335011        1.52940428       2.15651366E-04
   7052.6853344716637        1.23701620       1.77664930E-04
   7055.1425416098255        1.11112535       1.56314403E-04
   7057.5997487479872       0.895522177       1.28199230E-04
   7060.0569558861489       0.863420725       1.24356608E-04
   7062.5141630243106       0.971962869       1.36944887E-04
   7064.9713701624732        1.01128507       1.41995828E-04
   7067.4285773006350       0.983677566       1.40118602E-04
   7069.8857844387967        1.05428255       1.48986815E-04
   7072.3429915769584        1.07565129       1.51789631E-04
   7074.8001987151201        1.09781837       1.55139642E-04
   7077.2574058532819        1.05038834       1.47490267E-04
   7079.7146129914436        1.11976874       1.41042474E-04
   7082.1718201296062        1.00880456       1.40836186E-04
   7084.6290272677679       0.882371902       1.25563325E-04
   7087.0862344059296       0.848193467       1.20492899E-04
   7089.5434415440914       0.812162042       1.14402639E-04
   7092.0006486822531       0.795974016       1.13894763E-04
   7094.4578558204148       0.852487028       1.19809556E-04
   7096.9150629585765       0.863736212       1.22668396E-04
   7099.3722700967392       0.904049098       1.27357576E-04
   7101.8294772349009       0.915271580       1.30040644E-04
   7104.2866843730626       0.958264410       1.34451839E-04
   7106.7438915112243       0.906745493       1.29022606E-04
   7109.2010986493860       0.987844408       1.41156357E-04
   7111.6583057875478        1.10150647       1.54061679E-04
   7114.1155129257095        1.09157264       1.54628855E-04
   7116.5727200638721        1.07810009       1.51573506E-04
   7119.0299272020338       0.996583879       1.41288940E-04
   7121.4871343401956       0.931685925       1.31226829E-04
   7123.9443414783573       0.823266327       1.17377684E-04
   7126.4015486165190       0.824467123       1.17309173E-04
   7128.8587557546816       0.836637080       1.17456679E-04
   7131.3159628928424       0.810969353       1.15469826E-04
   7133.7731700310051       0.844408095       1.19278353E-04
   7136.2303771691668       0.848660648       1.19557866E-04
   7138.6875843073285       0.827482760       1.17455005E-04
   7141.1447914454911       0.854276001       1.21243873E-04
   7143.6019985836519       0.913446307       1.29300781E-04
   7146.0592057218146       0.895169199       1.37462892E-04
   7148.5164128599763       0.965870082       1.35683615E-04
   7150.9736199981380       0.923889577       1.31936744E-04
   7153.4308271362997       0.968153596       1.36141127E-04
   7155.8880342744615       0.942624867       1.33677779E-04
   7158.3452414126241       0.961601377       1.35728056E-04
   7160.8024485507858       0.928060949       1.31105509E-04
   7163.2596556889475       0.932846248       1.33011898E-04
   7165.7168628271093       0.994299829       1.39922573E-04
   7168.1740699652710       0.993716776       1.40410571E-04
   7170.6312771034327        1.00455475       1.42780802E-04
   7173.0884842415944        1.06651175       1.50486376E-04
   7175.5456913797570        1.08554280       1.53470464E-04
   7178.0028985179188        1.12559569       1.59587158E-04
   7180.4601056560805        1.16050637       1.63219534E-04
   7182.9173127942422        1.14918196       1.63372140E-04
   7185.3745199324039        1.19973874       1.69228384E-04
   7187.8317270705656        1.20321083       1.70121479E-04
   7190.2889342087274        1.19772887       1.68676488E-04
   7192.7461413468900        1.12704623       1.59922856E-04
   7195.2033484850517        1.14632368       1.62959826E-04
   7197.6605556232134        1.16998446       1.64044919E-04
   7200.1177627613752        1.12565625       1.60638097E-04
   7202.5749698995369        1.19849765       1.69213003E-04
   7205.0321770376986        1.21331298       1.71133594E-04
   7207.4893841758603        1.22147012       1.73069202E-04
   7209.9465913140230        1.21556926       1.71134481E-04
   7212.4037984521847        1.19999492       1.71237014E-04
   7214.8610055903464        1.28027344       1.80055533E-04
   7217.3182127285090        1.28531861       1.82797958E-04
   7219.7754198666698        1.40349400       1.98396083E-04
   7222.2326270048325        1.41655505       1.98551905E-04
   7224.6898341429942        1.36826086       1.95406043E-04
   7227.1470412811559        1.41639149       1.98528054E-04
   7229.6042484193176        1.34361959       1.91570187E-04
   7232.0614555574793        1.44134700       2.04483498E-04
   7234.5186626956420        1.52659357       2.15208100E-04
   7236.9758698338028        1.61062086       2.28969919E-04
   7239.4330769719654        1.56774938       2.46127369E-04
   7241.8902841101271        1.76185858       2.48352648E-04
   7244.3474912482889        1.75827527       2.50178273E-04
   7246.8046983864506        1.86964774       2.64253700E-04
   7249.2619055246123        1.98315966       2.81406246E-04
   7251.7191126627749        1.92785358       2.97609076E-04
   7254.1763198009367        2.06304169       2.92687764E-04
   7256.6335269390984        2.15165281       3.05155903E-04
   7259.0907340772601        2.21308422       3.11244861E-04
   7261.5479412154218        2.19180512       3.11115815E-04
   7264.0051483535835        2.23946381       3.15955025E-04
   7266.4623554917453        2.20308018       3.11237265E-04
   7268.9195626299079        2.20330024       3.13357683E-04
   7271.3767697680696        2.29069304       3.22092004E-04
   7273.8339769062313        2.24569702       3.18944716E-04
   7276.2911840443930        2.33450699       3.29928997E-04
   7278.7483911825548        2.36424470       3.34504293E-04
   7281.2055983207165        2.46855283       3.49923968E-04
   7283.6628054588782        2.56034255       3.60653794E-04
   7286.1200125970408        2.58807850       3.67471221E-04
   7288.5772197352026        2.74339700       3.88350280E-04
   7291.0344268733643        2.88624406       4.07110550E-04
   7293.4916340115260        2.93717885       4.15541232E-04
   7295.9488411496877        3.02598667       4.28318541E-04
   7298.4060482878504        3.10216284       4.37975599E-04
   7300.8632554260121        3.18660283       4.52833017E-04
   7303.3204625641738        3.40197110       4.79262555E-04
   7305.7776697023355        3.42379403       4.84229298E-04
   7308.2348768404972        3.53736520       5.02203882E-04
   7310.6920839786590        3.75425196       5.30176156E-04
   7313.1492911168207        3.90181422       5.51211182E-04
   7315.6064982549833        3.95303392       5.58059721E-04
   7318.0637053931450        3.98336744       5.64730319E-04
   7320.5209125313067        4.05762291       5.71591372E-04
   7322.9781196694685        3.98798180       5.65997791E-04
   7325.4353268076302        4.11051655       5.81105764E-04
   7327.8925339457928        4.16185904       5.88648720E-04
   7330.3497410839536        4.30003786       6.09149283E-04
   7332.8069482221163        4.40576839       6.20494829E-04
   7335.2641553602780        4.35306740       6.16778212E-04
   7337.7213624984397        4.38874483       6.20385224E-04
   7340.1785696366014        4.39010143       6.20850828E-04
   7342.6357767747631        4.40588903       6.22928725E-04
   7345.0929839129258        4.35584259       6.14836812E-04
   7347.5501910510866        4.27789783       6.07148919E-04
   7350.0073981892492        4.37168169       6.18048769E-04
   7352.4646053274109        4.44710398       6.29588147E-04
   7354.9218124655727        4.59249401       6.49286842E-04
   7357.3790196037344        4.68116236       6.61679544E-04
   7359.8362267418961        4.78712940       6.77639327E-04
   7362.2934338800587        4.88645649       6.89909910E-04
   7364.7506410182204        4.94241190       7.00179895E-04
   7367.2078481563822        5.03969717       7.10486551E-04
   7369.6650552945439        4.93275452       6.97569281E-04
   7372.1222624327056        4.87377596       6.90132438E-04
   7374.5794695708682        4.85772610       6.86926534E-04
   7377.0366767090300        4.87744617       6.90660148E-04
   7379.4938838471917        4.94604874       6.99077907E-04
   7381.9510909853534        4.98097849       7.03898608E-04
   7384.4082981235151        4.93159676       6.96613861E-04
   7386.8655052616768        4.90514088       6.96494128E-04
   7389.3227123998386        5.04957104       7.11431145E-04
   7391.7799195380012        4.90069962       6.92047237E-04
   7394.2371266761629        4.99119711       6.77289965E-04
   7396.6943338143246        4.81845379       6.81655190E-04
   7399.1515409524864        4.89544821       6.92132628E-04
   7401.6087480906481        4.89627504       6.90808054E-04
   7404.0659552288098        4.80196142       6.80219382E-04
   7406.5231623669715        4.79576540       6.77835604E-04
   7408.9803695051341        4.74191141       6.70826063E-04
   7411.4375766432959        4.76209593       6.74823765E-04
   7413.8947837814576        4.84730053       6.83943857E-04
   7416.3519909196193        4.76330519       6.72755064E-04
   7418.8091980577810        4.69275093       6.66316831E-04
   7421.2664051959437        4.81241417       6.79416000E-04
   7423.7236123341045        4.80462980       6.79415825E-04
   7426.1808194722671        4.84554291       6.85889099E-04
   7428.6380266104288        4.86479807       6.86356449E-04
   7431.0952337485905        4.79005671       6.78327575E-04
   7433.5524408867523        4.78187561       6.76006079E-04
   7436.0096480249140        4.74211645       6.70232112E-04
   7438.4668551630766        4.64801598       6.56714255E-04
   7440.9240623012374        4.55543184       6.46422675E-04
   7443.3812694394001        4.65474749       6.57994533E-04
   7445.8384765775618        4.65580225       6.57098717E-04
   7448.2956837157235        4.62914419       6.56726013E-04
   7450.7528908538861        4.74712658       6.70553651E-04
   7453.2100979920478        4.75949860       6.72096794E-04
   7455.6673051302096        4.72360563       6.69018307E-04
   7458.1245122683713        4.78816509       6.77699689E-04
   7460.5817194065330        4.86747599       6.87523454E-04
   7463.0389265446947        4.87923956       6.90117944E-04
   7465.4961336828565        4.90044403       6.92781585E-04
   7467.9533408210191        4.88931751       6.91561319E-04
   7470.4105479591808        4.93110991       6.98398217E-04
   7472.8677550973425        5.01280928       7.07735482E-04
   7475.3249622355042        5.02092409       7.11035100E-04
   7477.7821693736660        5.11374855       7.22798868E-04
   7480.2393765118277        5.13492537       7.25663209E-04
   7482.6965836499894        5.14917421       7.28493207E-04
   7485.1537907881520        5.12812996       7.23913196E-04
   7487.6109979263138        5.06954193       7.19394418E-04
   7490.0682050644755        5.22990417       7.39717274E-04
   7492.5254122026372        5.31850624       7.50447623E-04
   7494.9826193407989        5.31387472       7.52514112E-04
   7497.4398264789606        5.38125372       7.60746480E-04
   7499.8970336171224        5.42706394       7.67725636E-04
   7502.3542407552850        5.48282576       7.74647808E-04
   7504.8114478934467        5.45161057       7.70843588E-04
   7507.2686550316084        5.48765802       7.78109534E-04
   7509.7258621697702        5.62132263       7.92594219E-04
   7512.1830693079319        5.53123474       7.81995943E-04
   7514.6402764460936        5.48421001       7.76739151E-04
   7517.0974835842553        5.47835588       7.73671316E-04
   7519.5546907224179        5.42192793       7.68163591E-04
   7522.0118978605797        5.51325560       7.80507864E-04
   7524.4691049987414        5.61640406       7.93128915E-04
   7526.9263121369040        5.68098116       8.05157993E-04
   7529.3835192750648        5.85785532       8.27165029E-04
   7531.8407264132275        5.92204571       8.38117499E-04
   7534.2979335513892        6.06124115       8.56893603E-04
   7536.7551406895509        6.11388588       8.63697671E-04
   7539.2123478277126        6.13385487       8.67984025E-04
   7541.6695549658743        6.16812277       8.71981028E-04
   7544.1267621040370        6.19227743       8.75690195E-04
   7546.5839692421978        6.17707872       8.72708042E-04
   7549.0411763803604        6.13075066       8.68468022E-04
   7551.4983835185221        6.23029757       8.81613581E-04
   7553.9555906566839        6.29098463       8.86992493E-04
   7556.4127977948456        6.11141157       8.63974157E-04
   7558.8700049330073        6.29629707       8.48589640E-04
   7561.3272120711699        6.03179789       8.52866098E-04
   7563.7844192093316        6.08232260       8.60828673E-04
   7566.2416263474934        6.15836716       8.69705458E-04
   7568.6988334856551        6.15000296       8.70884745E-04
   7571.1560406238168        6.26089478       8.85624264E-04
   7573.6132477619785        6.35818338       8.98568775E-04
   7576.0704549001402        6.31679058       8.89037969E-04
   7578.5276620383029        6.53240633       8.28978373E-04
   7580.9848691764637        5.41927338       7.67341175E-04
   7583.4420763146263        5.77188921       6.94490504E-04
   7585.8992834527880        5.11011982       6.11039926E-04
   7588.3564905909498        3.81444573       5.40601613E-04
   7590.8136977291124        3.36875081       4.77778376E-04
   7593.2709048672732        3.11685586       4.45173820E-04
   7595.7281120054358        3.17203641       4.46980965E-04
   7598.1853191435976        3.08737040       4.38057119E-04
   7600.6425262817593        3.24155974       4.61481715E-04
   7603.0997334199219        3.58861041       5.07526624E-04
   7605.5569405580827        3.90954041       5.52371726E-04
   7608.0141476962453        4.13050556       5.83190529E-04
   7610.4713548344071        4.23602819       5.96978702E-04
   7612.9285619725688        4.09911108       5.78010862E-04
   7615.3857691107305        4.25750160       5.50231431E-04
   7617.8429762488922        3.69470787       5.20529575E-04
   7620.3001833870549        3.34330988       4.73804277E-04
   7622.7573905252157        3.08007836       4.36279573E-04
   7625.2145976633783        2.83561897       4.01525089E-04
   7627.6718048015400        2.68342566       3.81299993E-04
   7630.1290119397017        2.64990258       3.74301861E-04
   7632.5862190778635        2.57595015       3.64254607E-04
   7635.0434262160252        2.51023865       3.55319818E-04
   7637.5006333541878        2.45541358       3.46794055E-04
   7639.9578404923486        2.36782122       3.35294928E-04
   7642.4150476305113        2.33337879       3.30265349E-04
   7644.8722547686730        2.27403164       3.20105493E-04
   7647.3294619068347        2.08862782       2.95528414E-04
   7649.7866690449964        1.92041421       2.71930185E-04
   7652.2438761831581        1.74122858       2.45719217E-04
   7654.7010833213208        1.52058971       2.16120548E-04
   7657.1582904594816        1.40130222       1.99181130E-04
   7659.6154975976442        1.32327306       1.86518198E-04
   7662.0727047358059        1.24738753       1.78506656E-04
   7664.5299118739676        1.34165573       1.89380051E-04
   7666.9871190121294        1.37970769       1.95669258E-04
   7669.4443261502911        1.54357910       2.20048911E-04
   7671.9015332884537        1.72983885       2.42226160E-04
   7674.3587404266145        1.75764513       2.49951147E-04
   7676.8159475647772        1.87980354       2.64735805E-04
   7679.2731547029389        1.87844503       2.65631039E-04
   7681.7303618411006        1.91364324       2.70659773E-04
   7684.1875689792632        1.86734354       2.62118469E-04
   7686.6447761174240        1.86982334       2.40394394E-04
   7689.1019832555867        1.74752772       2.19605921E-04
   7691.5591903937484        1.46584821       2.09126039E-04
   7694.0163975319101        1.48163414       2.08271376E-04
   7696.4736046700727        1.45220232       2.07711884E-04
   7698.9308118082336        1.59301305       2.24198797E-04
   7701.3880189463962        1.67541051       2.39609057E-04
   7703.8452260845579        1.96272945       2.76002771E-04
   7706.3024332227196        2.04925966       2.90715485E-04
   7708.7596403608813        2.26224709       3.19281738E-04
   7711.2168474990431        2.30984831       3.26149195E-04
   7713.6740546372057        2.41975880       3.43346735E-04
   7716.1312617753665        2.52803111       3.56500153E-04
   7718.5884689135291        2.60843825       3.69496353E-04
   7721.0456760516909        2.70955396       3.83521721E-04
   7723.5028831898526        2.87300301       4.06505191E-04
   7725.9600903280143        2.96770239       4.18363838E-04
   7728.4172974661760        3.05432105       4.34574264E-04
   7730.8745046043387        3.26852274       4.59541421E-04
   7733.3317117424995        3.25125623       4.60007432E-04
   7735.7889188806621        3.21995068       4.53352259E-04
   7738.2461260188238        3.04830933       4.33063542E-04
   7740.7033331569855        3.18344808       4.26202867E-04
   7743.1605402951473        2.88570213       4.10136941E-04
   7745.6177474333090        2.89308333       4.06542531E-04
   7748.0749545714716        2.83646631       3.81466380E-04
   7750.5321617096324        2.75829530       3.90197878E-04
   7752.9893688477950        2.76710463       3.92289367E-04
   7755.4465759859568        2.95842385       4.18551877E-04
   7757.9037831241185        2.99742699       4.22039360E-04
   7760.3609902622811        3.03367424       4.31361172E-04
   7762.8181974004419        3.15274763       4.44268924E-04
   7765.2754045386046        3.22583580       4.58201306E-04
   7767.7326116767663        3.40834498       4.80271905E-04
   7770.1898188149280        3.38901949       4.77831607E-04
   7772.6470259530906        3.29684138       4.67268837E-04
   7775.1042330912514        3.27552080       4.63292614E-04
   7777.5614402294141        3.29452109       4.66617610E-04
   7780.0186473675749        3.28750086       4.62632539E-04
   7782.4758545057375        3.20363927       4.57072689E-04
   7784.9330616438992        3.41259503       4.80342103E-04
   7787.3902687820610        3.36485815       4.75514884E-04
   7789.8474759202236        3.32013798       4.68686165E-04
   7792.3046830583844        3.20818162       4.56020440E-04
   7794.7618901965470        3.35638881       4.75297769E-04
   7797.2190973347087        3.49540091       4.94807784E-04
   7799.6763044728705        3.70763302       5.23714465E-04
   7802.1335116110322        3.81503439       5.40341192E-04
   7804.5907187491939        4.08007860       5.78091189E-04
   7807.0479258873565        4.29219770       6.04725385E-04
   7809.5051330255174        4.36476326       6.17253478E-04
   7811.9623401636800        4.35307360       6.14214048E-04
   7814.4195473018417        4.33867216       6.15874887E-04
   7816.8767544400034        4.34033012       6.08502363E-04
   7819.3339615781651        4.33174658       5.72475081E-04
   7821.7911687163269        4.09142828       5.77315455E-04
   7824.2483758544895        3.97171283       5.62043861E-04
   7826.7055829926503        3.99293804       5.65199938E-04
   7829.1627901308129        3.92598867       5.54130645E-04
   7831.6199972689747        3.92338681       5.57721301E-04
   7834.0772044071364        4.06568241       5.73685451E-04
   7836.5344115452981        4.14187336       5.86490787E-04
   7838.9916186834598        4.26559830       6.02917571E-04
   7841.4488258216224        4.32081556       6.09977462E-04
   7843.9060329597842        4.34751225       6.16618025E-04
   7846.3632400979459        4.46235847       6.29001879E-04
   7848.8204472361076        4.44524431       6.30735594E-04
   7851.2776543742693        4.58424902       6.46199158E-04
   7853.7348615124320        4.48101807       6.33563090E-04
   7856.1920686505928        4.45781612       6.31429255E-04
   7858.6492757887554        4.42260027       6.23743457E-04
   7861.1064829269171        4.27740431       6.05575449E-04
   7863.5636900650788        4.27976370       6.08996954E-04
   7866.0208972032406        4.51860094       6.35664735E-04
   7868.4781043414023        4.41211367       6.23938104E-04
   7870.9353114795649        4.42738485       6.28424983E-04
   7873.3925186177257        4.58046103       6.47778332E-04
   7875.8497257558884        4.73715878       6.69398636E-04
   7878.3069328940501        4.87350702       6.91449095E-04
   7880.7641400322118        5.21833324       7.37433380E-04
   7883.2213471703744        5.36187840       7.55239045E-04
   7885.6785543085352        5.31734133       7.52481283E-04
   7888.1357614466979        5.26165199       7.43034296E-04
   7890.5929685848587        5.15293169       7.29664403E-04
   7893.0501757230213        5.10703897       7.21645774E-04
   7895.5073828611830        4.97882509       7.03236554E-04
   7897.9645899993448        4.78675795       6.77051314E-04
   7900.4217971375074        4.59782648       6.50841685E-04
   7902.8790042756682        4.52650118       6.42612635E-04
   7905.3362114138308        4.62633228       6.52775867E-04
   7907.7934185519925        4.51717472       6.36391866E-04
   7910.2506256901543        4.25963402       6.04804140E-04
   7912.7078328283160        4.32749987       6.16256788E-04
   7915.1650399664777        4.61994123       6.49652851E-04
   7917.6222471046403        4.60482407       6.52718067E-04
   7920.0794542428021        4.79853201       6.79480378E-04
   7922.5366613809638        4.93950796       6.97028241E-04
   7924.9938685191255        5.06628799       7.18253548E-04
   7927.4510756572872        5.18280697       7.28647574E-04
   7929.9082827954498        5.01280737       7.11788249E-04
   7932.3654899336107        5.14282846       7.27533828E-04
   7934.8226970717733        5.06618118       7.10658205E-04
   7937.2799042099350        4.62917662       6.58680103E-04
   7939.7371113480967        4.57254887       6.48863148E-04
   7942.1943184862585        4.65431976       6.57857105E-04
   7944.6515256244202        4.70508099       6.64994877E-04
   7947.1087327625828        4.74903345       6.73250819E-04
   7949.5659399007436        4.96896267       7.03495869E-04
   7952.0231470389062        5.17447805       7.30277738E-04
   7954.4803541770680        5.27315807       7.46083737E-04
   7956.9375613152297        5.41144943       7.65876670E-04
   7959.3947684533914        5.58627081       7.89627025E-04
   7961.8519755915531        5.70415640       8.06241354E-04
   7964.3091827297158        5.78727055       8.17924505E-04
   7966.7663898678766        5.76373053       8.13137798E-04
   7969.2235970060392        5.61612940       7.95880158E-04
   7971.6808041442009        5.65010071       7.99840665E-04
   7974.1380112823626        5.63893890       7.94144580E-04
   7976.5952184205253        5.35767365       7.58073875E-04
   7979.0524255586861        5.17867231       7.34885049E-04
   7981.5096326968487        5.20134401       7.36191694E-04
   7983.9668398350095        5.29339552       7.49040046E-04
   7986.4240469731722        5.35715246       7.55652145E-04
   7988.8812541113339        5.31792259       7.54631241E-04
   7991.3384612494956        5.53439569       7.83344673E-04
   7993.7956683876582        5.72497177       8.08612444E-04
   7996.2528755258199        5.88417101       8.33195809E-04
   7998.7100826639817        6.09516048       8.61439621E-04
   8001.1672898021434        6.24681616       8.82904569E-04
   8003.6244969403051        6.35728502       8.99748527E-04
   8006.0817040784677        6.57290840       9.30617272E-04
   8008.5389112166285        6.78501511       9.57401062E-04
   8010.9961183547912        6.88609314       9.76238400E-04
   8013.4533254929529        7.16908503       1.01260701E-03
   8015.9105326311146        7.27279758       1.02752761E-03
   8018.3677397692763        7.35979652       1.04189396E-03
   8020.8249469074381        7.51892662       1.06410007E-03
   8023.2821540456007        7.77203941       1.09906145E-03
   8025.7393611837615        7.91029119       1.11713866E-03
   8028.1965683219241        8.13123226       1.15640275E-03
   8030.6537754600859        8.76004028       1.23436202E-03
   8033.1109825982476        8.82260990      -1.24770531E-03
