   5529.2169088113069        5.74039184E-02  -8.11813788E-06
   5531.6741159494686        5.65940365E-02   8.16733791E-06
   5534.1313230876303        6.20408952E-02   8.68698680E-06
   5536.5885302257930        6.94148615E-02   9.75013882E-06
   5539.0457373639547        6.04580343E-02   8.60536056E-06
   5541.5029445021164        6.07573837E-02   8.59923421E-06
   5543.9601516402781        5.57295009E-02   8.20403238E-06
   5546.4173587784398        7.69341066E-02   1.06129091E-05
   5548.8745659166016        7.93312714E-02   1.12671914E-05
   5551.3317730547642        8.02688748E-02   1.13265896E-05
   5553.7889801929259        7.87559152E-02   1.10533128E-05
   5556.2461873310876        7.32566565E-02   1.05504096E-05
   5558.7033944692494        7.43921027E-02   1.11665477E-05
   5561.1606016074111       0.119784966       1.62203396E-05
   5563.6178087455728       0.116870292       1.66295595E-05
   5566.0750158837354        9.37025249E-02   1.36808430E-05
   5568.5322230218972       0.109412074       1.51905042E-05
   5570.9894301600589       0.114508599       1.62309334E-05
   5573.4466372982206       0.108109154       1.53810342E-05
   5575.9038444363823       0.116195083       1.69093946E-05
   5578.3610515745440       0.151375681       2.07820394E-05
   5580.8182587127058       0.158300266       2.23809257E-05
   5583.2754658508684       0.118184514       1.75023615E-05
   5585.7326729890301       0.150460154       2.08962592E-05
   5588.1898801271918       0.160367295       2.28800654E-05
   5590.6470872653535       0.179400399       2.47903008E-05
   5593.1042944035153       0.151593745       2.20316033E-05
   5595.5615015416770       0.153751060       2.16193203E-05
   5598.0187086798396       0.165886864       2.32855709E-05
   5600.4759158180013       0.154500782       2.21035934E-05
   5602.9331229561631       0.159711406       2.23769730E-05
   5605.3903300943248       0.158250660       2.24768701E-05
   5607.8475372324865       0.152441204       2.15511027E-05
   5610.3047443706482       0.155535117       2.19746635E-05
   5612.7619515088109       0.149220869       2.14308711E-05
   5615.2191586469726       0.171512246       2.37769600E-05
   5617.6763657851343       0.162076458       2.29774923E-05
   5620.1335729232960       0.140003562       1.98682883E-05
   5622.5907800614577       0.125428796       1.80802690E-05
   5625.0479871996195       0.136687949       1.92795087E-05
   5627.5051943377821       0.154150113       2.13408621E-05
   5629.9624014759438       0.126831427       1.85195859E-05
   5632.4196086141055       0.130001023       1.84809433E-05
   5634.8768157522672       0.158630475       2.21432801E-05
   5637.3340228904290       0.156252816       2.21925875E-05
   5639.7912300285907       0.158365592       2.21643004E-05
   5642.2484371667524       0.142280757       2.03449017E-05
   5644.7056443049150       0.136556119       1.95049233E-05
   5647.1628514430768       0.152077153       2.15102882E-05
   5649.6200585812385       0.170726568       2.38445045E-05
   5652.0772657194002       0.164122477       2.35428161E-05
   5654.5344728575619       0.173358247       2.46630061E-05
   5656.9916799957236       0.203974992       2.84330963E-05
   5659.4488871338863       0.200097501       2.82995206E-05
   5661.9060942720480       0.185041443       2.61933965E-05
   5664.3633014102097       0.171953470       2.44139628E-05
   5666.8205085483714       0.166681141       2.38984940E-05
   5669.2777156865332       0.186795771       2.59015651E-05
   5671.7349228246949       0.180221543       2.58150030E-05
   5674.1921299628575       0.172200203       2.43445738E-05
   5676.6493371010192       0.187041700       2.64287664E-05
   5679.1065442391809       0.181101516       2.55264167E-05
   5681.5637513773427       0.185395107       2.63331749E-05
   5684.0209585155044       0.174602777       2.50315625E-05
   5686.4781656536661       0.208662495       2.89361360E-05
   5688.9353727918278       0.181187674       2.66896168E-05
   5691.3925799299905       0.228556126       3.11586991E-05
   5693.8497870681522       0.208014816       3.00656793E-05
   5696.3069942063139       0.197324589       2.78517600E-05
   5698.7642013444756       0.211510107       3.01122291E-05
   5701.2214084826373       0.226171225       3.17028171E-05
   5703.6786156207991       0.235651255       3.34975339E-05
   5706.1358227589617       0.234889239       3.28815913E-05
   5708.5930298971234       0.231861472       3.29818940E-05
   5711.0502370352851       0.206616908       2.96782982E-05
   5713.5074441734469       0.241910756       3.34360593E-05
   5715.9646513116086       0.199444160       2.87391376E-05
   5718.4218584497703       0.191906914       2.70027231E-05
   5720.8790655879329       0.174797595       2.53828366E-05
   5723.3362727260946       0.211365759       2.93152061E-05
   5725.7934798642564       0.210479155       3.00089050E-05
   5728.2506870024181       0.217112258       3.02138651E-05
   5730.7078941405798       0.188207850       2.72265897E-05
   5733.1651012787415       0.191299632       2.68244512E-05
   5735.6223084169033       0.199076518       2.80692257E-05
   5738.0795155550659       0.183636591       2.64722257E-05
   5740.5367226932276       0.208972946       2.94962792E-05
   5742.9939298313893       0.238363728       3.32253076E-05
   5745.4511369695510       0.226176694       3.25966284E-05
   5747.9083441077128       0.242608994       3.42097846E-05
   5750.3655512458745       0.276346445       3.87095388E-05
   5752.8227583840371       0.258546948       3.68306028E-05
   5755.2799655221988       0.264883310       3.69672962E-05
   5757.7371726603606       0.228503391       3.24958892E-05
   5760.1943797985223       0.193319082       2.76003848E-05
   5762.6515869366840       0.174178645       2.49434852E-05
   5765.1087940748457       0.192625284       2.73708229E-05
   5767.5660012130083       0.217124134       3.05563226E-05
   5770.0232083511701       0.240812004       3.36925295E-05
   5772.4804154893318       0.214900553       3.05292633E-05
   5774.9376226274935       0.202447489       2.90891912E-05
   5777.3948297656552       0.215700492       3.03002926E-05
   5779.8520369038170       0.240541920       3.40488077E-05
   5782.3092440419787       0.233871177       3.30203547E-05
   5784.7664511801413       0.250647187       3.52747411E-05
   5787.2236583183030       0.214615270       3.14472090E-05
   5789.6808654564647       0.275484651       3.78782679E-05
   5792.1380725946265       0.255751938       3.72298964E-05
   5794.5952797327882       0.296462595       4.07233820E-05
   5797.0524868709508       0.271753281       3.92367911E-05
   5799.5096940091125       0.265195757       3.75737654E-05
   5801.9669011472743       0.297904968       4.15470713E-05
   5804.4241082854360       0.271314770       3.84933810E-05
   5806.8813154235977       0.240682945       3.44268265E-05
   5809.3385225617594       0.240331516       3.37283527E-05
   5811.7957296999211       0.237264499       3.37123965E-05
   5814.2529368380838       0.225634277       3.21421903E-05
   5816.7101439762455       0.248403206       3.44025211E-05
   5819.1673511144072       0.203501374       2.98543055E-05
   5821.6245582525689       0.223465785       3.09928837E-05
   5824.0817653907307       0.232815087       3.31366427E-05
   5826.5389725288924       0.223707363       3.15549878E-05
   5828.9961796670550       0.231475934       3.28178503E-05
   5831.4533868052167       0.224605978       3.17362828E-05
   5833.9105939433784       0.235540643       3.32452473E-05
   5836.3678010815402       0.218374938       3.11989497E-05
   5838.8250082197019       0.241638049       3.35632467E-05
   5841.2822153578636       0.202667564       2.93760149E-05
   5843.7394224960262       0.213984206       2.95126974E-05
   5846.1966296341880       0.178653732       2.58685886E-05
   5848.6538367723497       0.165520146       2.33013379E-05
   5851.1110439105114       0.165584192       2.35876960E-05
   5853.5682510486731       0.169776425       2.40003556E-05
   5856.0254581868348       0.182041824       2.57615357E-05
   5858.4826653249966       0.189834461       2.65770304E-05
   5860.9398724631592       0.182607755       2.59598637E-05
   5863.3970796013209       0.169131473       2.39670280E-05
   5865.8542867394826       0.173243687       2.44377388E-05
   5868.3114938776444       0.161973029       2.27683558E-05
   5870.7687010158061       0.149203420       2.14652791E-05
   5873.2259081539678       0.145437449       2.06720470E-05
   5875.6831152921304       0.172580853       2.39498950E-05
   5878.1403224302921       0.139231145       2.02002102E-05
   5880.5975295684539       0.148049146       2.04199096E-05
   5883.0547367066156       0.115305282       1.68960196E-05
   5885.5119438447773       0.118641004       1.65433357E-05
   5887.9691509829390       0.117858231       1.67354174E-05
   5890.4263581211017       0.116533510       1.62793804E-05
   5892.8835652592634        9.80740115E-02   1.40984002E-05
   5895.3407723974251        9.19870585E-02   1.32726918E-05
   5897.7979795355868       0.110004731       1.56036967E-05
   5900.2551866737485       0.135620922       1.90096507E-05
   5902.7123938119103       0.142233223       2.02661940E-05
   5905.1696009500720       0.157927081       2.20031779E-05
   5907.6268080882346       0.150978222       2.13998974E-05
   5910.0840152263963       0.135647759       1.93991891E-05
   5912.5412223645581       0.140212491       1.99867372E-05
   5914.9984295027198       0.160574183       2.24522410E-05
   5917.4556366408815       0.164624423       2.32636849E-05
   5919.9128437790432       0.156639755       2.22776271E-05
   5922.3700509172058       0.161642000       2.28330264E-05
   5924.8272580553676       0.165524244       2.35245971E-05
   5927.2844651935293       0.178235114       2.48823744E-05
   5929.7416723316910       0.168661341       2.41368707E-05
   5932.1988794698527       0.168858394       2.39806377E-05
   5934.6560866080144       0.188893452       2.65779036E-05
   5937.1132937461771       0.194156140       2.72878733E-05
   5939.5705008843388       0.187125221       2.63538586E-05
   5942.0277080225005       0.158367082       2.31018112E-05
   5944.4849151606622       0.182512984       2.54457191E-05
   5946.9421222988240       0.197807342       2.76475985E-05
   5949.3993294369857       0.165734708       2.40400968E-05
   5951.8565365751474       0.173700973       2.43847826E-05
   5954.3137437133100       0.187394232       2.63874281E-05
   5956.7709508514718       0.177434579       2.52904501E-05
   5959.2281579896335       0.186381564       2.61753394E-05
   5961.6853651277952       0.182414517       2.59403932E-05
   5964.1425722659569       0.186161697       2.62842623E-05
   5966.5997794041186       0.189959079       2.67304731E-05
   5969.0569865422813       0.182875022       2.61383993E-05
   5971.5141936804430       0.190118998       2.68197036E-05
   5973.9714008186047       0.205073357       2.86172435E-05
   5976.4286079567664       0.177633703       2.54457791E-05
   5978.8858150949281       0.167921990       2.37026579E-05
   5981.3430222330899       0.163166404       2.32477505E-05
   5983.8002293712525       0.169465989       2.41189919E-05
   5986.2574365094142       0.191056058       2.69918255E-05
   5988.7146436475759       0.212141037       2.94303318E-05
   5991.1718507857377       0.185635403       2.67657251E-05
   5993.6290579238994       0.176557168       2.53625731E-05
   5996.0862650620611       0.215744212       2.99729581E-05
   5998.5434722002228       0.213277057       3.00192532E-05
   6001.0006793383855       0.184867069       2.66484512E-05
   6003.4578864765472       0.187491640       2.65980088E-05
   6005.9150936147089       0.215557873       3.00169413E-05
   6008.3723007528706       0.195584118       2.80411932E-05
   6010.8295078910323       0.198940441       2.79413016E-05
   6013.2867150291941       0.195861697       2.78534990E-05
   6015.7439221673567       0.199615389       2.82099063E-05
   6018.2011293055184       0.205765978       2.89112868E-05
   6020.6583364436801       0.197789818       2.83974096E-05
   6023.1155435818418       0.212533280       2.97820679E-05
   6025.5727507200036       0.226330951       3.20407562E-05
   6028.0299578581653       0.218860298       3.09379648E-05
   6030.4871649963279       0.227173716       3.18331186E-05
   6032.9443721344896       0.191324696       2.77903691E-05
   6035.4015792726514       0.214521781       2.98833966E-05
   6037.8587864108131       0.215739086       3.09596981E-05
   6040.3159935489748       0.238586172       3.32524469E-05
   6042.7732006871365       0.238369972       3.38564569E-05
   6045.2304078252982       0.228914127       3.28137030E-05
   6047.6876149634609       0.261222273       3.65288979E-05
   6050.1448221016226       0.270660311       3.81104910E-05
   6052.6020292397843       0.249719694       3.58087709E-05
   6055.0592363779460       0.265290797       3.72542418E-05
   6057.5164435161078       0.275910228       3.87548025E-05
   6059.9736506542704       0.250131428       3.60109152E-05
   6062.4308577924321       0.268819749       3.76304670E-05
   6064.8880649305938       0.278739274       3.96208052E-05
   6067.3452720687555       0.282193422       3.98414450E-05
   6069.8024792069173       0.298213273       4.19974567E-05
   6072.2596863450790       0.284096539       4.03196100E-05
   6074.7168934832407       0.288274080       4.07199877E-05
   6077.1741006214033       0.281376511       3.99647288E-05
   6079.6313077595651       0.296760976       4.16375588E-05
   6082.0885148977268       0.279401153       3.99458841E-05
   6084.5457220358885       0.294127017       4.11760702E-05
   6087.0029291740502       0.283738256       4.00337376E-05
   6089.4601363122119       0.254682153       3.63649415E-05
   6091.9173434503737       0.244166404       3.48967151E-05
   6094.3745505885363       0.276753336       3.85829953E-05
   6096.8317577266980       0.267309278       3.78785080E-05
   6099.2889648648597       0.249717861       3.57197969E-05
   6101.7461720030215       0.263487101       3.70367597E-05
   6104.2033791411832       0.276527822       3.87982436E-05
   6106.6605862793458       0.245210499       3.50277660E-05
   6109.1177934175075       0.240980342       3.39981780E-05
   6111.5750005556692       0.234847754       3.34422512E-05
   6114.0322076938310       0.247266784       3.50562659E-05
   6116.4894148319927       0.267888069       3.75466116E-05
   6118.9466219701544       0.269256890       3.78216137E-05
   6121.4038291083161       0.227835491       3.29490867E-05
   6123.8610362464788       0.241297916       3.37997335E-05
   6126.3182433846405       0.249330252       3.52498755E-05
   6128.7754505228022       0.241689563       3.41880041E-05
   6131.2326576609639       0.239009559       3.36529265E-05
   6133.6898647991256       0.222037643       3.17118029E-05
   6136.1470719372874       0.224477470       3.20205399E-05
   6138.6042790754491       0.256300241       3.57602585E-05
   6141.0614862136117       0.255740434       3.59163751E-05
   6143.5186933517734       0.213540733       3.08442177E-05
   6145.9759004899352       0.215081155       3.00324555E-05
   6148.4331076280969       0.210282519       2.99591065E-05
   6150.8903147662586       0.198432609       2.83929749E-05
   6153.3475219044212       0.227690101       3.14844146E-05
   6155.8047290425829       0.197677821       2.87151579E-05
   6158.2619361807447       0.207184851       2.86244540E-05
   6160.7191433189064       0.194144100       2.79454052E-05
   6163.1763504570681       0.181690514       2.58208147E-05
   6165.6335575952298       0.207866713       2.89331547E-05
   6168.0907647333916       0.177395344       2.59037533E-05
   6170.5479718715542       0.206515536       2.81458979E-05
   6173.0051790097159       0.171050400       2.53010367E-05
   6175.4623861478776       0.181492478       2.52283226E-05
   6177.9195932860393       0.204082698       2.86977447E-05
   6180.3768004242011       0.166169450       2.42134502E-05
   6182.8340075623637       0.196249649       2.71437457E-05
   6185.2912147005254       0.183332026       2.66348961E-05
   6187.7484218386871       0.211890429       2.90311527E-05
   6190.2056289768489       0.188031256       2.73026453E-05
   6192.6628361150106       0.181810960       2.55580089E-05
   6195.1200432531723       0.197545037       2.78347306E-05
   6197.5772503913340       0.180213168       2.57819866E-05
   6200.0344575294966       0.196619019       2.72546822E-05
   6202.4916646676584       0.163864881       2.40132777E-05
   6204.9488718058201       0.183511212       2.53801627E-05
   6207.4060789439818       0.185719028       2.64558475E-05
   6209.8632860821435       0.174863040       2.49227414E-05
   6212.3204932203053       0.193727970       2.73736332E-05
   6214.7777003584670       0.206270888       2.88220144E-05
   6217.2349074966296       0.198642671       2.80284912E-05
   6219.6921146347913       0.159244999       2.34138224E-05
   6222.1493217729530       0.191913828       2.64045138E-05
   6224.6065289111148       0.189748511       2.70171349E-05
   6227.0637360492765       0.170853391       2.44942967E-05
   6229.5209431874382       0.190222710       2.66216630E-05
   6231.9781503256008       0.191579252       2.73265177E-05
   6234.4353574637626       0.202388808       2.82720266E-05
   6236.8925646019243       0.196744159       2.76706414E-05
   6239.3497717400860       0.156634599       2.32033035E-05
   6241.8069788782477       0.192216754       2.65214239E-05
   6244.2641860164094       0.209097967       2.95155587E-05
   6246.7213931545721       0.178434476       2.57894771E-05
   6249.1786002927338       0.203974426       2.82394922E-05
   6251.6358074308955       0.185442463       2.66384613E-05
   6254.0930145690572       0.185323462       2.63052334E-05
   6256.5502217072190       0.202985615       2.86604936E-05
   6259.0074288453807       0.219347864       3.07643822E-05
   6261.4646359835424       0.209762618       2.97514634E-05
   6263.9218431217050       0.203311414       2.90803710E-05
   6266.3790502598667       0.220717460       3.10235700E-05
   6268.8362573980285       0.237295747       3.35246368E-05
   6271.2934645361902       0.234013900       3.32085365E-05
   6273.7506716743519       0.249573424       3.48926515E-05
   6276.2078788125136       0.224619791       3.25807814E-05
   6278.6650859506763       0.255404323       3.56280689E-05
   6281.1222930888380       0.270362049       3.82895705E-05
   6283.5795002269997       0.267006457       3.80295423E-05
   6286.0367073651614       0.292092711       4.07173466E-05
   6288.4939145033231       0.275365949       3.94842136E-05
   6290.9511216414849       0.279123336       3.91582398E-05
   6293.4083287796475       0.285339594       4.03965059E-05
   6295.8655359178092       0.267809033       3.85204366E-05
   6298.3227430559709       0.311898589       4.32598317E-05
   6300.7799501941327       0.297214866       4.27102168E-05
   6303.2371573322944       0.310151309       4.35548936E-05
   6305.6943644704561       0.325970352       4.59068178E-05
   6308.1515716086178       0.305264711       4.34724643E-05
   6310.6087787467804       0.310860395       4.40376680E-05
   6313.0659858849422       0.325970113       4.60571209E-05
   6315.5231930231039       0.342391223       4.83714939E-05
   6317.9804001612656       0.347913980       4.90677339E-05
   6320.4376072994273       0.348291636       4.93458247E-05
   6322.8948144375890       0.343369752       4.88680053E-05
   6325.3520215757508       0.372790545       5.24102325E-05
   6327.8092287139134       0.377567738       5.33644125E-05
   6330.2664358520751       0.376773775       5.33121201E-05
   6332.7236429902368       0.371528864       5.30326470E-05
   6335.1808501283986       0.409178048       5.74488877E-05
   6337.6380572665603       0.422942638       5.96942045E-05
   6340.0952644047229       0.414741904       5.87138093E-05
   6342.5524715428846       0.408350646       5.83063193E-05
   6345.0096786810464       0.445639014       6.23585947E-05
   6347.4668858192081       0.449575484       6.37665289E-05
   6349.9240929573698       0.437212735       6.15114914E-05
   6352.3813000955315       0.421680570       6.00198618E-05
   6354.8385072336932       0.406371713       5.75963313E-05
   6357.2957143718559       0.432636738       6.06325375E-05
   6359.7529215100176       0.391851634       5.64384864E-05
   6362.2101286481793       0.429987669       5.97778526E-05
   6364.6673357863410       0.408531785       5.87600443E-05
   6367.1245429245027       0.430173665       6.03283479E-05
   6369.5817500626654       0.451201886       6.35352771E-05
   6372.0389572008271       0.417147279       5.93122495E-05
   6374.4961643389888       0.412786365       5.81066633E-05
   6376.9533714771505       0.388972402       5.54844592E-05
   6379.4105786153123       0.396297246       5.54240687E-05
   6381.8677857534740       0.371048182       5.33291059E-05
   6384.3249928916357       0.384083211       5.40750516E-05
   6386.7822000297983       0.417027205       5.87971699E-05
   6389.2394071679601       0.403886944       5.76583698E-05
   6391.6966143061218       0.445033252       6.21917061E-05
   6394.1538214442835       0.427920192       6.12382864E-05
   6396.6110285824452       0.451611042       6.35682154E-05
   6399.0682357206069       0.471604288       6.66440683E-05
   6401.5254428587687       0.475908428       6.70629306E-05
   6403.9826499969313       0.461428046       6.53318129E-05
   6406.4398571350930       0.445133179       6.32114097E-05
   6408.8970642732547       0.451591283       6.39334903E-05
   6411.3542714114164       0.471299320       6.62458697E-05
   6413.8114785495782       0.459015727       6.51818991E-05
   6416.2686856877408       0.453905314       6.37820631E-05
   6418.7258928259025       0.431814760       6.13620796E-05
   6421.1830999640642       0.407008022       5.81237182E-05
   6423.6403071022260       0.445277929       6.22422376E-05
   6426.0975142403877       0.431985885       6.14973396E-05
   6428.5547213785494       0.430267394       6.11998476E-05
   6431.0119285167111       0.468056649       6.54942778E-05
   6433.4691356548738       0.462022930       6.55504045E-05
   6435.9263427930355       0.440466344       6.28333437E-05
   6438.3835499311972       0.479145557       6.69485016E-05
   6440.8407570693589       0.459179759       6.51901864E-05
   6443.2979642075206       0.435651362       6.21034123E-05
   6445.7551713456824       0.458556205       6.47591150E-05
   6448.2123784838450       0.488861620       6.84347833E-05
   6450.6695856220067       0.453654796       6.46826229E-05
   6453.1267927601684       0.440005660       6.23337619E-05
   6455.5839998983301       0.454405636       6.44091779E-05
   6458.0412070364919       0.475879431       6.72509414E-05
   6460.4984141746536       0.501195133       7.03765909E-05
   6462.9556213128162       0.480289191       6.86948406E-05
   6465.4128284509779       0.504481137       7.07649961E-05
   6467.8700355891397       0.514414012       7.30396860E-05
   6470.3272427273014       0.512094557       7.26081926E-05
   6472.7844498654631       0.550377071       7.67854799E-05
   6475.2416570036248       0.490938306       7.01614481E-05
   6477.6988641417865       0.463302433       6.58343779E-05
   6480.1560712799492       0.480381429       6.81149322E-05
   6482.6132784181109       0.518152058       7.27984807E-05
   6485.0704855562726       0.518707752       7.37912414E-05
   6487.5276926944343       0.539267540       7.61167830E-05
   6489.9848998325961       0.563981533       7.93612926E-05
   6492.4421069707587       0.547703266       7.81920971E-05
   6494.8993141089204       0.576631546       8.12758590E-05
   6497.3565212470821       0.611378789       8.62874876E-05
   6499.8137283852438       0.609702885       8.63532550E-05
   6502.2709355234056       0.625973880       8.89355579E-05
   6504.7281426615673       0.664173186       9.33908668E-05
   6507.1853497997290       0.686785281       9.69284592E-05
   6509.6425569378916       0.652954221       9.32168259E-05
   6512.0997640760534       0.702996671       9.90374174E-05
   6514.5569712142151       0.728950500       1.03356513E-04
   6517.0141783523768       0.773999453       1.09393943E-04
   6519.4713854905385       0.807532191       1.14484894E-04
   6521.9285926287002       0.870150566       1.22411264E-04
   6524.3857997668620       0.875837028       1.24466591E-04
   6526.8430069050246       0.917721212       1.29443244E-04
   6529.3002140431863       0.946049154       1.34365022E-04
   6531.7574211813480        1.00527585       1.41749159E-04
   6534.2146283195098        1.04998744       1.48477135E-04
   6536.6718354576715        1.07181692       1.50998196E-04
   6539.1290425958341        1.05929399       1.49681087E-04
   6541.5862497339958        1.00623000       1.42591030E-04
   6544.0434568721575       0.985573947       1.39438198E-04
   6546.5006640103193       0.965456367       1.36380870E-04
   6548.9578711484810       0.946593165       1.33401394E-04
   6551.4150782866427       0.869010866       1.24510174E-04
   6553.8722854248044       0.910062492       1.29607419E-04
   6556.3294925629671        1.05286872       1.49521002E-04
   6558.7866997011288        1.23426497       1.72215470E-04
   6561.2439068392905        1.24480867       1.74770525E-04
   6563.7011139774522        1.05740964       1.50175649E-04
   6566.1583211156139       0.872165561       1.24182829E-04
   6568.6155282537766       0.736965358       1.06031344E-04
   6571.0727353919374       0.762544513       1.06843188E-04
   6573.5299425301000       0.765095651       1.08363143E-04
   6575.9871496682617       0.727913201       1.03216953E-04
   6578.4443568064235       0.739723861       1.04212173E-04
   6580.9015639445852       0.708172441       1.01402060E-04
   6583.3587710827469       0.769897163       1.07566564E-04
   6585.8159782209095       0.765466511       1.08507578E-04
   6588.2731853590703       0.725569069       1.03065518E-04
   6590.7303924972330       0.746724963       1.05253188E-04
   6593.1875996353947       0.740437150       1.04699269E-04
   6595.6448067735564       0.729695678       1.03519887E-04
   6598.1020139117181       0.736985445       1.03918654E-04
   6600.5592210498799       0.741199553       1.04754232E-04
   6603.0164281880425       0.713558435       1.01444908E-04
   6605.4736353262042       0.741800129       1.04604362E-04
   6607.9308424643659       0.747411370       1.06198255E-04
   6610.3880496025276       0.790372252       1.10712062E-04
   6612.8452567406894       0.759566665       1.08276545E-04
   6615.3024638788520       0.760204494       1.06567677E-04
   6617.7596710170128       0.728772283       1.03349565E-04
   6620.2168781551754       0.661733449       9.42493207E-05
   6622.6740852933372       0.679430008       9.57294033E-05
   6625.1312924314989       0.666011870       9.48311135E-05
   6627.5884995696606       0.704884231       9.86778323E-05
   6630.0457067078223       0.674215376       9.58722594E-05
   6632.5029138459849       0.655568063       9.27996298E-05
   6634.9601209841458       0.662820339       9.38060766E-05
   6637.4173281223084       0.674922287       9.56111035E-05
   6639.8745352604701       0.699501634       9.84854923E-05
   6642.3317423986318       0.698819518       9.85000661E-05
   6644.7889495367936       0.649850547       9.22995023E-05
   6647.2461566749553       0.628907025       8.89002622E-05
   6649.7033638131179       0.612939417       8.64632311E-05
   6652.1605709512796       0.579388797       8.27773038E-05
   6654.6177780894413       0.597063005       8.39445202E-05
   6657.0749852276031       0.615381539       8.70252770E-05
   6659.5321923657648       0.592268705       8.44740935E-05
   6661.9893995039274       0.646516383       9.07491267E-05
   6664.4466066420882       0.646693647       9.16913341E-05
   6666.9038137802509       0.658349097       9.30403548E-05
   6669.3610209184126       0.660819411       9.38113590E-05
   6671.8182280565743       0.699661493       9.82297715E-05
   6674.2754351947360       0.680587590       9.64571227E-05
   6676.7326423328977       0.664380670       9.34235504E-05
   6679.1898494710604       0.606967986       8.66629271E-05
   6681.6470566092212       0.595914423       8.41817891E-05
   6684.1042637473838       0.607654572       8.58247004E-05
   6686.5614708855455       0.597611845       8.44408642E-05
   6689.0186780237073       0.586474001       8.30454883E-05
   6691.4758851618690       0.573932707       8.16057291E-05
   6693.9330923000307       0.604772985       8.52381490E-05
   6696.3902994381933       0.619416952       8.76778940E-05
   6698.8475065763550       0.632773995       8.96305064E-05
   6701.3047137145168       0.657696605       9.31056929E-05
   6703.7619208526785       0.694553733       9.78590469E-05
   6706.2191279908402       0.701701105       9.88755055E-05
   6708.6763351290019       0.671970606       9.50519243E-05
   6711.1335422671636       0.628665328       8.94133918E-05
   6713.5907494053263       0.629273415       8.81224623E-05
   6716.0479565434880       0.576053381       8.22705624E-05
   6718.5051636816497       0.545293629       7.76542875E-05
   6720.9623708198114       0.593889892       8.32489241E-05
   6723.4195779579732       0.582026601       8.31102734E-05
   6725.8767850961358       0.615671515       8.62737943E-05
   6728.3339922342975       0.614725232       8.73791068E-05
   6730.7911993724592       0.612189174       8.63497626E-05
   6733.2484065106210       0.622965455       8.83171233E-05
   6735.7056136487827       0.622499466       8.85522823E-05
   6738.1628207869444       0.684843421       9.59272438E-05
   6740.6200279251061       0.670164883       9.49386595E-05
   6743.0772350632687       0.652013659       9.22731415E-05
   6745.5344422014305       0.636412501       8.99954903E-05
   6747.9916493395922       0.632711053       8.97890932E-05
   6750.4488564777539       0.637388289       9.01438252E-05
   6752.9060636159156       0.668912590       9.38912926E-05
   6755.3632707540773       0.620695114       8.90633019E-05
   6757.8204778922391       0.665454507       9.37673612E-05
   6760.2776850304017       0.712230086       1.00213598E-04
   6762.7348921685634       0.707130969       1.00262558E-04
   6765.1920993067251       0.702103376       1.00038873E-04
   6767.6493064448869       0.769407809       1.07974724E-04
   6770.1065135830486       0.783365488       1.11098736E-04
   6772.5637207212112       0.794928312       1.11720619E-04
   6775.0209278593729       0.770874083       1.09435328E-04
   6777.4781349975347       0.743723512       1.05035921E-04
   6779.9353421356964       0.737307131       1.04016784E-04
   6782.3925492738581       0.682539523       9.73048736E-05
   6784.8497564120198       0.697548151       9.84088692E-05
   6787.3069635501815       0.704456329       9.96012095E-05
   6789.7641706883442       0.710161090       1.00207282E-04
   6792.2213778265059       0.687569141       9.81925332E-05
   6794.6785849646676       0.739134490       1.03667488E-04
   6797.1357921028293       0.748266399       1.06236424E-04
   6799.5929992409910       0.756074309       1.06252279E-04
   6802.0502063791528       0.739250243       1.05001811E-04
   6804.5074135173145       0.716627717       1.02035527E-04
   6806.9646206554771       0.780079424       1.09237109E-04
   6809.4218277936388       0.757693350       1.07680382E-04
   6811.8790349318006       0.753136873       1.06323758E-04
   6814.3362420699623       0.748824596       1.05884013E-04
   6816.7934492081240       0.738717616       1.04819628E-04
   6819.2506563462866       0.750720382       1.05964289E-04
   6821.7078634844484       0.765928805       1.08443368E-04
   6824.1650706226101       0.769846082       1.08847489E-04
   6826.6222777607718       0.792164624       1.11879053E-04
   6829.0794848989335       0.782545269       1.11355163E-04
   6831.5366920370961       0.836716175       1.16996322E-04
   6833.9938991752570       0.794639587       1.13485992E-04
   6836.4511063134196       0.797860324       1.12299531E-04
   6838.9083134515813       0.806324840       1.14035618E-04
   6841.3655205897430       0.777268112       1.10613139E-04
   6843.8227277279047       0.818732202       1.15021467E-04
   6846.2799348660665       0.809462249       1.14817449E-04
   6848.7371420042291       0.805887938       1.13597045E-04
   6851.1943491423908       0.787686944       1.11899208E-04
   6853.6515562805525       0.790581226       1.11760666E-04
   6856.1087634187143       0.814277768       1.15105307E-04
   6858.5659705568760       0.819422364       1.15782532E-04
   6861.0231776950377       0.827313483       1.16406423E-04
   6863.4803848331994       0.773236930       1.09748740E-04
   6865.9375919713621       0.739200652       1.05239167E-04
   6868.3947991095238       0.764803648       1.07760250E-04
   6870.8520062476855       0.789004743       1.12601389E-04
   6873.3092133858472       0.854569733       1.20407516E-04
   6875.7664205240089       0.938035607       1.31904380E-04
   6878.2236276621707       0.902088225       1.28149390E-04
   6880.6808348003324       0.929423213       1.30310305E-04
   6883.1380419384950       0.849737763       1.21514393E-04
   6885.5952490766567       0.862804830       1.21452467E-04
   6888.0524562148184       0.858977795       1.21954778E-04
   6890.5096633529802       0.880915523       1.23903286E-04
   6892.9668704911419       0.858874679       1.22051861E-04
   6895.4240776293036       0.864688277       1.21865516E-04
   6897.8812847674662       0.858379245       1.21519624E-04
   6900.3384919056280       0.843005061       1.20114244E-04
   6902.7956990437897       0.903039396       1.27641339E-04
   6905.2529061819514       0.978360951       1.37661613E-04
   6907.7101133201131       0.987904310       1.39663927E-04
   6910.1673204582748       0.976007462       1.37606330E-04
   6912.6245275964375       0.933475614       1.32781643E-04
   6915.0817347345992       0.930521131       1.31354536E-04
   6917.5389418727609       0.945811927       1.33669018E-04
   6919.9961490109226       0.925278842       1.31840105E-04
   6922.4533561490844       0.993901134       1.40139979E-04
   6924.9105632872470        1.04312813       1.47399725E-04
   6927.3677704254078        1.07380140       1.51601009E-04
   6929.8249775635704        1.07476985       1.52442575E-04
   6932.2821847017321        1.10996246       1.56696056E-04
   6934.7393918398939        1.13161469       1.60481693E-04
   6937.1965989780556        1.17885292       1.67599836E-04
   6939.6538061162173        1.29848397       1.82222488E-04
   6942.1110132543799        1.33628166       1.89247468E-04
   6944.5682203925408        1.32858288       1.89059618E-04
   6947.0254275307034        1.44398856       2.01779840E-04
   6949.4826346688651        1.38219762       1.96972760E-04
   6951.9398418070268        1.35954833       1.92105887E-04
   6954.3970489451885        1.39329052       1.96092413E-04
   6956.8542560833503        1.31750858       1.87926387E-04
   6959.3114632215129        1.35137439       1.90674386E-04
   6961.7686703596746        1.39990973       1.97832531E-04
   6964.2258774978363        1.40839708       1.99247879E-04
   6966.6830846359981        1.43029737       2.02702315E-04
   6969.1402917741598        1.47669268       2.08499609E-04
   6971.5974989123215        1.51966000       2.14542772E-04
   6974.0547060504832        1.50669849       2.13696185E-04
   6976.5119131886458        1.54596090       2.17950204E-04
   6978.9691203268076        1.54139006       2.18201109E-04
   6981.4263274649693        1.53610575       2.16909932E-04
   6983.8835346031310        1.51309884       2.14291809E-04
   6986.3407417412927        1.50198567       2.12895437E-04
   6988.7979488794554        1.53934526       2.17185778E-04
   6991.2551560176171        1.55138934       2.19691428E-04
   6993.7123631557788        1.56188452       2.20997565E-04
   6996.1695702939405        1.60229683       2.26160017E-04
   6998.6267774321022        1.59847414       2.26656150E-04
   7001.0839845702640        1.63589585       2.30909005E-04
   7003.5411917084257        1.65410841       2.34370891E-04
   7005.9983988465883        1.68944037       2.38569948E-04
   7008.4556059847500        1.71756828       2.43085873E-04
   7010.9128131229118        1.73764944       2.46823009E-04
   7013.3700202610735        1.85244179       2.60246336E-04
   7015.8272273992352        1.86126530       2.63646012E-04
   7018.2844345373978        1.83507383       2.60362343E-04
   7020.7416416755586        1.91078389       2.70071585E-04
   7023.1988488137213        1.97628748       2.80126580E-04
   7025.6560559518830        2.09122276       2.95008474E-04
   7028.1132630900447        2.15716290       3.06669885E-04
   7030.5704702282064        2.31406045       3.25873611E-04
   7033.0276773663682        2.41996741       3.41882173E-04
   7035.4848845045308        2.42213130       3.43386171E-04
   7037.9420916426916        2.51266885       3.54802003E-04
   7040.3992987808542        2.55953431       3.61564540E-04
   7042.8565059190159        2.57629347       3.63934640E-04
   7045.3137130571777        2.52829218       3.56805715E-04
   7047.7709201953394        2.43770432       3.41779320E-04
   7050.2281273335011        2.03395534       2.89739808E-04
   7052.6853344716637        1.63959253       2.33015351E-04
   7055.1425416098255        1.35031891       1.91977771E-04
   7057.5997487479872        1.10762560       1.58386159E-04
   7060.0569558861489        1.00843799       1.42891004E-04
   7062.5141630243106       0.979624391       1.39321361E-04
   7064.9713701624732        1.00219071       1.42212419E-04
   7067.4285773006350        1.09247351       1.53468907E-04
   7069.8857844387967        1.09874558       1.55562171E-04
   7072.3429915769584        1.09377372       1.54693844E-04
   7074.8001987151201        1.09654820       1.55811882E-04
   7077.2574058532819        1.15327346       1.62665558E-04
   7079.7146129914436        1.19945371       1.68908402E-04
   7082.1718201296062        1.16673851       1.64387588E-04
   7084.6290272677679        1.06997299       1.51607688E-04
   7087.0862344059296       0.961078525       1.36244620E-04
   7089.5434415440914       0.892461002       1.26719198E-04
   7092.0006486822531       0.855243444       1.21523015E-04
   7094.4578558204148       0.888882279       1.25188992E-04
   7096.9150629585765       0.884373605       1.25521910E-04
   7099.3722700967392       0.906443417       1.28151645E-04
   7101.8294772349009       0.934635997       1.32638917E-04
   7104.2866843730626       0.995628655       1.40314500E-04
   7106.7438915112243        1.02981091       1.45610247E-04
   7109.2010986493860        1.04242361       1.47719285E-04
   7111.6583057875478        1.08179951       1.53498520E-04
   7114.1155129257095        1.16099095       1.62618177E-04
   7116.5727200638721        1.13984132       1.61756194E-04
   7119.0299272020338        1.09113693       1.54133289E-04
   7121.4871343401956        1.08140695       1.52462453E-04
   7123.9443414783573       0.985250115       1.39659373E-04
   7126.4015486165190       0.933084249       1.31884779E-04
   7128.8587557546816       0.843754053       1.20406250E-04
   7131.3159628928424       0.864769697       1.21417972E-04
   7133.7731700310051       0.820068598       1.16967050E-04
   7136.2303771691668       0.843689561       1.19284909E-04
   7138.6875843073285       0.879375458       1.24474580E-04
   7141.1447914454911       0.931845665       1.30993518E-04
   7143.6019985836519       0.908520579       1.29494045E-04
   7146.0592057218146       0.952449143       1.34098300E-04
   7148.5164128599763       0.974656701       1.38331729E-04
   7150.9736199981380        1.01225877       1.42581615E-04
   7153.4308271362997        1.02736282       1.44854203E-04
   7155.8880342744615       0.979870081       1.39156997E-04
   7158.3452414126241       0.972707987       1.37952346E-04
   7160.8024485507858        1.01016343       1.41909637E-04
   7163.2596556889475       0.988098145       1.40426346E-04
   7165.7168628271093       0.976180136       1.38166797E-04
   7168.1740699652710        1.01684046       1.43281955E-04
   7170.6312771034327       0.991416633       1.41447847E-04
   7173.0884842415944        1.06420279       1.49684143E-04
   7175.5456913797570        1.09709334       1.55165268E-04
   7178.0028985179188        1.10712540       1.56375216E-04
   7180.4601056560805        1.10290635       1.57204355E-04
   7182.9173127942422        1.18480372       1.67193255E-04
   7185.3745199324039        1.27316833       1.79191862E-04
   7187.8317270705656        1.26758146       1.79682262E-04
   7190.2889342087274        1.27739704       1.80092960E-04
   7192.7461413468900        1.25996459       1.77933383E-04
   7195.2033484850517        1.19806492       1.69595587E-04
   7197.6605556232134        1.14633203       1.62870012E-04
   7200.1177627613752        1.15253985       1.62530632E-04
   7202.5749698995369        1.15417767       1.63819961E-04
   7205.0321770376986        1.16840041       1.66675556E-04
   7207.4893841758603        1.31958258       1.84953009E-04
   7209.9465913140230        1.36131668       1.92330277E-04
   7212.4037984521847        1.33517873       1.89234343E-04
   7214.8610055903464        1.34493041       1.90656006E-04
   7217.3182127285090        1.39914155       1.97726025E-04
   7219.7754198666698        1.45205104       2.05470555E-04
   7222.2326270048325        1.50417829       2.11759660E-04
   7224.6898341429942        1.49145782       2.11047518E-04
   7227.1470412811559        1.44676888       2.05366203E-04
   7229.6042484193176        1.48176146       2.09381760E-04
   7232.0614555574793        1.51203251       2.14443950E-04
   7234.5186626956420        1.58686793       2.23438983E-04
   7236.9758698338028        1.60138583       2.27604964E-04
   7239.4330769719654        1.66436088       2.35753279E-04
   7241.8902841101271        1.79937029       2.53007544E-04
   7244.3474912482889        1.80873549       2.56634230E-04
   7246.8046983864506        1.84489822       2.61587003E-04
   7249.2619055246123        1.96069551       2.76948063E-04
   7251.7191126627749        2.05804992       2.90884869E-04
   7254.1763198009367        2.12481642       3.00120708E-04
   7256.6335269390984        2.16313696       3.07134818E-04
   7259.0907340772601        2.27110434       3.20385327E-04
   7261.5479412154218        2.36914778       3.33661999E-04
   7264.0051483535835        2.30108547       3.26443056E-04
   7266.4623554917453        2.29895949       3.24424385E-04
   7268.9195626299079        2.26314306       3.21053172E-04
   7271.3767697680696        2.28468895       3.23265296E-04
   7273.8339769062313        2.35026026       3.32545111E-04
   7276.2911840443930        2.42417216       3.43619555E-04
   7278.7483911825548        2.55813360       3.60291073E-04
   7281.2055983207165        2.60445142       3.68236651E-04
   7283.6628054588782        2.57734084       3.66155087E-04
   7286.1200125970408        2.70035458       3.80379090E-04
   7288.5772197352026        2.74092746       3.89464112E-04
   7291.0344268733643        2.86376667       4.04610357E-04
   7293.4916340115260        3.02953005       4.27454826E-04
   7295.9488411496877        3.06534076       4.35098045E-04
   7298.4060482878504        3.21780062       4.54496505E-04
   7300.8632554260121        3.35623145       4.74737171E-04
   7303.3204625641738        3.47731161       4.91563638E-04
   7305.7776697023355        3.58237076       5.07407472E-04
   7308.2348768404972        3.73610282       5.27502212E-04
   7310.6920839786590        3.84589267       5.44463051E-04
   7313.1492911168207        3.95584536       5.59910317E-04
   7315.6064982549833        4.13269043       5.82990760E-04
   7318.0637053931450        4.18865585       5.93323552E-04
   7320.5209125313067        4.27769566       6.03302207E-04
   7322.9781196694685        4.28153706       6.05791574E-04
   7325.4353268076302        4.23158455       6.00486237E-04
   7327.8925339457928        4.37743282       6.18485850E-04
   7330.3497410839536        4.51514006       6.38412428E-04
   7332.8069482221163        4.62140608       6.53122785E-04
   7335.2641553602780        4.68729162       6.62360457E-04
   7337.7213624984397        4.70435667       6.65267929E-04
   7340.1785696366014        4.69750023       6.64921536E-04
   7342.6357767747631        4.74603701       6.70183916E-04
   7345.0929839129258        4.72939396       6.67975342E-04
   7347.5501910510866        4.61361694       6.54006260E-04
   7350.0073981892492        4.58972979       6.50350470E-04
   7352.4646053274109        4.72197294       6.66226144E-04
   7354.9218124655727        4.75231266       6.74301817E-04
   7357.3790196037344        4.89620018       6.91546535E-04
   7359.8362267418961        5.06299448       7.16105453E-04
   7362.2934338800587        5.15613508       7.29719002E-04
   7364.7506410182204        5.33840370       7.53289845E-04
   7367.2078481563822        5.35924673       7.58252398E-04
   7369.6650552945439        5.39122152       7.60570110E-04
   7372.1222624327056        5.26754189       7.46282400E-04
   7374.5794695708682        5.20606518       7.36258691E-04
   7377.0366767090300        5.18460131       7.34460948E-04
   7379.4938838471917        5.25513840       7.42800941E-04
   7381.9510909853534        5.33423805       7.54221750E-04
   7384.4082981235151        5.37705278       7.59753631E-04
   7386.8655052616768        5.37480116       7.58819631E-04
   7389.3227123998386        5.24276972       7.43460667E-04
   7391.7799195380012        5.23003578       7.39706622E-04
   7394.2371266761629        5.30001068       7.47515762E-04
   7396.6943338143246        5.18879747       7.35581503E-04
   7399.1515409524864        5.15979290       7.29288091E-04
   7401.6087480906481        5.17246008       7.31671287E-04
   7404.0659552288098        5.15274334       7.29717023E-04
   7406.5231623669715        5.24449158       7.40096963E-04
   7408.9803695051341        5.22214317       7.38908187E-04
   7411.4375766432959        5.18743801       7.33607449E-04
   7413.8947837814576        5.16909122       7.30246946E-04
   7416.3519909196193        5.09036732       7.20848213E-04
   7418.8091980577810        5.05329323       7.15486181E-04
   7421.2664051959437        5.12901258       7.26129860E-04
   7423.7236123341045        5.26073933       7.44484365E-04
   7426.1808194722671        5.46625376       7.67994556E-04
   7428.6380266104288        5.27790689       7.48214195E-04
   7431.0952337485905        5.05212307       7.16469367E-04
   7433.5524408867523        5.08802176       7.17897667E-04
   7436.0096480249140        5.01050711       7.09111278E-04
   7438.4668551630766        4.93607712       6.98239310E-04
   7440.9240623012374        4.88726616       6.91961090E-04
   7443.3812694394001        4.90972471       6.93193055E-04
   7445.8384765775618        4.86324263       6.89382374E-04
   7448.2956837157235        4.89799690       6.92449627E-04
   7450.7528908538861        4.98388052       7.04251230E-04
   7453.2100979920478        4.98623800       7.05005659E-04
   7455.6673051302096        4.98655653       7.05751590E-04
   7458.1245122683713        4.99988174       7.08892301E-04
   7460.5817194065330        5.18964005       7.30249158E-04
   7463.0389265446947        5.13117027       7.27432256E-04
   7465.4961336828565        5.08103848       7.19373114E-04
   7467.9533408210191        5.19132805       7.33394525E-04
   7470.4105479591808        5.21939230       7.37866387E-04
   7472.8677550973425        5.23364544       7.39633921E-04
   7475.3249622355042        5.17425299       7.33407505E-04
   7477.7821693736660        5.25242519       7.42492382E-04
   7480.2393765118277        5.33742666       7.55364948E-04
   7482.6965836499894        5.45725298       7.69782579E-04
   7485.1537907881520        5.43506908       7.70080427E-04
   7487.6109979263138        5.45606709       7.70980550E-04
   7490.0682050644755        5.50139427       7.77525594E-04
   7492.5254122026372        5.45234537       7.72950996E-04
   7494.9826193407989        5.56286955       7.85620185E-04
   7497.4398264789606        5.62893009       7.96581560E-04
   7499.8970336171224        5.69799995       8.05923250E-04
   7502.3542407552850        5.79713488       8.19586799E-04
   7504.8114478934467        5.87237930       8.29818659E-04
   7507.2686550316084        5.88989115       8.32574849E-04
   7509.7258621697702        5.85812092       8.28543503E-04
   7512.1830693079319        5.82465315       8.24381248E-04
   7514.6402764460936        5.84369230       8.25856579E-04
   7517.0974835842553        5.84313393       8.26210307E-04
   7519.5546907224179        5.80255842       8.21463589E-04
   7522.0118978605797        5.83763218       8.25176248E-04
   7524.4691049987414        5.86171293       8.29772791E-04
   7526.9263121369040        5.93169689       8.38834036E-04
   7529.3835192750648        6.02871037       8.53265868E-04
   7531.8407264132275        6.16009140       8.70790391E-04
   7534.2979335513892        6.29423714       8.90252355E-04
   7536.7551406895509        6.39960051       9.05088382E-04
   7539.2123478277126        6.53474092       9.22376930E-04
   7541.6695549658743        6.50969601       9.22112085E-04
   7544.1267621040370        6.56023598       9.26269975E-04
   7546.5839692421978        6.55093193       9.27212066E-04
   7549.0411763803604        6.53125477       9.24743596E-04
   7551.4983835185221        6.64871454       9.38030542E-04
   7553.9555906566839        6.60209227       9.34931391E-04
   7556.4127977948456        6.58317137       9.30714828E-04
   7558.8700049330073        6.60373068       9.32264957E-04
   7561.3272120711699        6.46323872       9.16075311E-04
   7563.7844192093316        6.43895245       9.11101175E-04
   7566.2416263474934        6.52691031       9.21411498E-04
   7568.6988334856551        6.48240757       9.17699886E-04
   7571.1560406238168        6.46353006       9.15079145E-04
   7573.6132477619785        6.56249332       9.29235772E-04
   7576.0704549001402        6.75826740       9.52501723E-04
   7578.5276620383029        6.75311756       9.51603986E-04
   7580.9848691764637        6.33371401       8.96594021E-04
   7583.4420763146263        5.89743900       8.31026467E-04
   7585.8992834527880        5.20334339       7.37016671E-04
   7588.3564905909498        4.37737799       6.21135230E-04
   7590.8136977291124        3.66164660       5.20057511E-04
   7593.2709048672732        3.03621221       4.33814625E-04
   7595.7281120054358        2.77268386       3.93101946E-04
   7598.1853191435976        2.70236182       3.83197388E-04
   7600.6425262817593        2.71276259       3.88159417E-04
   7603.0997334199219        3.07859159       4.34941001E-04
   7605.5569405580827        3.49710989       4.97348083E-04
   7608.0141476962453        3.99327374       5.67030860E-04
   7610.4713548344071        4.69769192       6.57505239E-04
   7612.9285619725688        4.82929087       6.80673926E-04
   7615.3857691107305        4.59547901       6.48178335E-04
   7617.8429762488922        4.15209055       5.89652744E-04
   7620.3001833870549        3.81886768       5.39629371E-04
   7622.7573905252157        3.52468300       4.98815381E-04
   7625.2145976633783        3.17922258       4.50285210E-04
   7627.6718048015400        2.90173316       4.11377550E-04
   7630.1290119397017        2.67192388       3.78880562E-04
   7632.5862190778635        2.57014704       3.65309912E-04
   7635.0434262160252        2.59968448       3.67902190E-04
   7637.5006333541878        2.73711920       3.83978739E-04
   7639.9578404923486        2.58028793       3.67483590E-04
   7642.4150476305113        2.56015682       3.61190876E-04
   7644.8722547686730        2.55150151       3.59928119E-04
   7647.3294619068347        2.43160415       3.43377498E-04
   7649.7866690449964        2.23942876       3.17227183E-04
   7652.2438761831581        2.06513405       2.91630102E-04
   7654.7010833213208        1.85907173       2.63394206E-04
   7657.1582904594816        1.64834654       2.33455663E-04
   7659.6154975976442        1.46838260       2.09120306E-04
   7662.0727047358059        1.38589990       1.96304129E-04
   7664.5299118739676        1.38817787       1.96854104E-04
   7666.9871190121294        1.40904164       2.00614260E-04
   7669.4443261502911        1.56545222       2.21743423E-04
   7671.9015332884537        1.74063253       2.44925875E-04
   7674.3587404266145        1.84270811       2.61030073E-04
   7676.8159475647772        1.89685893       2.69152835E-04
   7679.2731547029389        2.07373953       2.91556673E-04
   7681.7303618411006        2.08585143       2.95436796E-04
   7684.1875689792632        2.12227917       2.97752442E-04
   7686.6447761174240        1.95437050       2.78714288E-04
   7689.1019832555867        1.90622854       2.67367286E-04
   7691.5591903937484        1.76579702       2.50915095E-04
   7694.0163975319101        1.60079312       2.27651472E-04
   7696.4736046700727        1.60764766       2.26778953E-04
   7698.9308118082336        1.57072282       2.23963812E-04
   7701.3880189463962        1.67025280       2.35797255E-04
   7703.8452260845579        1.77978611       2.52984086E-04
   7706.3024332227196        1.95260310       2.76223378E-04
   7708.7596403608813        2.16016173       3.05439549E-04
   7711.2168474990431        2.32939339       3.28559516E-04
   7713.6740546372057        2.43730855       3.45812645E-04
   7716.1312617753665        2.57763219       3.64535284E-04
   7718.5884689135291        2.77195001       3.91210546E-04
   7721.0456760516909        2.85344410       4.03996732E-04
   7723.5028831898526        2.98029232       4.20967321E-04
   7725.9600903280143        3.04542112       4.32873960E-04
   7728.4172974661760        3.27914858       4.61838965E-04
   7730.8745046043387        3.40489984       4.81690222E-04
   7733.3317117424995        3.47738123       4.90806648E-04
   7735.7889188806621        3.49420881       4.93607658E-04
   7738.2461260188238        3.42821217       4.84284741E-04
   7740.7033331569855        3.31693077       4.69536841E-04
   7743.1605402951473        3.21063161       4.53751709E-04
   7745.6177474333090        3.11213803       4.39695054E-04
   7748.0749545714716        2.94192982       4.17315838E-04
   7750.5321617096324        2.87356663       4.07123793E-04
   7752.9893688477950        2.88613248       4.07844171E-04
   7755.4465759859568        2.90714550       4.12368390E-04
   7757.9037831241185        2.98546863       4.22349403E-04
   7760.3609902622811        3.14085364       4.43146826E-04
   7762.8181974004419        3.16937757       4.50958352E-04
   7765.2754045386046        3.40288377       4.78420174E-04
   7767.7326116767663        3.48074079       4.92755382E-04
   7770.1898188149280        3.49365163       4.94146429E-04
   7772.6470259530906        3.55863810       5.02678740E-04
   7775.1042330912514        3.55506754       5.02944633E-04
   7777.5614402294141        3.56445050       5.03184681E-04
   7780.0186473675749        3.50086141       4.95867920E-04
   7782.4758545057375        3.47283125       4.90611303E-04
   7784.9330616438992        3.43456244       4.87357640E-04
   7787.3902687820610        3.49027872       4.92749154E-04
   7789.8474759202236        3.55471087       5.01547416E-04
   7792.3046830583844        3.46129274       4.91259794E-04
   7794.7618901965470        3.50305009       4.95817862E-04
   7797.2190973347087        3.60975814       5.10874612E-04
   7799.6763044728705        3.76027703       5.32703882E-04
   7802.1335116110322        3.96296024       5.61035878E-04
   7804.5907187491939        4.24317789       5.99732215E-04
   7807.0479258873565        4.46524000       6.31891424E-04
   7809.5051330255174        4.71971703       6.64650986E-04
   7811.9623401636800        4.74279737       6.70747308E-04
   7814.4195473018417        4.69190407       6.63502607E-04
   7816.8767544400034        4.64753962       6.57700934E-04
   7819.3339615781651        4.63577032       6.53338619E-04
   7821.7911687163269        4.46558523       6.31741772E-04
   7824.2483758544895        4.21633959       5.98367420E-04
   7826.7055829926503        4.15883684       5.87437360E-04
   7829.1627901308129        4.09612513       5.80791268E-04
   7831.6199972689747        4.11644125       5.81603090E-04
   7834.0772044071364        4.16015100       5.89943258E-04
   7836.5344115452981        4.27261782       6.04222761E-04
   7838.9916186834598        4.46753645       6.30836817E-04
   7841.4488258216224        4.52647543       6.40221348E-04
   7843.9060329597842        4.61200333       6.51290815E-04
   7846.3632400979459        4.58135319       6.50585745E-04
   7848.8204472361076        4.76539373       6.71870366E-04
   7851.2776543742693        4.84392262       6.84502593E-04
   7853.7348615124320        4.81997299       6.81886158E-04
   7856.1920686505928        4.79932499       6.78135955E-04
   7858.6492757887554        4.75772667       6.73354720E-04
   7861.1064829269171        4.71012640       6.65917236E-04
   7863.5636900650788        4.70054913       6.63499348E-04
   7866.0208972032406        4.54413748       6.44907879E-04
   7868.4781043414023        4.55699205       6.43459265E-04
   7870.9353114795649        4.54955387       6.46185945E-04
   7873.3925186177257        4.71192646       6.66144711E-04
   7875.8497257558884        4.95239019       7.00540724E-04
   7878.3069328940501        5.14412212       7.27564271E-04
   7880.7641400322118        5.37445211       7.57961941E-04
   7883.2213471703744        5.40559959       7.65939185E-04
   7885.6785543085352        5.50851965       7.78789574E-04
   7888.1357614466979        5.63185406       7.92866747E-04
   7890.5929685848587        5.47578430       7.75737863E-04
   7893.0501757230213        5.27497005       7.48298946E-04
   7895.5073828611830        5.35731125       7.55291898E-04
   7897.9645899993448        5.26858902       7.44594552E-04
   7900.4217971375074        5.09899569       7.21661490E-04
   7902.8790042756682        4.92717075       6.97652111E-04
   7905.3362114138308        4.87797403       6.89109205E-04
   7907.7934185519925        4.74767208       6.73359144E-04
   7910.2506256901543        4.78055477       6.75108226E-04
   7912.7078328283160        4.77047920       6.73917530E-04
   7915.1650399664777        4.69140053       6.66101521E-04
   7917.6222471046403        4.76385927       6.73879695E-04
   7920.0794542428021        4.97503901       7.01294630E-04
   7922.5366613809638        4.93382883       7.00235949E-04
   7924.9938685191255        5.07298231       7.16661802E-04
   7927.4510756572872        5.19107580       7.34351052E-04
   7929.9082827954498        5.31877851       7.51774758E-04
   7932.3654899336107        5.39298296       7.62749230E-04
   7934.8226970717733        5.48862505       7.73060427E-04
   7937.2799042099350        5.31359816       7.51189422E-04
   7939.7371113480967        5.03448057       7.12597452E-04
   7942.1943184862585        4.78051662       6.79926248E-04
   7944.6515256244202        4.84719324       6.86247949E-04
   7947.1087327625828        5.07808638       7.17315299E-04
   7949.5659399007436        5.23308563       7.39509007E-04
   7952.0231470389062        5.32300186       7.54161330E-04
   7954.4803541770680        5.49277830       7.76277622E-04
   7956.9375613152297        5.67499208       8.01707502E-04
   7959.3947684533914        5.74095345       8.12595885E-04
   7961.8519755915531        5.86084652       8.28991004E-04
   7964.3091827297158        5.99056959       8.47650459E-04
   7966.7663898678766        6.16983986       8.69905401E-04
   7969.2235970060392        6.14267588       8.69394513E-04
   7971.6808041442009        6.08903027       8.59976746E-04
   7974.1380112823626        5.99218369       8.46788171E-04
   7976.5952184205253        5.78270292       8.18644359E-04
   7979.0524255586861        5.64181042       7.98502937E-04
   7981.5096326968487        5.55865335       7.87380617E-04
   7983.9668398350095        5.60162830       7.90907303E-04
   7986.4240469731722        5.57400227       7.89316255E-04
   7988.8812541113339        5.57988453       7.89751357E-04
   7991.3384612494956        5.68162680       8.04429874E-04
   7993.7956683876582        5.84865713       8.27090989E-04
   7996.2528755258199        6.04926443       8.54713086E-04
   7998.7100826639817        6.15991259       8.72946868E-04
   8001.1672898021434        6.39423561       9.04424174E-04
   8003.6244969403051        6.67817354       9.42798215E-04
   8006.0817040784677        6.82608271       9.66817955E-04
   8008.5389112166285        7.01964140       9.93493944E-04
   8010.9961183547912        7.33559608       1.03398156E-03
   8013.4533254929529        7.37146568       1.04510004E-03
   8015.9105326311146        7.50759506       1.06061273E-03
   8018.3677397692763        7.66891241       1.08640513E-03
   8020.8249469074381        7.87448263       1.11320335E-03
   8023.2821540456007        8.16202068       1.15243695E-03
   8025.7393611837615        8.20765591       1.16362015E-03
   8028.1965683219241        8.48361969       1.19860785E-03
   8030.6537754600859        8.70512486       1.23620545E-03
   8033.1109825982476        9.27229595       1.30734860E-03
