   5529.2169088113069        4.53127921E-02   6.40520375E-06
   5531.6741159494686        4.34523337E-02   6.13138172E-06
   5534.1313230876303        4.61077280E-02   6.53535608E-06
   5536.5885302257930        3.26267071E-02   4.56712678E-06
   5539.0457373639547        2.79545151E-02   4.08128471E-06
   5541.5029445021164        6.49897158E-02   9.08030324E-06
   5543.9601516402781        1.56986676E-02   2.45298043E-06
   5546.4173587784398        2.16322392E-02   3.08655285E-06
   5548.8745659166016        2.26909649E-02   3.21931930E-06
   5551.3317730547642        3.96601483E-02   5.59698447E-06
   5553.7889801929259        3.50431018E-02   4.97767678E-06
   5556.2461873310876        5.16352542E-02   7.28403029E-06
   5558.7033944692494        4.11885381E-02   5.84765939E-06
   5561.1606016074111        6.67533055E-02   9.48305205E-06
   5563.6178087455728        8.27247798E-02   1.16448091E-05
   5566.0750158837354        6.30375966E-02   8.91121272E-06
   5568.5322230218972        6.92112148E-02   9.89353339E-06
   5570.9894301600589       0.106071219       1.49035550E-05
   5573.4466372982206        8.06395337E-02   1.14635250E-05
   5575.9038444363823        9.01799053E-02   1.27275352E-05
   5578.3610515745440        9.68670249E-02   1.37998259E-05
   5580.8182587127058       0.143968478       2.02427218E-05
   5583.2754658508684       0.142602816       1.34566135E-05
   5585.7326729890301       0.133007497       1.88885679E-05
   5588.1898801271918       0.148181945       2.08576585E-05
   5590.6470872653535       0.130552247       1.84925666E-05
   5593.1042944035153       0.127510145       1.80525949E-05
   5595.5615015416770       0.134804204       1.90472947E-05
   5598.0187086798396       0.134576425       1.90565188E-05
   5600.4759158180013       0.138052553       1.94616023E-05
   5602.9331229561631       0.106667295       1.51370105E-05
   5605.3903300943248       0.116521388       1.65006932E-05
   5607.8475372324865       0.128831238       1.82320928E-05
   5610.3047443706482       0.148424774       2.09551617E-05
   5612.7619515088109       0.127268359       1.79800554E-05
   5615.2191586469726       0.117222704       1.66228492E-05
   5617.6763657851343       0.120614551       1.70445910E-05
   5620.1335729232960       0.127976984       1.81290343E-05
   5622.5907800614577       0.139921457       1.97380468E-05
   5625.0479871996195       0.115888387       1.63999812E-05
   5627.5051943377821       0.125774026       1.78668615E-05
   5629.9624014759438       0.153791770       2.16686694E-05
   5632.4196086141055       0.126571000       1.79141989E-05
   5634.8768157522672       0.125308767       1.77607653E-05
   5637.3340228904290       0.133637354       1.88784215E-05
   5639.7912300285907       0.132119685       1.86908601E-05
   5642.2484371667524       0.138350949       1.95688099E-05
   5644.7056443049150       0.129556328       1.82781059E-05
   5647.1628514430768       0.118126877       1.67894559E-05
   5649.6200585812385       0.147957757       2.08828787E-05
   5652.0772657194002       0.133788630       1.89205257E-05
   5654.5344728575619       0.145226493       2.05776832E-05
   5656.9916799957236       0.153937951       2.17246143E-05
   5659.4488871338863       0.149821982       2.12100203E-05
   5661.9060942720480       0.143944681       2.03195996E-05
   5664.3633014102097       0.134769350       1.91219460E-05
   5666.8205085483714       0.149616420       2.11038423E-05
   5669.2777156865332       0.127826557       1.81021642E-05
   5671.7349228246949       0.132045045       1.86935176E-05
   5674.1921299628575       0.149382636       2.11620481E-05
   5676.6493371010192       0.172679573       2.43530831E-05
   5679.1065442391809       0.156716064       2.22178896E-05
   5681.5637513773427       0.189289898       2.67635787E-05
   5684.0209585155044       0.168346822       2.37272907E-05
   5686.4781656536661       0.142156690       2.02116662E-05
   5688.9353727918278       0.164357886       2.32258444E-05
   5691.3925799299905       0.174067795       2.46285126E-05
   5693.8497870681522       0.182476759       2.57658776E-05
   5696.3069942063139       0.170697927       2.41693488E-05
   5698.7642013444756       0.178002790       2.51574857E-05
   5701.2214084826373       0.173887789       2.46218879E-05
   5703.6786156207991       0.199948043       2.82882229E-05
   5706.1358227589617       0.208944514       2.95019290E-05
   5708.5930298971234       0.187779307       2.65386243E-05
   5711.0502370352851       0.175094187       2.48364468E-05
   5713.5074441734469       0.196142957       2.76979335E-05
   5715.9646513116086       0.186489984       2.63774236E-05
   5718.4218584497703       0.170092806       2.40049612E-05
   5720.8790655879329       0.149858460       2.13209023E-05
   5723.3362727260946       0.198907137       2.80802033E-05
   5725.7934798642564       0.185195416       2.61839377E-05
   5728.2506870024181       0.189560950       2.68136173E-05
   5730.7078941405798       0.190092951       2.69105640E-05
   5733.1651012787415       0.200294092       2.82557939E-05
   5735.6223084169033       0.167379856       2.37309123E-05
   5738.0795155550659       0.185000643       2.61713540E-05
   5740.5367226932276       0.191202134       2.70542569E-05
   5742.9939298313893       0.209016234       2.95163063E-05
   5745.4511369695510       0.189815268       2.68627828E-05
   5747.9083441077128       0.196296319       2.77605559E-05
   5750.3655512458745       0.192525566       2.72458783E-05
   5752.8227583840371       0.211153165       2.98600007E-05
   5755.2799655221988       0.214422643       3.03147117E-05
   5757.7371726603606       0.211032510       2.98001396E-05
   5760.1943797985223       0.176458567       2.49870754E-05
   5762.6515869366840       0.181235909       2.56698622E-05
   5765.1087940748457       0.178718060       2.52109276E-05
   5767.5660012130083       0.152263045       2.15673717E-05
   5770.0232083511701       0.199582323       2.08924466E-05
   5772.4804154893318       0.176887110       2.50806643E-05
   5774.9376226274935       0.218025446       3.07593218E-05
   5777.3948297656552       0.199434444       2.81965713E-05
   5779.8520369038170       0.197593480       2.79742981E-05
   5782.3092440419787       0.196845680       2.78229309E-05
   5784.7664511801413       0.213165194       3.02171156E-05
   5787.2236583183030       0.248601213       3.50926712E-05
   5789.6808654564647       0.239358753       3.38630125E-05
   5792.1380725946265       0.253523469       3.58732723E-05
   5794.5952797327882       0.260319024       3.67741377E-05
   5797.0524868709508       0.243754357       3.44689215E-05
   5799.5096940091125       0.241125852       3.41568739E-05
   5801.9669011472743       0.262624115       3.71049427E-05
   5804.4241082854360       0.253642440       3.58553407E-05
   5806.8813154235977       0.232194662       3.28130263E-05
   5809.3385225617594       0.214985430       3.04879813E-05
   5811.7957296999211       0.236920565       3.34453653E-05
   5814.2529368380838       0.207813367       2.93962021E-05
   5816.7101439762455       0.200911358       2.84331200E-05
   5819.1673511144072       0.196582273       2.78124244E-05
   5821.6245582525689       0.200485379       2.83255577E-05
   5824.0817653907307       0.185300753       2.62411995E-05
   5826.5389725288924       0.215593651       3.05438371E-05
   5828.9961796670550       0.249691591       3.52601492E-05
   5831.4533868052167       0.239691883       3.38494501E-05
   5833.9105939433784       0.212813750       3.01406708E-05
   5836.3678010815402       0.213889718       3.02456519E-05
   5838.8250082197019       0.205875039       2.91216711E-05
   5841.2822153578636       0.213448003       3.01985183E-05
   5843.7394224960262       0.207904562       2.93500998E-05
   5846.1966296341880       0.178452834       2.52589907E-05
   5848.6538367723497       0.165228531       2.33860028E-05
   5851.1110439105114       0.160843566       2.27504861E-05
   5853.5682510486731       0.159554213       2.25672029E-05
   5856.0254581868348       0.158797443       2.24536652E-05
   5858.4826653249966       0.154576585       2.18592322E-05
   5860.9398724631592       0.156807661       2.22013459E-05
   5863.3970796013209       0.171140760       2.41898597E-05
   5865.8542867394826       0.167281494       2.36295164E-05
   5868.3114938776444       0.149477720       2.11455208E-05
   5870.7687010158061       0.142659292       2.02038718E-05
   5873.2259081539678       0.146504581       2.06947334E-05
   5875.6831152921304       0.132704929       1.87766655E-05
   5878.1403224302921       0.136410013       1.93034066E-05
   5880.5975295684539       0.118143685       1.66388545E-05
   5883.0547367066156        8.59464705E-02   1.22640795E-05
   5885.5119438447773       0.108284920       1.52919456E-05
   5887.9691509829390        9.65208262E-02   1.36390117E-05
   5890.4263581211017        9.65547636E-02   1.36780673E-05
   5892.8835652592634        9.94814038E-02   1.40713446E-05
   5895.3407723974251       0.120175421       1.70253115E-05
   5897.7979795355868       0.128783911       1.81446085E-05
   5900.2551866737485       0.118270099       1.68044116E-05
   5902.7123938119103       0.163064033       2.30809783E-05
   5905.1696009500720       0.176341861       2.48559718E-05
   5907.6268080882346       0.150058627       2.12381201E-05
   5910.0840152263963       0.139300108       1.97359150E-05
   5912.5412223645581       0.156688616       2.21846349E-05
   5914.9984295027198       0.169703260       2.39473320E-05
   5917.4556366408815       0.155470550       2.20088459E-05
   5919.9128437790432       0.161988184       2.29168945E-05
   5922.3700509172058       0.161209151       2.27786841E-05
   5924.8272580553676       0.156391561       2.21310711E-05
   5927.2844651935293       0.157495797       2.22658200E-05
   5929.7416723316910       0.149785876       2.11752485E-05
   5932.1988794698527       0.148459733       2.10256858E-05
   5934.6560866080144       0.153142273       2.16199605E-05
   5937.1132937461771       0.143075094       2.02687916E-05
   5939.5705008843388       0.151295140       2.13726835E-05
   5942.0277080225005       0.144874975       2.05148172E-05
   5944.4849151606622       0.157817423       2.23013649E-05
   5946.9421222988240       0.149056643       2.10792987E-05
   5949.3993294369857       0.154527366       2.18778223E-05
   5951.8565365751474       0.168813631       2.38689863E-05
   5954.3137437133100       0.163789600       2.31077829E-05
   5956.7709508514718       0.147665709       2.09709033E-05
   5959.2281579896335       0.180600405       2.55128634E-05
   5961.6853651277952       0.174787998       2.46978489E-05
   5964.1425722659569       0.160241202       2.26410466E-05
   5966.5997794041186       0.148561865       2.10943763E-05
   5969.0569865422813       0.179659709       2.53508442E-05
   5971.5141936804430       0.155635521       2.20179754E-05
   5973.9714008186047       0.160222858       2.26840511E-05
   5976.4286079567664       0.160810247       2.27342225E-05
   5978.8858150949281       0.170429543       2.41089856E-05
   5981.3430222330899       0.169108704       2.39004239E-05
   5983.8002293712525       0.171617582       2.42828119E-05
   5986.2574365094142       0.168917507       2.38765169E-05
   5988.7146436475759       0.181613401       2.57370684E-05
   5991.1718507857377       0.194580257       2.74235208E-05
   5993.6290579238994       0.162935704       2.31047179E-05
   5996.0862650620611       0.175392210       2.48113720E-05
   5998.5434722002228       0.181704029       2.57016090E-05
   6001.0006793383855       0.182389393       2.57287356E-05
   6003.4578864765472       0.147640854       2.09475111E-05
   6005.9150936147089       0.177191049       2.51149577E-05
   6008.3723007528706       0.200328469       2.82500951E-05
   6010.8295078910323       0.167002112       2.36036904E-05
   6013.2867150291941       0.168412223       2.39633700E-05
   6015.7439221673567       0.216208890       3.04461664E-05
   6018.2011293055184       0.180411652       2.55760933E-05
   6020.6583364436801       0.185458511       2.61791738E-05
   6023.1155435818418       0.156697705       2.22382241E-05
   6025.5727507200036       0.191605687       2.70982800E-05
   6028.0299578581653       0.198574573       2.80832464E-05
   6030.4871649963279       0.207448244       2.92691984E-05
   6032.9443721344896       0.174394682       2.47430944E-05
   6035.4015792726514       0.211866021       2.99804178E-05
   6037.8587864108131       0.216305032       3.05450012E-05
   6040.3159935489748       0.215356588       3.04685764E-05
   6042.7732006871365       0.219693661       3.10983196E-05
   6045.2304078252982       0.236674294       3.34241740E-05
   6047.6876149634609       0.221482992       3.13555938E-05
   6050.1448221016226       0.240761369       3.40471634E-05
   6052.6020292397843       0.234467074       3.31413867E-05
   6055.0592363779460       0.247095719       3.49920774E-05
   6057.5164435161078       0.255492091       3.60538070E-05
   6059.9736506542704       0.231263548       3.27534108E-05
   6062.4308577924321       0.243540034       3.44526707E-05
   6064.8880649305938       0.241155475       3.40656370E-05
   6067.3452720687555       0.234052971       3.31443116E-05
   6069.8024792069173       0.246633619       3.48687317E-05
   6072.2596863450790       0.262327135       3.71365059E-05
   6074.7168934832407       0.281727254       3.97663389E-05
   6077.1741006214033       0.252191126       3.56893725E-05
   6079.6313077595651       0.261011004       3.69649606E-05
   6082.0885148977268       0.282385260       3.98990305E-05
   6084.5457220358885       0.269313693       3.80439378E-05
   6087.0029291740502       0.251256049       3.56089040E-05
   6089.4601363122119       0.276298106       3.90449895E-05
   6091.9173434503737       0.260057569       3.67596076E-05
   6094.3745505885363       0.265240729       3.75545897E-05
   6096.8317577266980       0.246093601       3.46808556E-05
   6099.2889648648597       0.252584487       2.87572457E-05
   6101.7461720030215       0.240254745       3.39216203E-05
   6104.2033791411832       0.227374658       3.21821317E-05
   6106.6605862793458       0.246758848       3.48825051E-05
   6109.1177934175075       0.237861916       3.36430276E-05
   6111.5750005556692       0.245702416       3.47344831E-05
   6114.0322076938310       0.233419672       3.30292096E-05
   6116.4894148319927       0.248537958       3.51457493E-05
   6118.9466219701544       0.233498737       3.29833165E-05
   6121.4038291083161       0.221178249       3.13309429E-05
   6123.8610362464788       0.230981648       3.26496156E-05
   6126.3182433846405       0.217983067       3.07932387E-05
   6128.7754505228022       0.205214813       2.90830103E-05
   6131.2326576609639       0.210290343       2.96740691E-05
   6133.6898647991256       0.188663110       2.67566666E-05
   6136.1470719372874       0.217768893       3.07809023E-05
   6138.6042790754491       0.210130349       2.96875169E-05
   6141.0614862136117       0.198107004       2.80194254E-05
   6143.5186933517734       0.190642729       2.70003184E-05
   6145.9759004899352       0.201063231       2.83858408E-05
   6148.4331076280969       0.175098360       2.47920398E-05
   6150.8903147662586       0.190835357       2.70298933E-05
   6153.3475219044212       0.202245399       2.85499755E-05
   6155.8047290425829       0.188611269       2.66710886E-05
   6158.2619361807447       0.171947435       2.43206960E-05
   6160.7191433189064       0.162860528       2.30589612E-05
   6163.1763504570681       0.180522576       2.55699233E-05
   6165.6335575952298       0.199808985       2.81805787E-05
   6168.0907647333916       0.164129838       2.32198363E-05
   6170.5479718715542       0.162240088       2.30259611E-05
   6173.0051790097159       0.188022852       2.65470117E-05
   6175.4623861478776       0.183473930       2.59456974E-05
   6177.9195932860393       0.179766282       2.54067199E-05
   6180.3768004242011       0.160634384       2.27168275E-05
   6182.8340075623637       0.151707470       2.14802785E-05
   6185.2912147005254       0.151714846       2.14488919E-05
   6187.7484218386871       0.153528795       2.17363668E-05
   6190.2056289768489       0.173273087       2.45116207E-05
   6192.6628361150106       0.177919284       2.51088168E-05
   6195.1200432531723       0.157519385       2.22990948E-05
   6197.5772503913340       0.154646769       2.18791811E-05
   6200.0344575294966       0.155820638       2.20507209E-05
   6202.4916646676584       0.168025896       2.37576787E-05
   6204.9488718058201       0.164676800       2.32595121E-05
   6207.4060789439818       0.150147006       2.12496125E-05
   6209.8632860821435       0.151488155       2.14507272E-05
   6212.3204932203053       0.164090335       2.31897266E-05
   6214.7777003584670       0.159937978       2.26060529E-05
   6217.2349074966296       0.155501023       2.20052552E-05
   6219.6921146347913       0.157866195       2.23241823E-05
   6222.1493217729530       0.157370508       2.22501076E-05
   6224.6065289111148       0.154766768       2.18878267E-05
   6227.0637360492765       0.152094170       2.15183136E-05
   6229.5209431874382       0.168325439       2.38437278E-05
   6231.9781503256008       0.183851719       2.59292829E-05
   6234.4353574637626       0.164092198       2.32512393E-05
   6236.8925646019243       0.180803001       2.55750547E-05
   6239.3497717400860       0.180892184       2.55535506E-05
   6241.8069788782477       0.172025666       2.43303475E-05
   6244.2641860164094       0.165858001       2.34757899E-05
   6246.7213931545721       0.172180384       2.43413724E-05
   6249.1786002927338       0.171328187       2.42409060E-05
   6251.6358074308955       0.180455461       2.55155956E-05
   6254.0930145690572       0.181943744       2.57274787E-05
   6256.5502217072190       0.179197565       2.53256694E-05
   6259.0074288453807       0.174755692       2.47491353E-05
   6261.4646359835424       0.184583157       2.60701654E-05
   6263.9218431217050       0.177314118       2.51199581E-05
   6266.3790502598667       0.209545150       2.96465587E-05
   6268.8362573980285       0.216061577       3.04985660E-05
   6271.2934645361902       0.204077005       2.88766769E-05
   6273.7506716743519       0.190538689       2.69339471E-05
   6276.2078788125136       0.195003301       2.76574028E-05
   6278.6650859506763       0.227822468       3.21597217E-05
   6281.1222930888380       0.222656369       3.15288562E-05
   6283.5795002269997       0.261874557       3.70574453E-05
   6286.0367073651614       0.270531982       3.81691716E-05
   6288.4939145033231       0.244609907       3.46378838E-05
   6290.9511216414849       0.251686275       3.56113014E-05
   6293.4083287796475       0.251841754       3.55754200E-05
   6295.8655359178092       0.244949266       3.47074674E-05
   6298.3227430559709       0.286504149       4.05320643E-05
   6300.7799501941327       0.298772126       4.21735713E-05
   6303.2371573322944       0.279781789       3.96000105E-05
   6305.6943644704561       0.278823227       3.94301169E-05
   6308.1515716086178       0.285620570       4.04300154E-05
   6310.6087787467804       0.302841216       4.27835876E-05
   6313.0659858849422       0.300014466       4.24829523E-05
   6315.5231930231039       0.339430600       4.79902519E-05
   6317.9804001612656       0.326942801       4.61535419E-05
   6320.4376072994273       0.303764641       4.30530345E-05
   6322.8948144375890       0.325551271       4.60124611E-05
   6325.3520215757508       0.325406998       4.60386327E-05
   6327.8092287139134       0.356751502       5.04890086E-05
   6330.2664358520751       0.377929986       5.33781931E-05
   6332.7236429902368       0.373712808       5.28958335E-05
   6335.1808501283986       0.391820818       5.53842219E-05
   6337.6380572665603       0.387792736       5.48488460E-05
   6340.0952644047229       0.396182656       5.60332956E-05
   6342.5524715428846       0.404272676       5.71914607E-05
   6345.0096786810464       0.432557017       6.11857831E-05
   6347.4668858192081       0.448109359       6.33176605E-05
   6349.9240929573698       0.420864582       5.94742087E-05
   6352.3813000955315       0.378246367       5.35425679E-05
   6354.8385072336932       0.375576288       5.31458390E-05
   6357.2957143718559       0.381687492       5.39768698E-05
   6359.7529215100176       0.395442933       5.59358450E-05
   6362.2101286481793       0.397985697       5.62376263E-05
   6364.6673357863410       0.388632447       5.50094119E-05
   6367.1245429245027       0.403305888       5.70028096E-05
   6369.5817500626654       0.388747901       5.49871074E-05
   6372.0389572008271       0.407725483       5.77128303E-05
   6374.4961643389888       0.419411808       5.92170400E-05
   6376.9533714771505       0.387183279       5.47975287E-05
   6379.4105786153123       0.381366283       5.39259963E-05
   6381.8677857534740       0.374051630       5.29451099E-05
   6384.3249928916357       0.403181255       5.70138254E-05
   6386.7822000297983       0.399272352       5.64174625E-05
   6389.2394071679601       0.400686294       5.67482130E-05
   6391.6966143061218       0.436827093       6.17415790E-05
   6394.1538214442835       0.443610191       6.27294648E-05
   6396.6110285824452       0.449391514       6.35382748E-05
   6399.0682357206069       0.440888494       6.23555025E-05
   6401.5254428587687       0.449630290       6.36141922E-05
   6403.9826499969313       0.455845177       6.44176325E-05
   6406.4398571350930       0.434679389       6.14725504E-05
   6408.8970642732547       0.419455618       5.93464829E-05
   6411.3542714114164       0.432119489       6.11480427E-05
   6413.8114785495782       0.441566408       6.23642845E-05
   6416.2686856877408       0.407906294       5.77333303E-05
   6418.7258928259025       0.422982723       5.98479019E-05
   6421.1830999640642       0.419300348       5.92290526E-05
   6423.6403071022260       0.405690312       5.74543155E-05
   6426.0975142403877       0.427877247       6.04624183E-05
   6428.5547213785494       0.409182847       5.78645413E-05
   6431.0119285167111       0.411926538       5.82975845E-05
   6433.4691356548738       0.423119277       5.98091210E-05
   6435.9263427930355       0.423844695       5.99567975E-05
   6438.3835499311972       0.432316363       6.11305732E-05
   6440.8407570693589       0.434240788       6.14136588E-05
   6443.2979642075206       0.440882117       6.23461019E-05
   6445.7551713456824       0.431837261       6.10393399E-05
   6448.2123784838450       0.423380673       5.99406849E-05
   6450.6695856220067       0.453953326       6.41880397E-05
   6453.1267927601684       0.455979496       6.44427855E-05
   6455.5839998983301       0.446979254       6.32375304E-05
   6458.0412070364919       0.448076278       6.33531890E-05
   6460.4984141746536       0.438971937       6.20829305E-05
   6462.9556213128162       0.443591058       6.27724803E-05
   6465.4128284509779       0.468050539       6.61780578E-05
   6467.8700355891397       0.464949757       6.57008932E-05
   6470.3272427273014       0.442989737       6.26944457E-05
   6472.7844498654631       0.465924442       6.59374491E-05
   6475.2416570036248       0.485614985       6.85891646E-05
   6477.6988641417865       0.451124489       6.38061538E-05
   6480.1560712799492       0.447849572       6.34088647E-05
   6482.6132784181109       0.476165563       6.73116665E-05
   6485.0704855562726       0.470884323       6.65568878E-05
   6487.5276926944343       0.467046857       6.61197846E-05
   6489.9848998325961       0.504317224       7.13186018E-05
   6492.4421069707587       0.522584736       7.38802628E-05
   6494.8993141089204       0.537922561       7.61023985E-05
   6497.3565212470821       0.571613610       8.08511832E-05
   6499.8137283852438       0.600667417       8.49130956E-05
   6502.2709355234056       0.605829895       8.56766783E-05
   6504.7281426615673       0.621465027       8.79100917E-05
   6507.1853497997290       0.639031589       9.03468099E-05
   6509.6425569378916       0.641984105       9.07967333E-05
   6512.0997640760534       0.658107519       9.31055038E-05
   6514.5569712142151       0.699514627       9.89468244E-05
   6517.0141783523768       0.737343371       1.04249120E-04
   6519.4713854905385       0.771683872       1.09184708E-04
   6521.9285926287002       0.829998255       1.17353651E-04
   6524.3857997668620       0.860071659       1.21635872E-04
   6526.8430069050246       0.907595217       1.28372427E-04
   6529.3002140431863       0.938596845       1.32691479E-04
   6531.7574211813480       0.969368577       1.37163588E-04
   6534.2146283195098        1.02095997       1.44311125E-04
   6536.6718354576715        1.02063680       1.44338104E-04
   6539.1290425958341        1.01605952       1.43623431E-04
   6541.5862497339958       0.950831592       1.34454720E-04
   6544.0434568721575       0.919120789       1.30076078E-04
   6546.5006640103193       0.908543766       1.28401181E-04
   6548.9578711484810       0.851249337       1.20419820E-04
   6551.4150782866427       0.846857607       1.19869641E-04
   6553.8722854248044       0.911189377       1.28926520E-04
   6556.3294925629671        1.00746775       1.42481978E-04
   6558.7866997011288        1.05530822       1.49072002E-04
   6561.2439068392905       0.959313035       1.35527604E-04
   6563.7011139774522       0.810762763       1.14781629E-04
   6566.1583211156139       0.740676522       1.04827719E-04
   6568.6155282537766       0.712519467       1.00819794E-04
   6571.0727353919374       0.736051619       1.04134371E-04
   6573.5299425301000       0.731943071       1.03357925E-04
   6575.9871496682617       0.655586302       9.28035734E-05
   6578.4443568064235       0.663843513       9.39617385E-05
   6580.9015639445852       0.693753064       9.80936165E-05
   6583.3587710827469       0.729864657       1.03261147E-04
   6585.8159782209095       0.769616246       1.08767468E-04
   6588.2731853590703       0.742964268       1.05013954E-04
   6590.7303924972330       0.714871347       1.01176825E-04
   6593.1875996353947       0.713707268       1.00872625E-04
   6595.6448067735564       0.687227368       9.72537455E-05
   6598.1020139117181       0.703976870       9.95259397E-05
   6600.5592210498799       0.676393330       9.56357544E-05
   6603.0164281880425       0.677653134       9.59312310E-05
   6605.4736353262042       0.720016658       1.01798774E-04
   6607.9308424643659       0.729345500       1.03098428E-04
   6610.3880496025276       0.722423792       1.02205544E-04
   6612.8452567406894       0.745358884       1.05405437E-04
   6615.3024638788520       0.730850041       1.03256796E-04
   6617.7596710170128       0.667656779       9.44587955E-05
   6620.2168781551754       0.644703209       9.12276810E-05
   6622.6740852933372       0.641517937       9.07166686E-05
   6625.1312924314989       0.646785080       9.15148557E-05
   6627.5884995696606       0.675416648       9.55022115E-05
   6630.0457067078223       0.680301964       9.61786136E-05
   6632.5029138459849       0.669601679       9.46780710E-05
   6634.9601209841458       0.638871312       9.03366090E-05
   6637.4173281223084       0.627793729       8.88708746E-05
   6639.8745352604701       0.658559084       9.31018658E-05
   6642.3317423986318       0.657935679       9.30379538E-05
   6644.7889495367936       0.659758925       9.32780677E-05
   6647.2461566749553       0.614404559       8.68179559E-05
   6649.7033638131179       0.561021745       7.94439766E-05
   6652.1605709512796       0.560365915       7.92317005E-05
   6654.6177780894413       0.554629326       7.84904914E-05
   6657.0749852276031       0.592849612       8.38532651E-05
   6659.5321923657648       0.613269985       8.66941118E-05
   6661.9893995039274       0.622955322       8.81086016E-05
   6664.4466066420882       0.634578645       8.97450736E-05
   6666.9038137802509       0.647671759       9.15817509E-05
   6669.3610209184126       0.644454718       9.11268653E-05
   6671.8182280565743       0.646829844       9.15039709E-05
   6674.2754351947360       0.653286457       9.23427142E-05
   6676.7326423328977       0.620795727       8.77574057E-05
   6679.1898494710604       0.574658990       8.12882063E-05
   6681.6470566092212       0.544858217       7.70888437E-05
   6684.1042637473838       0.544130683       7.69866601E-05
   6686.5614708855455       0.555581808       7.85525990E-05
   6689.0186780237073       0.558320880       7.89730839E-05
   6691.4758851618690       0.573372066       8.10960846E-05
   6693.9330923000307       0.592562079       8.38021369E-05
   6696.3902994381933       0.600919425       8.49466378E-05
   6698.8475065763550       0.601076424       8.50612123E-05
   6701.3047137145168       0.639619768       9.04542394E-05
   6703.7619208526785       0.656684339       9.28462614E-05
   6706.2191279908402       0.673721969       9.52831033E-05
   6708.6763351290019       0.661122561       9.34076525E-05
   6711.1335422671636       0.613026083       8.67354320E-05
   6713.5907494053263       0.576308072       8.14555751E-05
   6716.0479565434880       0.522861779       7.40291871E-05
   6718.5051636816497       0.540171504       7.64318102E-05
   6720.9623708198114       0.553094864       7.81914569E-05
   6723.4195779579732       0.573253512       8.11120044E-05
   6725.8767850961358       0.588034928       8.30805075E-05
   6728.3339922342975       0.568201065       8.04042938E-05
   6730.7911993724592       0.589862525       8.34480597E-05
   6733.2484065106210       0.620152533       8.77039711E-05
   6735.7056136487827       0.642472088       9.08226575E-05
   6738.1628207869444       0.646982074       9.15370038E-05
   6740.6200279251061       0.685786128       9.69765169E-05
   6743.0772350632687       0.668978810       9.44728308E-05
   6745.5344422014305       0.597397745       8.45685208E-05
   6747.9916493395922       0.597630680       8.45859540E-05
   6750.4488564777539       0.615153074       8.69667128E-05
   6752.9060636159156       0.636084914       9.00219020E-05
   6755.3632707540773       0.679213941       9.59886165E-05
   6757.8204778922391       0.663822889       9.38598678E-05
   6760.2776850304017       0.672733843       9.52190167E-05
   6762.7348921685634       0.710311055       1.00418270E-04
   6765.1920993067251       0.726400912       1.02737540E-04
   6767.6493064448869       0.749578953       1.06008061E-04
   6770.1065135830486       0.775157928       1.09637687E-04
   6772.5637207212112       0.792895913       1.12062859E-04
   6775.0209278593729       0.756746888       1.06992149E-04
   6777.4781349975347       0.715040267       1.01122641E-04
   6779.9353421356964       0.661366880       9.35261851E-05
   6782.3925492738581       0.629799545       8.91504824E-05
   6784.8497564120198       0.640771806       9.06070200E-05
   6787.3069635501815       0.643495381       9.10338640E-05
   6789.7641706883442       0.681747258       9.64435676E-05
   6792.2213778265059       0.698186994       9.86411906E-05
   6794.6785849646676       0.681149244       9.64126448E-05
   6797.1357921028293       0.721677482       1.02053469E-04
   6799.5929992409910       0.721015215       1.01900878E-04
   6802.0502063791528       0.711387634       1.00669116E-04
   6804.5074135173145       0.728701413       1.03031700E-04
   6806.9646206554771       0.739804924       1.04661944E-04
   6809.4218277936388       0.768699467       1.08671964E-04
   6811.8790349318006       0.751483798       1.06224805E-04
   6814.3362420699623       0.723585308       1.02374033E-04
   6816.7934492081240       0.731154919       1.03454811E-04
   6819.2506563462866       0.774946392       1.09603461E-04
   6821.7078634844484       0.790862083       1.11755740E-04
   6824.1650706226101       0.769471645       1.08876025E-04
   6826.6222777607718       0.793978930       1.12287584E-04
   6829.0794848989335       0.780785322       1.10341949E-04
   6831.5366920370961       0.766204119       1.08486674E-04
   6833.9938991752570       0.818191528       1.15669056E-04
   6836.4511063134196       0.823017120       1.16378367E-04
   6838.9083134515813       0.844703197       1.19483499E-04
   6841.3655205897430       0.845818579       1.19541874E-04
   6843.8227277279047       0.828187287       1.17180716E-04
   6846.2799348660665       0.822160721       1.16178140E-04
   6848.7371420042291       0.757146895       1.07111300E-04
   6851.1943491423908       0.752440631       1.06500469E-04
   6853.6515562805525       0.765228808       1.08159380E-04
   6856.1087634187143       0.777498722       1.10081251E-04
   6858.5659705568760       0.864759088       1.22279234E-04
   6861.0231776950377       0.880810976       1.24412123E-04
   6863.4803848331994       0.803905547       1.13642353E-04
   6865.9375919713621       0.709202588       1.00366757E-04
   6868.3947991095238       0.686504543       9.72088528E-05
   6870.8520062476855       0.722674668       1.02196180E-04
   6873.3092133858472       0.766017914       1.08406632E-04
   6875.7664205240089       0.857735932       1.21313045E-04
   6878.2236276621707       0.906241536       1.28035201E-04
   6880.6808348003324       0.858827651       1.21380290E-04
   6883.1380419384950       0.803386629       1.13741851E-04
   6885.5952490766567       0.829292774       1.17286698E-04
   6888.0524562148184       0.830222309       1.17380798E-04
   6890.5096633529802       0.847383857       1.19912496E-04
   6892.9668704911419       0.878154695       1.24095895E-04
   6895.4240776293036       0.838343322       1.18526630E-04
   6897.8812847674662       0.808586836       1.14438335E-04
   6900.3384919056280       0.844216108       1.19456432E-04
   6902.7956990437897       0.905880451       1.28091997E-04
   6905.2529061819514       0.943648696       1.33440044E-04
   6907.7101133201131       0.977346599       1.38201649E-04
   6910.1673204582748       0.967049718       1.36650808E-04
   6912.6245275964375       0.901112854       1.27467443E-04
   6915.0817347345992       0.870550394       1.23164471E-04
   6917.5389418727609       0.874590218       1.23739068E-04
   6919.9961490109226       0.918405950       1.29910361E-04
   6922.4533561490844       0.967275321       1.36793300E-04
   6924.9105632872470        1.01937914       1.44176811E-04
   6927.3677704254078        1.06937182       1.51210887E-04
   6929.8249775635704        1.09656501       1.55052316E-04
   6932.2821847017321        1.11087120       1.57094182E-04
   6934.7393918398939        1.10835862       1.56719121E-04
   6937.1965989780556        1.13424206       1.60581389E-04
   6939.6538061162173        1.27384412       1.80182891E-04
   6942.1110132543799        1.36477363       1.92888430E-04
   6944.5682203925408        1.38875473       1.96390436E-04
   6947.0254275307034        1.40097523       1.98078589E-04
   6949.4826346688651        1.35637403       1.91737185E-04
   6951.9398418070268        1.29859149       1.83768250E-04
   6954.3970489451885        1.31576800       1.86070421E-04
   6956.8542560833503        1.31245244       1.85635305E-04
   6959.3114632215129        1.37256789       1.94219770E-04
   6961.7686703596746        1.44002914       2.03510688E-04
   6964.2258774978363        1.42710888       2.01842951E-04
   6966.6830846359981        1.44096017       2.03804069E-04
   6969.1402917741598        1.47137332       2.08132347E-04
   6971.5974989123215        1.51986277       2.14876622E-04
   6974.0547060504832        1.50900698       2.13392763E-04
   6976.5119131886458        1.53082013       2.16566434E-04
   6978.9691203268076        1.55854976       2.20317495E-04
   6981.4263274649693        1.53881896       2.17653273E-04
   6983.8835346031310        1.54917574       2.19094800E-04
   6986.3407417412927        1.54327714       2.18205707E-04
   6988.7979488794554        1.52044356       2.15046835E-04
   6991.2551560176171        1.52013886       2.15012566E-04
   6993.7123631557788        1.53760326       2.17445398E-04
   6996.1695702939405        1.54497290       2.18489135E-04
   6998.6267774321022        1.57582068       2.22948685E-04
   7001.0839845702640        1.65914392       2.34614927E-04
   7003.5411917084257        1.68132722       2.37690270E-04
   7005.9983988465883        1.71387506       2.42546317E-04
   7008.4556059847500        1.80154872       2.54622835E-04
   7010.9128131229118        1.78127217       2.51952151E-04
   7013.3700202610735        1.84489405       2.60999775E-04
   7015.8272273992352        1.89026666       2.67167139E-04
   7018.2844345373978        1.86206448       2.63379421E-04
   7020.7416416755586        1.88710582       2.66974967E-04
   7023.1988488137213        1.98083448       2.80200446E-04
   7025.6560559518830        2.10170293       2.97252147E-04
   7028.1132630900447        2.24949813       3.18200095E-04
   7030.5704702282064        2.39174628       3.38116079E-04
   7033.0276773663682        2.43012333       3.43623251E-04
   7035.4848845045308        2.45902944       3.47771274E-04
   7037.9420916426916        2.49383759       3.52737930E-04
   7040.3992987808542        2.59084511       3.66448658E-04
   7042.8565059190159        2.63249493       3.72074224E-04
   7045.3137130571777        2.56858039       3.63235798E-04
   7047.7709201953394        2.38128209       3.36301135E-04
   7050.2281273335011        1.90421748       2.69416429E-04
   7052.6853344716637        1.46650827       2.07572419E-04
   7055.1425416098255        1.09427702       1.55236965E-04
   7057.5997487479872       0.989655674       1.40113218E-04
   7060.0569558861489       0.928283572       1.31346475E-04
   7062.5141630243106       0.950481951       1.34464921E-04
   7064.9713701624732       0.963522434       1.36273316E-04
   7067.4285773006350        1.02275264       1.44684542E-04
   7069.8857844387967        1.05778694       1.49519008E-04
   7072.3429915769584        1.08514333       1.53556597E-04
   7074.8001987151201        1.16622579       1.64931349E-04
   7077.2574058532819        1.20109296       1.69740102E-04
   7079.7146129914436        1.18529117       1.67673512E-04
   7082.1718201296062        1.17114723       1.65481761E-04
   7084.6290272677679        1.04934609       1.48376013E-04
   7087.0862344059296       0.939056814       1.32856774E-04
   7089.5434415440914       0.852918029       1.20701792E-04
   7092.0006486822531       0.854983628       1.21031117E-04
   7094.4578558204148       0.886882901       1.25341743E-04
   7096.9150629585765       0.878622770       1.24282757E-04
   7099.3722700967392       0.885961473       1.25287406E-04
   7101.8294772349009       0.909332156       1.28695290E-04
   7104.2866843730626       0.986742735       1.39524083E-04
   7106.7438915112243        1.02418315       1.44831472E-04
   7109.2010986493860        1.07315111       1.51761327E-04
   7111.6583057875478        1.07664549       1.52200198E-04
   7114.1155129257095        1.11404490       1.57733375E-04
   7116.5727200638721        1.19344270       1.68558225E-04
   7119.0299272020338        1.11633372       1.57852206E-04
   7121.4871343401956        1.05286551       1.48876337E-04
   7123.9443414783573       0.942453861       1.33264344E-04
   7126.4015486165190       0.854189992       1.20891491E-04
   7128.8587557546816       0.823430896       1.16541058E-04
   7131.3159628928424       0.853973806       1.20771379E-04
   7133.7731700310051       0.850358129       1.20184821E-04
   7136.2303771691668       0.821459174       1.16238458E-04
   7138.6875843073285       0.877529085       1.24229395E-04
   7141.1447914454911       0.929070473       1.31178153E-04
   7143.6019985836519       0.904418051       1.28097585E-04
   7146.0592057218146       0.977512836       1.38102638E-04
   7148.5164128599763       0.944424152       1.33640628E-04
   7150.9736199981380        1.00377727       1.41953889E-04
   7153.4308271362997       0.998332441       1.41142096E-04
   7155.8880342744615        1.02058554       1.44368867E-04
   7158.3452414126241       0.999886811       1.41287397E-04
   7160.8024485507858       0.956396520       1.35353330E-04
   7163.2596556889475       0.964419127       1.36387389E-04
   7165.7168628271093       0.964531898       1.36389834E-04
   7168.1740699652710       0.954140067       1.34931674E-04
   7170.6312771034327       0.954450071       1.35030030E-04
   7173.0884842415944       0.997786820       1.41179145E-04
   7175.5456913797570        1.09023666       1.54208683E-04
   7178.0028985179188        1.12801838       1.59348696E-04
   7180.4601056560805        1.11143517       1.57344359E-04
   7182.9173127942422        1.17111647       1.65504069E-04
   7185.3745199324039        1.15356970       1.63218720E-04
   7187.8317270705656        1.20819485       1.70855405E-04
   7190.2889342087274        1.23110676       1.74099870E-04
   7192.7461413468900        1.21319747       1.71361899E-04
   7195.2033484850517        1.09517074       1.55045709E-04
   7197.6605556232134        1.08624125       1.53561225E-04
   7200.1177627613752        1.03992057       1.47221872E-04
   7202.5749698995369        1.12361383       1.58902229E-04
   7205.0321770376986        1.15662420       1.63604447E-04
   7207.4893841758603        1.24835134       1.76535192E-04
   7209.9465913140230        1.26920009       1.79431110E-04
   7212.4037984521847        1.30438912       1.84535325E-04
   7214.8610055903464        1.35692477       1.91902232E-04
   7217.3182127285090        1.40715337       1.98953800E-04
   7219.7754198666698        1.41964996       2.00782946E-04
   7222.2326270048325        1.45109355       2.05217133E-04
   7224.6898341429942        1.48400199       2.09903534E-04
   7227.1470412811559        1.50030470       2.11992505E-04
   7229.6042484193176        1.39357793       1.97132715E-04
   7232.0614555574793        1.41819668       2.00820723E-04
   7234.5186626956420        1.53076160       2.16373082E-04
   7236.9758698338028        1.58052206       2.23576048E-04
   7239.4330769719654        1.67451239       2.36830005E-04
   7241.8902841101271        1.75984693       2.48888944E-04
   7244.3474912482889        1.85265505       2.62001820E-04
   7246.8046983864506        1.91486084       2.70755903E-04
   7249.2619055246123        1.95729387       2.76801031E-04
   7251.7191126627749        1.98780417       2.81153159E-04
   7254.1763198009367        2.10843205       2.98361701E-04
   7256.6335269390984        2.22081709       3.13775730E-04
   7259.0907340772601        2.22386694       3.14742065E-04
   7261.5479412154218        2.32148933       3.28062684E-04
   7264.0051483535835        2.28696465       3.23641580E-04
   7266.4623554917453        2.37948513       3.36253608E-04
   7268.9195626299079        2.21963716       3.13881523E-04
   7271.3767697680696        2.20353675       3.11868353E-04
   7273.8339769062313        2.21347618       3.12895572E-04
   7276.2911840443930        2.24880290       3.18288890E-04
   7278.7483911825548        2.40106940       3.39533814E-04
   7281.2055983207165        2.53076887       3.57933313E-04
   7283.6628054588782        2.62128258       3.70516413E-04
   7286.1200125970408        2.60512614       3.68504581E-04
   7288.5772197352026        2.69896436       3.81822640E-04
   7291.0344268733643        2.83428955       4.00846533E-04
   7293.4916340115260        2.99907303       4.24203899E-04
   7295.9488411496877        3.15303302       4.45777812E-04
   7298.4060482878504        3.18737125       4.50670283E-04
   7300.8632554260121        3.24887156       4.59724892E-04
   7303.3204625641738        3.44399190       4.86976554E-04
   7305.7776697023355        3.53516722       4.99910326E-04
   7308.2348768404972        3.65511036       5.17016626E-04
   7310.6920839786590        3.80480623       5.38041757E-04
   7313.1492911168207        3.90873837       5.52773417E-04
   7315.6064982549833        4.07275677       5.76170278E-04
   7318.0637053931450        4.23442602       5.98480052E-04
   7320.5209125313067        4.20594072       5.94984100E-04
   7322.9781196694685        4.31080914       6.09547715E-04
   7325.4353268076302        4.27258110       6.04164030E-04
   7327.8925339457928        4.29929686       6.08201546E-04
   7330.3497410839536        4.42225075       6.25561108E-04
   7332.8069482221163        4.71521330       6.67025510E-04
   7335.2641553602780        4.92984819       6.96679926E-04
   7337.7213624984397        4.82569838       6.82417944E-04
   7340.1785696366014        4.76196671       6.73448434E-04
   7342.6357767747631        4.60919142       6.51713053E-04
   7345.0929839129258        4.57010126       6.46836183E-04
   7347.5501910510866        4.72303247       6.67572895E-04
   7350.0073981892492        4.65926075       6.59088953E-04
   7352.4646053274109        4.74728155       6.71303249E-04
   7354.9218124655727        4.72780800       6.68684137E-04
   7357.3790196037344        4.90597582       6.94114540E-04
   7359.8362267418961        5.11612701       7.23315752E-04
   7362.2934338800587        5.27425432       7.46057834E-04
   7364.7506410182204        5.41061497       7.64868048E-04
   7367.2078481563822        5.44799566       7.70694925E-04
   7369.6650552945439        5.46701956       7.72544765E-04
   7372.1222624327056        5.20855427       7.37037510E-04
   7374.5794695708682        5.24257421       7.41244992E-04
   7377.0366767090300        5.14846945       7.28429062E-04
   7379.4938838471917        5.35940504       7.57957925E-04
   7381.9510909853534        5.44372892       7.69843580E-04
   7384.4082981235151        5.59518623       7.91165861E-04
   7386.8655052616768        5.51746702       7.80047092E-04
   7389.3227123998386        5.41206980       7.65449600E-04
   7391.7799195380012        5.26426077       7.44412071E-04
   7394.2371266761629        5.22408581       7.39181472E-04
   7396.6943338143246        5.35700607       7.57502043E-04
   7399.1515409524864        5.39723396       7.63157674E-04
   7401.6087480906481        5.29988861       7.49305822E-04
   7404.0659552288098        5.20122862       7.35982554E-04
   7406.5231623669715        5.33308458       7.54099397E-04
   7408.9803695051341        5.36486006       7.58796872E-04
   7411.4375766432959        5.44918203       7.70375656E-04
   7413.8947837814576        5.25628042       7.43143435E-04
   7416.3519909196193        5.09011984       7.20149023E-04
   7418.8091980577810        5.09741402       7.21043907E-04
   7421.2664051959437        5.25266409       7.42999837E-04
   7423.7236123341045        5.41122627       7.65039527E-04
   7426.1808194722671        5.41593122       7.65862875E-04
   7428.6380266104288        5.38781166       7.61878735E-04
   7431.0952337485905        5.26117754       7.43825396E-04
   7433.5524408867523        5.02095079       7.10222055E-04
   7436.0096480249140        5.06091785       7.16222450E-04
   7438.4668551630766        5.14228296       7.26477650E-04
   7440.9240623012374        4.89212465       6.92397472E-04
   7443.3812694394001        5.06146193       7.15815288E-04
   7445.8384765775618        5.09232092       7.20114505E-04
   7448.2956837157235        5.18571663       7.33334804E-04
   7450.7528908538861        5.13840532       7.26532890E-04
   7453.2100979920478        5.09307337       7.20397162E-04
   7455.6673051302096        5.15432835       7.29136402E-04
   7458.1245122683713        5.26000166       7.43567361E-04
   7460.5817194065330        5.20882273       7.36880815E-04
   7463.0389265446947        5.32119131       7.52367836E-04
   7465.4961336828565        5.27517748       7.46135251E-04
   7467.9533408210191        5.41404486       7.65726436E-04
   7470.4105479591808        5.38750124       7.61532458E-04
   7472.8677550973425        5.31662321       7.52321386E-04
   7475.3249622355042        5.47292757       7.73872889E-04
   7477.7821693736660        5.46024227       7.72023690E-04
   7480.2393765118277        5.47389984       7.74457993E-04
   7482.6965836499894        5.62788820       7.95711007E-04
   7485.1537907881520        5.60062122       7.91943225E-04
   7487.6109979263138        5.57920599       7.89102749E-04
   7490.0682050644755        5.55803871       7.85925542E-04
   7492.5254122026372        5.54109478       7.83894153E-04
   7494.9826193407989        5.75115347       8.13518884E-04
   7497.4398264789606        5.90995741       8.35409737E-04
   7499.8970336171224        5.89756680       8.34243430E-04
   7502.3542407552850        6.01020527       8.49866890E-04
   7504.8114478934467        6.00073051       8.48603726E-04
   7507.2686550316084        6.03967190       8.54184967E-04
   7509.7258621697702        6.02861500       8.52440717E-04
   7512.1830693079319        5.99509811       8.47922871E-04
   7514.6402764460936        5.96788073       8.43879767E-04
   7517.0974835842553        5.92908525       8.38644803E-04
   7519.5546907224179        5.94540739       8.40716180E-04
   7522.0118978605797        5.95040607       8.41669505E-04
   7524.4691049987414        5.98528767       8.46237119E-04
   7526.9263121369040        5.99574327       8.48356867E-04
   7529.3835192750648        6.22154665       8.79604020E-04
   7531.8407264132275        6.26201963       8.85811634E-04
   7534.2979335513892        6.53280878       9.23890213E-04
   7536.7551406895509        6.63761091       9.38525656E-04
   7539.2123478277126        6.76118422       9.56285861E-04
   7541.6695549658743        6.78680563       9.59435478E-04
   7544.1267621040370        6.67814732       9.44585539E-04
   7546.5839692421978        6.64627123       9.39861115E-04
   7549.0411763803604        6.58869743       9.31894057E-04
   7551.4983835185221        6.64922142       9.40471014E-04
   7553.9555906566839        6.75665569       9.55533702E-04
   7556.4127977948456        6.84434414       9.67798522E-04
   7558.8700049330073        6.75560570       9.55124502E-04
   7561.3272120711699        6.61363268       9.35590419E-04
   7563.7844192093316        6.63137007       9.37713368E-04
   7566.2416263474934        6.52196646       9.22313659E-04
   7568.6988334856551        6.56733608       9.29229311E-04
   7571.1560406238168        6.79395580       9.60561854E-04
   7573.6132477619785        6.81859493       9.64251696E-04
   7576.0704549001402        6.88907146       9.74370865E-04
   7578.5276620383029        6.96291924       9.84524144E-04
   7580.9848691764637        6.82071733       9.64118692E-04
   7583.4420763146263        6.30072355       8.90568423E-04
   7585.8992834527880        5.36382389       7.58255832E-04
   7588.3564905909498        4.36232758       6.17891201E-04
   7590.8136977291124        3.87817645       5.48627228E-04
   7593.2709048672732        3.30109477       4.66766389E-04
   7595.7281120054358        2.80009913       3.96481337E-04
   7598.1853191435976        2.48028588       3.50794522E-04
   7600.6425262817593        2.28831172       3.24143708E-04
   7603.0997334199219        2.42327762       3.42802581E-04
   7605.5569405580827        2.59964681       3.67882458E-04
   7608.0141476962453        3.01720881       4.27139865E-04
   7610.4713548344071        3.60900354       5.10551152E-04
   7612.9285619725688        4.12279320       5.82876150E-04
   7615.3857691107305        4.44717693       6.28768874E-04
   7617.8429762488922        4.43018627       6.25537126E-04
   7620.3001833870549        3.76045346       5.31723374E-04
   7622.7573905252157        3.14582682       4.45285870E-04
   7625.2145976633783        2.68866134       3.80503334E-04
   7627.6718048015400        2.42019463       3.42498359E-04
   7630.1290119397017        2.28283548       3.23049026E-04
   7632.5862190778635        2.32505631       3.28970345E-04
   7635.0434262160252        2.39469719       3.38526501E-04
   7637.5006333541878        2.35866904       3.33471602E-04
   7639.9578404923486        2.31124282       3.26987531E-04
   7642.4150476305113        2.32740164       3.29078088E-04
   7644.8722547686730        2.29824042       3.25054076E-04
   7647.3294619068347        2.27412987       3.21426312E-04
   7649.7866690449964        2.06448317       2.91823118E-04
   7652.2438761831581        1.87883031       2.65984185E-04
   7654.7010833213208        1.77915633       2.51367921E-04
   7657.1582904594816        1.49454498       2.11364066E-04
   7659.6154975976442        1.28489101       1.81991956E-04
   7662.0727047358059        1.20359516       1.70266430E-04
   7664.5299118739676        1.23041892       1.74332818E-04
   7666.9871190121294        1.45095193       2.05254692E-04
   7669.4443261502911        1.61990547       2.29028374E-04
   7671.9015332884537        1.75013328       2.47516437E-04
   7674.3587404266145        1.87254965       2.64834584E-04
   7676.8159475647772        1.96904278       2.78358406E-04
   7679.2731547029389        1.99627864       2.82338966E-04
   7681.7303618411006        2.03823924       2.88189913E-04
   7684.1875689792632        2.01681042       2.85191054E-04
   7686.6447761174240        1.99658191       2.82315974E-04
   7689.1019832555867        1.88366854       2.66201940E-04
   7691.5591903937484        1.69006753       2.39091431E-04
   7694.0163975319101        1.54544675       2.18602974E-04
   7696.4736046700727        1.44846988       2.05014192E-04
   7698.9308118082336        1.51980317       2.15214197E-04
   7701.3880189463962        1.76604187       2.49899284E-04
   7703.8452260845579        1.99696159       2.82283814E-04
   7706.3024332227196        2.14468241       3.03385255E-04
   7708.7596403608813        2.31777024       3.27717804E-04
   7711.2168474990431        2.43110633       3.43869877E-04
   7713.6740546372057        2.58766818       3.65925167E-04
   7716.1312617753665        2.66944718       3.77469696E-04
   7718.5884689135291        2.78513789       3.94034083E-04
   7721.0456760516909        2.95029855       4.17191070E-04
   7723.5028831898526        3.09361434       4.37595852E-04
   7725.9600903280143        3.29056311       4.65363526E-04
   7728.4172974661760        3.41353393       4.82569740E-04
   7730.8745046043387        3.44126439       4.86713427E-04
   7733.3317117424995        3.53428817       4.99934540E-04
   7735.7889188806621        3.65018749       5.16085478E-04
   7738.2461260188238        3.60676599       5.09777805E-04
   7740.7033331569855        3.38199067       4.78241593E-04
   7743.1605402951473        3.19398713       4.51863103E-04
   7745.6177474333090        3.07708192       4.35110967E-04
   7748.0749545714716        2.94868326       4.17145493E-04
   7750.5321617096324        2.97022247       4.20263648E-04
   7752.9893688477950        3.08643556       4.36448900E-04
   7755.4465759859568        3.13103151       4.42669523E-04
   7757.9037831241185        3.12966800       4.42717603E-04
   7760.3609902622811        3.23977709       4.58282768E-04
   7762.8181974004419        3.35452366       4.74312255E-04
   7765.2754045386046        3.44958878       4.87960584E-04
   7767.7326116767663        3.57491922       5.05452394E-04
   7770.1898188149280        3.62908673       5.13323408E-04
   7772.6470259530906        3.76123071       5.31875528E-04
   7775.1042330912514        3.72941566       5.27045282E-04
   7777.5614402294141        3.53348112       4.99853282E-04
   7780.0186473675749        3.49006271       4.93760686E-04
   7782.4758545057375        3.53679872       5.00193157E-04
   7784.9330616438992        3.61290359       5.11035440E-04
   7787.3902687820610        3.71615243       5.25434909E-04
   7789.8474759202236        3.70370388       5.23670693E-04
   7792.3046830583844        3.67189574       5.19349647E-04
   7794.7618901965470        3.62606215       5.12652041E-04
   7797.2190973347087        3.57135534       5.05425211E-04
   7799.6763044728705        3.83844614       5.43206406E-04
   7802.1335116110322        4.23285770       5.98619692E-04
   7804.5907187491939        4.57762766       6.47338980E-04
   7807.0479258873565        4.80845785       6.79830438E-04
   7809.5051330255174        4.92845249       6.96997333E-04
   7811.9623401636800        5.01380396       7.08885491E-04
   7814.4195473018417        4.95860434       7.01129669E-04
   7816.8767544400034        4.82253838       6.81896636E-04
   7819.3339615781651        4.63402176       6.55402662E-04
   7821.7911687163269        4.47700310       6.33081538E-04
   7824.2483758544895        4.28584051       6.06200541E-04
   7826.7055829926503        4.19817019       5.93804114E-04
   7829.1627901308129        4.15202904       5.87271468E-04
   7831.6199972689747        4.24331570       6.00365864E-04
   7834.0772044071364        4.44737387       6.28863461E-04
   7836.5344115452981        4.52437687       6.39682985E-04
   7838.9916186834598        4.55480814       6.44299551E-04
   7841.4488258216224        4.70347309       6.65264262E-04
   7843.9060329597842        4.83891726       6.84140134E-04
   7846.3632400979459        4.81914282       6.81446865E-04
   7848.8204472361076        4.86238766       6.87951804E-04
   7851.2776543742693        4.99527979       7.06104387E-04
   7853.7348615124320        4.87915325       6.90037676E-04
   7856.1920686505928        4.93483400       6.98172895E-04
   7858.6492757887554        4.95216751       6.99771976E-04
   7861.1064829269171        4.67897892       6.61907252E-04
   7863.5636900650788        4.64311266       6.56857621E-04
   7866.0208972032406        4.62234974       6.53512485E-04
   7868.4781043414023        4.59739256       6.50459144E-04
   7870.9353114795649        4.71705532       6.67065207E-04
   7873.3925186177257        4.87655449       6.89948210E-04
   7875.8497257558884        5.15926933       7.29440944E-04
   7878.3069328940501        5.28068304       7.46879785E-04
   7880.7641400322118        5.49101734       7.76504457E-04
   7883.2213471703744        5.55560350       7.85513199E-04
   7885.6785543085352        5.61411285       7.94125430E-04
   7888.1357614466979        5.71526337       8.08099227E-04
   7890.5929685848587        5.63780308       7.96996232E-04
   7893.0501757230213        5.40012646       7.63745047E-04
   7895.5073828611830        5.23595142       7.40523392E-04
   7897.9645899993448        5.08780146       7.19621778E-04
   7900.4217971375074        5.11060429       7.23045145E-04
   7902.8790042756682        5.17761612       7.31816399E-04
   7905.3362114138308        4.96346235       7.01825717E-04
   7907.7934185519925        4.71717787       6.67131157E-04
   7910.2506256901543        4.56699133       6.46234315E-04
   7912.7078328283160        4.64360571       6.56771590E-04
   7915.1650399664777        4.80129862       6.79238641E-04
   7917.6222471046403        4.92969894       6.96576026E-04
   7920.0794542428021        4.80845451       6.80579455E-04
   7922.5366613809638        5.10981417       7.22623488E-04
   7924.9938685191255        5.22037029       7.38211500E-04
   7927.4510756572872        5.43622112       7.68943224E-04
   7929.9082827954498        5.59833288       7.91557366E-04
   7932.3654899336107        5.66197205       8.00540147E-04
   7934.8226970717733        5.54593897       7.84110220E-04
   7937.2799042099350        5.26272392       7.43956422E-04
   7939.7371113480967        4.89014530       6.92035072E-04
   7942.1943184862585        4.87462139       6.89464039E-04
   7944.6515256244202        4.78544950       6.76728203E-04
   7947.1087327625828        4.93904543       6.99279306E-04
   7949.5659399007436        5.51366901       7.79818278E-04
   7952.0231470389062        5.89609289       8.33398080E-04
   7954.4803541770680        5.96010637       8.42633774E-04
   7956.9375613152297        5.83785677       8.25432537E-04
   7959.3947684533914        5.74037600       8.12240178E-04
   7961.8519755915531        5.93818617       8.39903892E-04
   7964.3091827297158        6.12993431       8.66880815E-04
   7966.7663898678766        6.32010031       8.93765478E-04
   7969.2235970060392        6.36633015       8.99902836E-04
   7971.6808041442009        6.07493544       8.58849497E-04
   7974.1380112823626        5.78794527       8.19016597E-04
   7976.5952184205253        5.73614740       8.11005360E-04
   7979.0524255586861        5.54485750       7.84352538E-04
   7981.5096326968487        5.61112118       7.93759245E-04
   7983.9668398350095        5.62828493       7.95601984E-04
   7986.4240469731722        5.56285620       7.87059544E-04
   7988.8812541113339        5.71494579       8.08255922E-04
   7991.3384612494956        5.86682653       8.29743920E-04
   7993.7956683876582        6.02277136       8.51684832E-04
   7996.2528755258199        6.17988729       8.74182035E-04
   7998.7100826639817        6.42414856       9.08409944E-04
   8001.1672898021434        6.64394426       9.39926598E-04
   8003.6244969403051        7.02059841       9.92589281E-04
   8006.0817040784677        7.05744839       9.97896190E-04
   8008.5389112166285        7.22807598       1.02266017E-03
   8010.9961183547912        7.42434835       1.04942464E-03
   8013.4533254929529        7.46527672       1.05632690E-03
   8015.9105326311146        7.81581640       1.10513950E-03
   8018.3677397692763        8.00369644       1.13205716E-03
   8020.8249469074381        8.27251911       1.16966991E-03
   8023.2821540456007        8.38896179       1.18667749E-03
   8025.7393611837615        8.72793770       1.23428751E-03
   8028.1965683219241        9.04819012       1.28006423E-03
   8030.6537754600859        9.59593868       1.35664036E-03
   8033.1109825982476        9.60254097      -1.35800405E-03
