   5529.2169088113069        3.54314819E-02   5.09950041E-06
   5531.6741159494686        3.52718271E-02   5.02212606E-06
   5534.1313230876303        3.81505080E-02   5.38917175E-06
   5536.5885302257930        3.85386199E-02   5.41558211E-06
   5539.0457373639547        3.81133705E-02   5.33616685E-06
   5541.5029445021164        3.04692946E-02  -8.18536955E-06
   5543.9601516402781        5.15202358E-02  -1.90675728E-05
   5546.4173587784398        5.46450838E-02   7.19374839E-06
   5548.8745659166016        2.60146856E-02   4.60781985E-06
   5551.3317730547642        2.85249855E-02   4.49042955E-06
   5553.7889801929259        4.81065735E-02   6.88786031E-06
   5556.2461873310876        6.52190372E-02   8.52684207E-06
   5558.7033944692494        5.32331541E-02   7.89821206E-06
   5561.1606016074111        2.97982730E-02   5.92194920E-06
   5563.6178087455728        7.23007917E-02   9.35994922E-06
   5566.0750158837354        7.40551949E-02   1.03798975E-05
   5568.5322230218972        6.76818863E-02   1.12648913E-05
   5570.9894301600589       0.127287164       1.70625790E-05
   5573.4466372982206       0.140511304       1.93988126E-05
   5575.9038444363823       0.110742837       1.63207478E-05
   5578.3610515745440       0.116661586       1.64020894E-05
   5580.8182587127058       0.113984764       1.61130829E-05
   5583.2754658508684       0.114723146       1.67355211E-05
   5585.7326729890301       0.134718642       1.92700645E-05
   5588.1898801271918       0.161688671       2.17994075E-05
   5590.6470872653535       0.130486473       1.88813301E-05
   5593.1042944035153       0.114831112       1.62777269E-05
   5595.5615015416770        9.53098536E-02   1.43973839E-05
   5598.0187086798396       0.116736144       1.60443942E-05
   5600.4759158180013       0.119078621       1.66837199E-05
   5602.9331229561631       0.111547150       1.61569151E-05
   5605.3903300943248       0.121801697       1.77325855E-05
   5607.8475372324865       0.152399555       2.05251490E-05
   5610.3047443706482       0.135900706       1.91221552E-05
   5612.7619515088109       0.103235140       1.56111728E-05
   5615.2191586469726       0.117434211       1.69949999E-05
   5617.6763657851343       0.144839078       1.90019564E-05
   5620.1335729232960       0.102484353       1.57517952E-05
   5622.5907800614577       0.102043658       1.53904784E-05
   5625.0479871996195       0.143717051       1.92996667E-05
   5627.5051943377821       0.136156201       1.91492236E-05
   5629.9624014759438       0.120203763       1.76068606E-05
   5632.4196086141055       0.131048933       1.82672175E-05
   5634.8768157522672       0.132166773       1.83393986E-05
   5637.3340228904290       0.108555786       1.62839242E-05
   5639.7912300285907       0.127185687       1.76691701E-05
   5642.2484371667524       0.135327160       1.91282415E-05
   5644.7056443049150       0.139139831       1.92758998E-05
   5647.1628514430768       0.126276702       1.80876377E-05
   5649.6200585812385       0.118879825       1.71347856E-05
   5652.0772657194002       0.129573300       1.84754153E-05
   5654.5344728575619       0.145033851       2.00629584E-05
   5656.9916799957236       0.143735990       2.09438022E-05
   5659.4488871338863       0.166282728       2.28708286E-05
   5661.9060942720480       0.162467599       2.24277919E-05
   5664.3633014102097       0.113071352       1.74958077E-05
   5666.8205085483714       0.130406350       1.78847640E-05
   5669.2777156865332       0.128861040       1.82782096E-05
   5671.7349228246949       0.122454770       1.74849210E-05
   5674.1921299628575       0.126651645       1.81312771E-05
   5676.6493371010192       0.141881391       2.04214575E-05
   5679.1065442391809       0.168155044       2.23170064E-05
   5681.5637513773427       0.129733041       1.96465626E-05
   5684.0209585155044       0.135997847       1.97417376E-05
   5686.4781656536661       0.166576087       2.24040650E-05
   5688.9353727918278       0.137390554       2.06141358E-05
   5691.3925799299905       0.159948826       2.25171389E-05
   5693.8497870681522       0.181082383       2.51684633E-05
   5696.3069942063139       0.180089578       2.58630607E-05
   5698.7642013444756       0.196347773       2.75252423E-05
   5701.2214084826373       0.203705281       2.84838061E-05
   5703.6786156207991       0.193578064       2.79457472E-05
   5706.1358227589617       0.207371444       2.85013575E-05
   5708.5930298971234       0.187062740       2.71474237E-05
   5711.0502370352851       0.189953014       2.66591742E-05
   5713.5074441734469       0.189412713       2.65171693E-05
   5715.9646513116086       0.167966738       2.44623679E-05
   5718.4218584497703       0.178945214       2.47662501E-05
   5720.8790655879329       0.168094784       2.40849131E-05
   5723.3362727260946       0.165427342       2.31954327E-05
   5725.7934798642564       0.158851132       2.31261183E-05
   5728.2506870024181       0.176678032       2.41914477E-05
   5730.7078941405798       0.166158020       2.38854100E-05
   5733.1651012787415       0.160624370       2.25870699E-05
   5735.6223084169033       0.156999364       2.23541883E-05
   5738.0795155550659       0.151357219       2.23528768E-05
   5740.5367226932276       0.187572524       2.54100833E-05
   5742.9939298313893       0.174866199       2.54473016E-05
   5745.4511369695510       0.189617500       2.63974434E-05
   5747.9083441077128       0.192204788       2.76636765E-05
   5750.3655512458745       0.212204188       2.95958598E-05
   5752.8227583840371       0.217250735       3.01160471E-05
   5755.2799655221988       0.187102571       2.69528773E-05
   5757.7371726603606       0.175594032       2.52421505E-05
   5760.1943797985223       0.184450999       2.59124863E-05
   5762.6515869366840       0.186133742       2.62673657E-05
   5765.1087940748457       0.183772519       2.60211509E-05
   5767.5660012130083       0.182285696       2.54624374E-05
   5770.0232083511701       0.165405616       2.43082850E-05
   5772.4804154893318       0.188406408       2.65233448E-05
   5774.9376226274935       0.207716331       2.85270089E-05
   5777.3948297656552       0.184475958       2.69372922E-05
   5779.8520369038170       0.197309449       2.78631287E-05
   5782.3092440419787       0.210977823       2.89451837E-05
   5784.7664511801413       0.178954840       2.63974453E-05
   5787.2236583183030       0.193950564       2.83357549E-05
   5789.6808654564647       0.246715993       3.33895841E-05
   5792.1380725946265       0.234650344       3.39283033E-05
   5794.5952797327882       0.247302726       3.47759924E-05
   5797.0524868709508       0.257815719       3.58629259E-05
   5799.5096940091125       0.231963784       3.38154969E-05
   5801.9669011472743       0.252920091       3.52446077E-05
   5804.4241082854360       0.252089769       3.49587863E-05
   5806.8813154235977       0.213278100       3.09275747E-05
   5809.3385225617594       0.201046795       2.88338033E-05
   5811.7957296999211       0.210879028       2.92965742E-05
   5814.2529368380838       0.194468364       2.81065586E-05
   5816.7101439762455       0.204085901       2.88750434E-05
   5819.1673511144072       0.218407720       3.08901654E-05
   5821.6245582525689       0.230428860       3.18058883E-05
   5824.0817653907307       0.207703412       2.97549104E-05
   5826.5389725288924       0.193960443       2.79326341E-05
   5828.9961796670550       0.208480522       2.96297731E-05
   5831.4533868052167       0.228056386       3.15022553E-05
   5833.9105939433784       0.216216788       3.08548442E-05
   5836.3678010815402       0.210520968       3.01863111E-05
   5838.8250082197019       0.225300759       3.08095150E-05
   5841.2822153578636       0.190451920       2.81955236E-05
   5843.7394224960262       0.205783427       2.83119607E-05
   5846.1966296341880       0.194718599       2.74373178E-05
   5848.6538367723497       0.161479786       2.32020684E-05
   5851.1110439105114       0.147307307       2.11074421E-05
   5853.5682510486731       0.142092243       2.06840959E-05
   5856.0254581868348       0.163765788       2.22911913E-05
   5858.4826653249966       0.147683844       2.15281943E-05
   5860.9398724631592       0.156715602       2.23298794E-05
   5863.3970796013209       0.177032620       2.43787854E-05
   5865.8542867394826       0.165363893       2.33564024E-05
   5868.3114938776444       0.148807138       2.14940683E-05
   5870.7687010158061       0.150757670       2.05718279E-05
   5873.2259081539678       0.121101782       1.81662999E-05
   5875.6831152921304       0.128524333       1.80008101E-05
   5878.1403224302921       0.137213171       1.95142547E-05
   5880.5975295684539       0.141564533       1.97775353E-05
   5883.0547367066156       0.141463459       2.01628318E-05
   5885.5119438447773       0.139755860       2.04501721E-05
   5887.9691509829390       0.164907172       2.13430449E-05
   5890.4263581211017        8.21393803E-02   1.38704827E-05
   5892.8835652592634        6.75938800E-02   1.09535840E-05
   5895.3407723974251       0.115245059       1.55546786E-05
   5897.7979795355868       0.125581592       1.75228561E-05
   5900.2551866737485       0.121054254       1.73469052E-05
   5902.7123938119103       0.128729373       1.80762272E-05
   5905.1696009500720       0.130963594       1.85534464E-05
   5907.6268080882346       0.133987993       1.87966198E-05
   5910.0840152263963       0.131333306       1.92391290E-05
   5912.5412223645581       0.156845734       2.14067459E-05
   5914.9984295027198       0.150325909       2.12607611E-05
   5917.4556366408815       0.134857133       1.99439910E-05
   5919.9128437790432       0.157363951       2.08536640E-05
   5922.3700509172058       0.118674509       1.82039166E-05
   5924.8272580553676       0.131692901       1.92897533E-05
   5927.2844651935293       0.171816021       2.29537727E-05
   5929.7416723316910       0.147229061       2.19541416E-05
   5932.1988794698527       0.168168098       2.29386278E-05
   5934.6560866080144       0.159300715       2.27601777E-05
   5937.1132937461771       0.147821754       2.10610797E-05
   5939.5705008843388       0.150438800       2.14312367E-05
   5942.0277080225005       0.155510873       2.18153764E-05
   5944.4849151606622       0.156364277       2.20816055E-05
   5946.9421222988240       0.150885433       2.17416982E-05
   5949.3993294369857       0.162537396       2.20650454E-05
   5951.8565365751474       0.131007403       2.02962146E-05
   5954.3137437133100       0.172566757       2.35461630E-05
   5956.7709508514718       0.183232263       2.56041312E-05
   5959.2281579896335       0.163917050       2.31694939E-05
   5961.6853651277952       0.148814693       2.13327094E-05
   5964.1425722659569       0.138328910       2.07232570E-05
   5966.5997794041186       0.179063812       2.43622762E-05
   5969.0569865422813       0.179495528       2.52284535E-05
   5971.5141936804430       0.164702579       2.29601246E-05
   5973.9714008186047       0.133372635       2.04778680E-05
   5976.4286079567664       0.167405725       2.21143819E-05
   5978.8858150949281       0.142369971       2.11736988E-05
   5981.3430222330899       0.141993538       2.18812420E-05
   5983.8002293712525       0.207027867       2.66050520E-05
   5986.2574365094142       0.150524914       2.34942290E-05
   5988.7146436475759       0.175825402       2.36034302E-05
   5991.1718507857377       0.162930712       2.38714474E-05
   5993.6290579238994       0.162944436       2.36947981E-05
   5996.0862650620611       0.194702923       2.61786390E-05
   5998.5434722002228       0.152389005       2.34427971E-05
   6001.0006793383855       0.191174611       2.58356631E-05
   6003.4578864765472       0.185269564       2.64476930E-05
   6005.9150936147089       0.177641585       2.51493966E-05
   6008.3723007528706       0.177308261       2.50831563E-05
   6010.8295078910323       0.174458787       2.53342841E-05
   6013.2867150291941       0.201010108       2.75592138E-05
   6015.7439221673567       0.190786913       2.71568697E-05
   6018.2011293055184       0.181122914       2.61232344E-05
   6020.6583364436801       0.195534021       2.69446682E-05
   6023.1155435818418       0.180602759       2.66542265E-05
   6025.5727507200036       0.208141237       2.80774857E-05
   6028.0299578581653       0.185606226       2.71525423E-05
   6030.4871649963279       0.183803305       2.63736511E-05
   6032.9443721344896       0.207112879       2.86768864E-05
   6035.4015792726514       0.192976967       2.80546810E-05
   6037.8587864108131       0.213270724       2.93557496E-05
   6040.3159935489748       0.198781043       2.97476363E-05
   6042.7732006871365       0.249389514       3.34534161E-05
   6045.2304078252982       0.228365958       3.33305361E-05
   6047.6876149634609       0.239729092       3.48054928E-05
   6050.1448221016226       0.291625410       3.90883652E-05
   6052.6020292397843       0.243752331       3.60432859E-05
   6055.0592363779460       0.253218532       3.55551529E-05
   6057.5164435161078       0.262091488       3.66817840E-05
   6059.9736506542704       0.241560489       3.53787618E-05
   6062.4308577924321       0.278316379       3.82445105E-05
   6064.8880649305938       0.265628219       3.71036076E-05
   6067.3452720687555       0.220510080       3.27587622E-05
   6069.8024792069173       0.242774665       3.37831007E-05
   6072.2596863450790       0.249072090       3.54352742E-05
   6074.7168934832407       0.255333245       3.66852983E-05
   6077.1741006214033       0.290583998       3.98898192E-05
   6079.6313077595651       0.267743289       3.84574305E-05
   6082.0885148977268       0.268284023       3.75129748E-05
   6084.5457220358885       0.250072777       3.55270095E-05
   6087.0029291740502       0.237107649       3.48859612E-05
   6089.4601363122119       0.282530904       3.83640945E-05
   6091.9173434503737       0.264104843       3.75508534E-05
   6094.3745505885363       0.229604229       3.40049592E-05
   6096.8317577266980       0.268954188       3.64906300E-05
   6099.2889648648597       0.239252850       3.45239641E-05
   6101.7461720030215       0.231443405       3.30575713E-05
   6104.2033791411832       0.245822415       3.48281756E-05
   6106.6605862793458       0.259362221       3.53183787E-05
   6109.1177934175075       0.208825603       3.08637900E-05
   6111.5750005556692       0.206345618       3.04894238E-05
   6114.0322076938310       0.260519654       3.44268847E-05
   6116.4894148319927       0.207288772       3.07164300E-05
   6118.9466219701544       0.193285063       2.76701521E-05
   6121.4038291083161       0.207672268       2.90696025E-05
   6123.8610362464788       0.199436978       2.83872869E-05
   6126.3182433846405       0.203896582       2.89056825E-05
   6128.7754505228022       0.209541813       3.01608216E-05
   6131.2326576609639       0.238797203       3.25344045E-05
   6133.6898647991256       0.211000726       3.05663452E-05
   6136.1470719372874       0.210725427       2.99780077E-05
   6138.6042790754491       0.221865848       3.05189860E-05
   6141.0614862136117       0.193341270       2.79876622E-05
   6143.5186933517734       0.184001192       2.59438802E-05
   6145.9759004899352       0.178259626       2.54349543E-05
   6148.4331076280969       0.176318780       2.55739451E-05
   6150.8903147662586       0.203367636       2.75695402E-05
   6153.3475219044212       0.176278308       2.58516266E-05
   6155.8047290425829       0.184254915       2.55515006E-05
   6158.2619361807447       0.177154735       2.53412454E-05
   6160.7191433189064       0.175219834       2.47439984E-05
   6163.1763504570681       0.176164880       2.45683077E-05
   6165.6335575952298       0.156212837       2.26799420E-05
   6168.0907647333916       0.161286533       2.21977989E-05
   6170.5479718715542       0.141651362       2.08041456E-05
   6173.0051790097159       0.151279718       2.14561351E-05
   6175.4623861478776       0.169319987       2.36158194E-05
   6177.9195932860393       0.168255121       2.35737971E-05
   6180.3768004242011       0.159032151       2.29845264E-05
   6182.8340075623637       0.170526266       2.44092316E-05
   6185.2912147005254       0.194387287       2.62931371E-05
   6187.7484218386871       0.162275821       2.40702120E-05
   6190.2056289768489       0.173947901       2.40725658E-05
   6192.6628361150106       0.168821156       2.36498490E-05
   6195.1200432531723       0.140398636       2.12045870E-05
   6197.5772503913340       0.174089700       2.39023375E-05
   6200.0344575294966       0.178535014       2.46877898E-05
   6202.4916646676584       0.147164583       2.13676340E-05
   6204.9488718058201       0.138555214       2.00379418E-05
   6207.4060789439818       0.152743757       2.17268716E-05
   6209.8632860821435       0.172124833       2.36090746E-05
   6212.3204932203053       0.157472953       2.21432565E-05
   6214.7777003584670       0.128065348       1.91419658E-05
   6217.2349074966296       0.145316288       2.05346169E-05
   6219.6921146347913       0.164826781       2.28588997E-05
   6222.1493217729530       0.159939572       2.23050538E-05
   6224.6065289111148       0.140475452       2.04305652E-05
   6227.0637360492765       0.142249390       2.02821557E-05
   6229.5209431874382       0.155854419       2.21033897E-05
   6231.9781503256008       0.170572609       2.41699508E-05
   6234.4353574637626       0.187383682       2.56607946E-05
   6236.8925646019243       0.163378894       2.35915159E-05
   6239.3497717400860       0.155838966       2.19608100E-05
   6241.8069788782477       0.148644999       2.18478108E-05
   6244.2641860164094       0.175893113       2.44972034E-05
   6246.7213931545721       0.188625976       2.60578290E-05
   6249.1786002927338       0.166505814       2.42731003E-05
   6251.6358074308955       0.177067921       2.48603501E-05
   6254.0930145690572       0.181171149       2.50562080E-05
   6256.5502217072190       0.155424610       2.26451903E-05
   6259.0074288453807       0.155713692       2.25861459E-05
   6261.4646359835424       0.184336722       2.57498177E-05
   6263.9218431217050       0.197709948       2.77304352E-05
   6266.3790502598667       0.199687690       2.81650046E-05
   6268.8362573980285       0.197569087       2.83506124E-05
   6271.2934645361902       0.213870481       2.98123305E-05
   6273.7506716743519       0.212158024       3.00433385E-05
   6276.2078788125136       0.209285155       2.99283802E-05
   6278.6650859506763       0.222663775       3.11297081E-05
   6281.1222930888380       0.219862014       3.10552532E-05
   6283.5795002269997       0.213149354       3.06399961E-05
   6286.0367073651614       0.227878407       3.18352031E-05
   6288.4939145033231       0.229819253       3.32790260E-05
   6290.9511216414849       0.261006862       3.59977130E-05
   6293.4083287796475       0.257725567       3.67371504E-05
   6295.8655359178092       0.257252067       3.75469062E-05
   6298.3227430559709       0.308297902       4.17414522E-05
   6300.7799501941327       0.276816428       4.01046163E-05
   6303.2371573322944       0.276136398       3.88557237E-05
   6305.6943644704561       0.276000977       3.91984213E-05
   6308.1515716086178       0.275979191       3.93632872E-05
   6310.6087787467804       0.294951558       4.13734051E-05
   6313.0659858849422       0.297106683       4.20090000E-05
   6315.5231930231039       0.298104167       4.23512720E-05
   6317.9804001612656       0.309323847       4.44203106E-05
   6320.4376072994273       0.348371565       4.78173388E-05
   6322.8948144375890       0.325656712       4.67184727E-05
   6325.3520215757508       0.321165025       4.58902614E-05
   6327.8092287139134       0.345038980       4.85064993E-05
   6330.2664358520751       0.354643255       5.07752957E-05
   6332.7236429902368       0.391531020       5.44017676E-05
   6335.1808501283986       0.387046695       5.46158590E-05
   6337.6380572665603       0.369688749       5.29134013E-05
   6340.0952644047229       0.383658886       5.47877316E-05
   6342.5524715428846       0.423064739       5.94008598E-05
   6345.0096786810464       0.443934023       6.19425991E-05
   6347.4668858192081       0.422899842       5.98698352E-05
   6349.9240929573698       0.399682015       5.69897020E-05
   6352.3813000955315       0.395848334       5.55159640E-05
   6354.8385072336932       0.371487528       5.30557481E-05
   6357.2957143718559       0.363648236       5.16626169E-05
   6359.7529215100176       0.371692598       5.25974574E-05
   6362.2101286481793       0.379266500       5.37480410E-05
   6364.6673357863410       0.393013448       5.51012490E-05
   6367.1245429245027       0.384913176       5.49872784E-05
   6369.5817500626654       0.399134099       5.59119580E-05
   6372.0389572008271       0.394580603       5.64552720E-05
   6374.4961643389888       0.414248288       5.78847430E-05
   6376.9533714771505       0.408270955       5.73641228E-05
   6379.4105786153123       0.374194920       5.37616543E-05
   6381.8677857534740       0.378302723       5.31226215E-05
   6384.3249928916357       0.369243652       5.30399120E-05
   6386.7822000297983       0.393189460       5.51241174E-05
   6389.2394071679601       0.403828144       5.73482466E-05
   6391.6966143061218       0.417780012       5.82748653E-05
   6394.1538214442835       0.401354790       5.73176912E-05
   6396.6110285824452       0.401795477       5.78820727E-05
   6399.0682357206069       0.451499522       6.17948826E-05
   6401.5254428587687       0.410502255       5.94765115E-05
   6403.9826499969313       0.419855058       5.89290867E-05
   6406.4398571350930       0.423148423       6.00982967E-05
   6408.8970642732547       0.426570028       6.03525004E-05
   6411.3542714114164       0.438109994       6.11871073E-05
   6413.8114785495782       0.407131732       5.83003821E-05
   6416.2686856877408       0.407426089       5.72590689E-05
   6418.7258928259025       0.393268108       5.59932669E-05
   6421.1830999640642       0.391896665       5.52837882E-05
   6423.6403071022260       0.388113499       5.57398525E-05
   6426.0975142403877       0.420346409       5.86769638E-05
   6428.5547213785494       0.422876835       5.94624180E-05
   6431.0119285167111       0.402205437       5.76318489E-05
   6433.4691356548738       0.416687131       5.86274291E-05
   6435.9263427930355       0.421592116       6.00270141E-05
   6438.3835499311972       0.442233235       6.21782528E-05
   6440.8407570693589       0.450157821       6.32179799E-05
   6443.2979642075206       0.434107542       6.20556821E-05
   6445.7551713456824       0.447422683       6.28977432E-05
   6448.2123784838450       0.447145522       6.30297945E-05
   6450.6695856220067       0.432409912       6.13261145E-05
   6453.1267927601684       0.426280349       6.06947215E-05
   6455.5839998983301       0.439134568       6.22685475E-05
   6458.0412070364919       0.460289031       6.41741062E-05
   6460.4984141746536       0.439553291       6.28487905E-05
   6462.9556213128162       0.444863260       6.31387302E-05
   6465.4128284509779       0.464640468       6.49096546E-05
   6467.8700355891397       0.446485251       6.38121783E-05
   6470.3272427273014       0.454300940       6.39355276E-05
   6472.7844498654631       0.452646375       6.39770587E-05
   6475.2416570036248       0.444149941       6.34213065E-05
   6477.6988641417865       0.464748293       6.49494978E-05
   6480.1560712799492       0.450594008       6.37068515E-05
   6482.6132784181109       0.429594278       6.17182814E-05
   6485.0704855562726       0.452948123       6.40568906E-05
   6487.5276926944343       0.481488556       6.82503451E-05
   6489.9848998325961       0.513997912       7.20707030E-05
   6492.4421069707587       0.520928919       7.35447320E-05
   6494.8993141089204       0.518158436       7.44903518E-05
   6497.3565212470821       0.569651604       7.95098604E-05
   6499.8137283852438       0.580440819       8.27522599E-05
   6502.2709355234056       0.612314224       8.62803354E-05
   6504.7281426615673       0.639525771       9.04146873E-05
   6507.1853497997290       0.657119691       9.26034045E-05
   6509.6425569378916       0.665276706       9.40936807E-05
   6512.0997640760534       0.667658925       9.54195566E-05
   6514.5569712142151       0.718659520       1.00992729E-04
   6517.0141783523768       0.742753148       1.05239662E-04
   6519.4713854905385       0.772502542       1.09103305E-04
   6521.9285926287002       0.800075829       1.14321039E-04
   6524.3857997668620       0.876483500       1.22522542E-04
   6526.8430069050246       0.894308209       1.26299303E-04
   6529.3002140431863       0.894227982       1.27698091E-04
   6531.7574211813480       0.955872834       1.35033872E-04
   6534.2146283195098        1.01455450       1.42710080E-04
   6536.6718354576715        1.03506136       1.44944905E-04
   6539.1290425958341       0.985415697       1.39525029E-04
   6541.5862497339958       0.928061008       1.31381399E-04
   6544.0434568721575       0.874494195       1.24719620E-04
   6546.5006640103193       0.860316098       1.21574172E-04
   6548.9578711484810       0.846844554       1.20191624E-04
   6551.4150782866427       0.847604036       1.22382247E-04
   6553.8722854248044       0.969745874       1.39256619E-04
   6556.3294925629671        1.18747735       1.67133141E-04
   6558.7866997011288        1.35054803       1.83351338E-04
   6561.2439068392905        1.15177560       1.62918252E-04
   6563.7011139774522       0.832879245       1.23576814E-04
   6566.1583211156139       0.742886305       1.05870589E-04
   6568.6155282537766       0.703747630       1.00665311E-04
   6571.0727353919374       0.703648090       9.91690613E-05
   6573.5299425301000       0.698486328       9.81119156E-05
   6575.9871496682617       0.650613070       9.34098134E-05
   6578.4443568064235       0.666490078       9.39187594E-05
   6580.9015639445852       0.675457060       9.63951388E-05
   6583.3587710827469       0.721853018       1.00955243E-04
   6585.8159782209095       0.724821091       1.01889171E-04
   6588.2731853590703       0.690959215       9.89098335E-05
   6590.7303924972330       0.711510122       9.97730313E-05
   6593.1875996353947       0.700285256       9.91819252E-05
   6595.6448067735564       0.688075066       9.77422314E-05
   6598.1020139117181       0.702773511       9.90462358E-05
   6600.5592210498799       0.704978228       1.00265177E-04
   6603.0164281880425       0.733285606       1.03147016E-04
   6605.4736353262042       0.741131425       1.04574225E-04
   6607.9308424643659       0.732932925       1.03671337E-04
   6610.3880496025276       0.728825450       1.03684019E-04
   6612.8452567406894       0.749616981       1.04675157E-04
   6615.3024638788520       0.713549137       1.00897923E-04
   6617.7596710170128       0.659760773       9.47916124E-05
   6620.2168781551754       0.675274014       9.44064814E-05
   6622.6740852933372       0.645705163       9.22142499E-05
   6625.1312924314989       0.647605002       9.16887293E-05
   6627.5884995696606       0.663506389       9.32914045E-05
   6630.0457067078223       0.649101973       9.13182666E-05
   6632.5029138459849       0.610912681       8.71074662E-05
   6634.9601209841458       0.599778891       8.59060092E-05
   6637.4173281223084       0.642241657       9.01302847E-05
   6639.8745352604701       0.659280300       9.35808421E-05
   6642.3317423986318       0.685630322       9.50368776E-05
   6644.7889495367936       0.629122019       8.94936165E-05
   6647.2461566749553       0.572469473       8.23636874E-05
   6649.7033638131179       0.586706460       8.21861977E-05
   6652.1605709512796       0.566550374       8.03598377E-05
   6654.6177780894413       0.550832868       7.78098765E-05
   6657.0749852276031       0.534294069       7.71517080E-05
   6659.5321923657648       0.590010047       8.37909611E-05
   6661.9893995039274       0.665209234       9.23048210E-05
   6664.4466066420882       0.659173310       9.33505580E-05
   6666.9038137802509       0.652167380       9.25633722E-05
   6669.3610209184126       0.665698826       9.41167091E-05
   6671.8182280565743       0.677561462       9.52685223E-05
   6674.2754351947360       0.662860036       9.22799736E-05
   6676.7326423328977       0.568322361       8.14126324E-05
   6679.1898494710604       0.498865217       7.27312363E-05
   6681.6470566092212       0.531849265       7.45204525E-05
   6684.1042637473838       0.541144133       7.64538709E-05
   6686.5614708855455       0.540467083       7.74410655E-05
   6689.0186780237073       0.588863313       8.21471913E-05
   6691.4758851618690       0.589262366       8.34366001E-05
   6693.9330923000307       0.589312136       8.41200235E-05
   6696.3902994381933       0.627691627       8.79690197E-05
   6698.8475065763550       0.634142518       8.98929211E-05
   6701.3047137145168       0.645575404       9.14132397E-05
   6703.7619208526785       0.666829586       9.35248245E-05
   6706.2191279908402       0.651102960       9.22508771E-05
   6708.6763351290019       0.638355613       8.94464174E-05
   6711.1335422671636       0.585452616       8.32309524E-05
   6713.5907494053263       0.539431751       7.74575601E-05
   6716.0479565434880       0.549494386       7.77517271E-05
   6718.5051636816497       0.563651860       7.92146020E-05
   6720.9623708198114       0.554015398       7.88921170E-05
   6723.4195779579732       0.568153739       8.07825854E-05
   6725.8767850961358       0.604541659       8.44139504E-05
   6728.3339922342975       0.592771351       8.39323329E-05
   6730.7911993724592       0.578989804       8.25423995E-05
   6733.2484065106210       0.599701107       8.51085424E-05
   6735.7056136487827       0.635252059       8.90329393E-05
   6738.1628207869444       0.635148346       8.94121986E-05
   6740.6200279251061       0.611825228       8.75422993E-05
   6743.0772350632687       0.633072972       8.84266046E-05
   6745.5344422014305       0.609616637       8.65328911E-05
   6747.9916493395922       0.588900506       8.42210939E-05
   6750.4488564777539       0.616558313       8.67712515E-05
   6752.9060636159156       0.627723336       8.93169345E-05
   6755.3632707540773       0.661342800       9.27557630E-05
   6757.8204778922391       0.663338006       9.33336341E-05
   6760.2776850304017       0.636910021       9.13320691E-05
   6762.7348921685634       0.669837952       9.54806674E-05
   6765.1920993067251       0.739897728       1.03188504E-04
   6767.6493064448869       0.746324480       1.05233965E-04
   6770.1065135830486       0.730067194       1.03827522E-04
   6772.5637207212112       0.743461907       1.05120329E-04
   6775.0209278593729       0.755512059       1.05789382E-04
   6777.4781349975347       0.717167377       1.01133090E-04
   6779.9353421356964       0.651058614       9.33312331E-05
   6782.3925492738581       0.638909936       9.07649810E-05
   6784.8497564120198       0.649799764       9.20193925E-05
   6787.3069635501815       0.664642811       9.35292919E-05
   6789.7641706883442       0.660921872       9.43828709E-05
   6792.2213778265059       0.696425140       9.82249039E-05
   6794.6785849646676       0.725478411       1.01531288E-04
   6797.1357921028293       0.701124251       9.96786112E-05
   6799.5929992409910       0.697306812       9.89778127E-05
   6802.0502063791528       0.714598477       1.01234575E-04
   6804.5074135173145       0.738838673       1.03563973E-04
   6806.9646206554771       0.723560750       1.02991740E-04
   6809.4218277936388       0.733201683       1.03948936E-04
   6811.8790349318006       0.760115921       1.06629814E-04
   6814.3362420699623       0.747088671       1.06254854E-04
   6816.7934492081240       0.756061494       1.05926440E-04
   6819.2506563462866       0.724638045       1.03571991E-04
   6821.7078634844484       0.733771563       1.04651292E-04
   6824.1650706226101       0.789186597       1.09925997E-04
   6826.6222777607718       0.768991947       1.09590947E-04
   6829.0794848989335       0.777619362       1.09491157E-04
   6831.5366920370961       0.773373008       1.09897999E-04
   6833.9938991752570       0.787498355       1.12273221E-04
   6836.4511063134196       0.846541345       1.17667521E-04
   6838.9083134515813       0.814174592       1.15552146E-04
   6841.3655205897430       0.785792410       1.11785666E-04
   6843.8227277279047       0.794093072       1.12079484E-04
   6846.2799348660665       0.789683700       1.11228415E-04
   6848.7371420042291       0.763180077       1.08474116E-04
   6851.1943491423908       0.758446157       1.08824788E-04
   6853.6515562805525       0.828215718       1.16584146E-04
   6856.1087634187143       0.880788267       1.24324186E-04
   6858.5659705568760       0.916849554       1.27923588E-04
   6861.0231776950377       0.874952972       1.22619924E-04
   6863.4803848331994       0.755141735       1.08070722E-04
   6865.9375919713621       0.675888419       9.71992558E-05
   6868.3947991095238       0.669287503       9.55874857E-05
   6870.8520062476855       0.710703492       1.00420322E-04
   6873.3092133858472       0.750924945       1.06516905E-04
   6875.7664205240089       0.806931555       1.13666218E-04
   6878.2236276621707       0.844416440       1.18440643E-04
   6880.6808348003324       0.837184608       1.18471551E-04
   6883.1380419384950       0.827897906       1.17052703E-04
   6885.5952490766567       0.820643783       1.16255062E-04
   6888.0524562148184       0.818456948       1.16043528E-04
   6890.5096633529802       0.833238721       1.17691146E-04
   6892.9668704911419       0.839753270       1.18452183E-04
   6895.4240776293036       0.832379043       1.17386291E-04
   6897.8812847674662       0.805206239       1.15038158E-04
   6900.3384919056280       0.832755685       1.18389216E-04
   6902.7956990437897       0.891830027       1.25327497E-04
   6905.2529061819514       0.918925166       1.30051820E-04
   6907.7101133201131       0.943029165       1.32004468E-04
   6910.1673204582748       0.907892883       1.28021929E-04
   6912.6245275964375       0.834930480       1.19925957E-04
   6915.0817347345992       0.845406413       1.19579541E-04
   6917.5389418727609       0.865555942       1.23912294E-04
   6919.9961490109226       0.950460136       1.33376830E-04
   6922.4533561490844       0.995959342       1.39982832E-04
   6924.9105632872470       0.994277477       1.41784592E-04
   6927.3677704254078        1.04727256       1.47766739E-04
   6929.8249775635704        1.09041536       1.53467307E-04
   6932.2821847017321        1.09505165       1.54770707E-04
   6934.7393918398939        1.09659350       1.56623617E-04
   6937.1965989780556        1.16690314       1.65248304E-04
   6939.6538061162173        1.25797343       1.78211732E-04
   6942.1110132543799        1.35678148       1.90184364E-04
   6944.5682203925408        1.38444650       1.94662440E-04
   6947.0254275307034        1.34707284       1.90724517E-04
   6949.4826346688651        1.31249332       1.83953758E-04
   6951.9398418070268        1.19231677       1.72479602E-04
   6954.3970489451885        1.22873414       1.73044347E-04
   6956.8542560833503        1.25552273       1.77896232E-04
   6959.3114632215129        1.28257704       1.84117089E-04
   6961.7686703596746        1.43673432       1.99157104E-04
   6964.2258774978363        1.41619360       2.00546434E-04
   6966.6830846359981        1.38099718       1.96468623E-04
   6969.1402917741598        1.41085815       1.99651011E-04
   6971.5974989123215        1.44588983       2.04975193E-04
   6974.0547060504832        1.50736415       2.13295105E-04
   6976.5119131886458        1.57607746       2.21682028E-04
   6978.9691203268076        1.58979499       2.23499170E-04
   6981.4263274649693        1.53416145       2.17956389E-04
   6983.8835346031310        1.51501954       2.13815918E-04
   6986.3407417412927        1.47652364       2.08464058E-04
   6988.7979488794554        1.41111434       2.02182113E-04
   6991.2551560176171        1.46318436       2.07554403E-04
   6993.7123631557788        1.55431771       2.17921872E-04
   6996.1695702939405        1.55401444       2.19338050E-04
   6998.6267774321022        1.52669930       2.17262044E-04
   7001.0839845702640        1.55894971       2.20659145E-04
   7003.5411917084257        1.60854471       2.27650598E-04
   7005.9983988465883        1.66386437       2.35602376E-04
   7008.4556059847500        1.73561561       2.44254479E-04
   7010.9128131229118        1.75512576       2.48916040E-04
   7013.3700202610735        1.80045235       2.53773818E-04
   7015.8272273992352        1.81661189       2.57070846E-04
   7018.2844345373978        1.83205581       2.59076420E-04
   7020.7416416755586        1.85716927       2.63808673E-04
   7023.1988488137213        1.93409896       2.74376478E-04
   7025.6560559518830        2.06293035       2.91600823E-04
   7028.1132630900447        2.18934965       3.09770898E-04
   7030.5704702282064        2.32620955       3.26547626E-04
   7033.0276773663682        2.35719824       3.33115575E-04
   7035.4848845045308        2.36956596       3.35454853E-04
   7037.9420916426916        2.40359998       3.40572384E-04
   7040.3992987808542        2.47095704       3.49097332E-04
   7042.8565059190159        2.52589297       3.54470947E-04
   7045.3137130571777        2.44962192       3.42896004E-04
   7047.7709201953394        2.16536307       3.04026471E-04
   7050.2281273335011        1.67347658       2.41478221E-04
   7052.6853344716637        1.24148715       1.81589872E-04
   7055.1425416098255        1.02659369       1.47406943E-04
   7057.5997487479872       0.893671811       1.29749795E-04
   7060.0569558861489       0.908282697       1.28673404E-04
   7062.5141630243106       0.952107966       1.34470378E-04
   7064.9713701624732       0.986768365       1.39853233E-04
   7067.4285773006350        1.04420638       1.46165548E-04
   7069.8857844387967        1.04055095       1.47684419E-04
   7072.3429915769584        1.06317961       1.50860491E-04
   7074.8001987151201        1.12209618       1.58214214E-04
   7077.2574058532819        1.16674387       1.64215206E-04
   7079.7146129914436        1.18048656       1.65396457E-04
   7082.1718201296062        1.12009406       1.56436203E-04
   7084.6290272677679       0.948292911       1.36624061E-04
   7087.0862344059296       0.860835612       1.23440041E-04
   7089.5434415440914       0.865153909       1.21843317E-04
   7092.0006486822531       0.846412718       1.20603043E-04
   7094.4578558204148       0.868118584       1.22611367E-04
   7096.9150629585765       0.887731314       1.25553561E-04
   7099.3722700967392       0.908578753       1.29338223E-04
   7101.8294772349009       0.969338119       1.36669871E-04
   7104.2866843730626        1.02034056       1.44211881E-04
   7106.7438915112243        1.06296420       1.49707994E-04
   7109.2010986493860        1.08722115       1.54336783E-04
   7111.6583057875478        1.13159585       1.59811054E-04
   7114.1155129257095        1.17799306       1.65777295E-04
   7116.5727200638721        1.17907250       1.65512727E-04
   7119.0299272020338        1.12421513       1.57821894E-04
   7121.4871343401956       0.987579286       1.41274068E-04
   7123.9443414783573       0.907303989       1.28668122E-04
   7126.4015486165190       0.837029278       1.20159522E-04
   7128.8587557546816       0.842040062       1.18819451E-04
   7131.3159628928424       0.843602061       1.19508040E-04
   7133.7731700310051       0.848240852       1.19882621E-04
   7136.2303771691668       0.853783250       1.21316938E-04
   7138.6875843073285       0.886110187       1.25931532E-04
   7141.1447914454911       0.948718607       1.32697809E-04
   7143.6019985836519       0.951127529       1.35185823E-04
   7146.0592057218146       0.974765718       1.36891715E-04
   7148.5164128599763       0.966763437       1.37409341E-04
   7150.9736199981380       0.979345024       1.39196360E-04
   7153.4308271362997        1.03302944       1.44605889E-04
   7155.8880342744615        1.01884079       1.44845384E-04
   7158.3452414126241        1.03319681       1.44685269E-04
   7160.8024485507858       0.987191617       1.40209231E-04
   7163.2596556889475       0.953397214       1.35575785E-04
   7165.7168628271093       0.958233714       1.34966947E-04
   7168.1740699652710       0.937040269       1.33487221E-04
   7170.6312771034327       0.955860853       1.35817405E-04
   7173.0884842415944        1.01313221       1.43674260E-04
   7175.5456913797570        1.08551812       1.52136505E-04
   7178.0028985179188        1.10204411       1.55585978E-04
   7180.4601056560805        1.09345853       1.54987123E-04
   7182.9173127942422        1.11174202       1.58834315E-04
   7185.3745199324039        1.19618678       1.67489896E-04
   7187.8317270705656        1.21961832       1.71762440E-04
   7190.2889342087274        1.18650746       1.67578313E-04
   7192.7461413468900        1.15018535       1.61624295E-04
   7195.2033484850517        1.03959942       1.48442399E-04
   7197.6605556232134       0.987091184       1.40409116E-04
   7200.1177627613752       0.966890335       1.38850344E-04
   7202.5749698995369        1.04879558       1.48584615E-04
   7205.0321770376986        1.14658988       1.61843709E-04
   7207.4893841758603        1.23045361       1.72777218E-04
   7209.9465913140230        1.25626636       1.78468094E-04
   7212.4037984521847        1.31884503       1.85635392E-04
   7214.8610055903464        1.34304118       1.89559476E-04
   7217.3182127285090        1.35050118       1.92811451E-04
   7219.7754198666698        1.43807459       2.02419731E-04
   7222.2326270048325        1.49302840       2.09535312E-04
   7224.6898341429942        1.45949364       2.06892422E-04
   7227.1470412811559        1.44341791       2.03417963E-04
   7229.6042484193176        1.39130747       1.99559858E-04
   7232.0614555574793        1.46219265       2.07159916E-04
   7234.5186626956420        1.56125736       2.18808433E-04
   7236.9758698338028        1.56415200       2.21563023E-04
   7239.4330769719654        1.57850122       2.25639305E-04
   7241.8902841101271        1.70507538       2.40357491E-04
   7244.3474912482889        1.80469406       2.54129583E-04
   7246.8046983864506        1.84650588       2.61320674E-04
   7249.2619055246123        1.89974499       2.68915173E-04
   7251.7191126627749        1.96452403       2.77520914E-04
   7254.1763198009367        2.01824069       2.85332702E-04
   7256.6335269390984        2.06587958       2.92974466E-04
   7259.0907340772601        2.15039635       3.03340872E-04
   7261.5479412154218        2.20727134       3.13450990E-04
   7264.0051483535835        2.31361842       3.23769666E-04
   7266.4623554917453        2.27043486       3.19474610E-04
   7268.9195626299079        2.11158347       3.01480235E-04
   7271.3767697680696        2.07062483       2.93496560E-04
   7273.8339769062313        2.06357431       2.94581405E-04
   7276.2911840443930        2.18254018       3.11419339E-04
   7278.7483911825548        2.43212104       3.40787461E-04
   7281.2055983207165        2.54048014       3.56236473E-04
   7283.6628054588782        2.48951197       3.53237381E-04
   7286.1200125970408        2.48012805       3.51823488E-04
   7288.5772197352026        2.52950335       3.62029590E-04
   7291.0344268733643        2.77700543       3.92879243E-04
   7293.4916340115260        3.04071188       4.25192498E-04
   7295.9488411496877        3.07527566       4.35097056E-04
   7298.4060482878504        3.10712719       4.42584162E-04
   7300.8632554260121        3.28271508       4.61553544E-04
   7303.3204625641738        3.35668707       4.76603134E-04
   7305.7776697023355        3.49342847       4.93073137E-04
   7308.2348768404972        3.60801959       5.08239900E-04
   7310.6920839786590        3.61388016       5.15832682E-04
   7313.1492911168207        3.83117104       5.38774941E-04
   7315.6064982549833        3.93753362       5.58440050E-04
   7318.0637053931450        4.08561134       5.74717764E-04
   7320.5209125313067        4.12176371       5.82688546E-04
   7322.9781196694685        4.10685253       5.80658379E-04
   7325.4353268076302        4.10108852       5.81727538E-04
   7327.8925339457928        4.15370226       5.90919575E-04
   7330.3497410839536        4.38490677       6.19270781E-04
   7332.8069482221163        4.58447218       6.48505869E-04
   7335.2641553602780        4.79148674       6.72431372E-04
   7337.7213624984397        4.75552750       6.70349982E-04
   7340.1785696366014        4.58898449       6.51126029E-04
   7342.6357767747631        4.48865461       6.34829223E-04
   7345.0929839129258        4.39912605       6.25532470E-04
   7347.5501910510866        4.43875313       6.29458402E-04
   7350.0073981892492        4.58661127       6.46213535E-04
   7352.4646053274109        4.60784054       6.51638256E-04
   7354.9218124655727        4.63263512       6.57117402E-04
   7357.3790196037344        4.74467516       6.74049428E-04
   7359.8362267418961        5.01625490       7.06551655E-04
   7362.2934338800587        5.16939068       7.30927859E-04
   7364.7506410182204        5.31191444       7.47388636E-04
   7367.2078481563822        5.27848530       7.44211662E-04
   7369.6650552945439        5.11655712       7.27084989E-04
   7372.1222624327056        5.09460020       7.21630757E-04
   7374.5794695708682        5.14452505       7.26105063E-04
   7377.0366767090300        5.12060308       7.27446575E-04
   7379.4938838471917        5.24982452       7.42181262E-04
   7381.9510909853534        5.38304758       7.58192444E-04
   7384.4082981235151        5.37119436       7.59132032E-04
   7386.8655052616768        5.32053709       7.52115448E-04
   7389.3227123998386        5.24473333       7.39653537E-04
   7391.7799195380012        5.06445742       7.24194455E-04
   7394.2371266761629        5.22924805       7.36999791E-04
   7396.6943338143246        5.32220078       7.47741840E-04
   7399.1515409524864        5.15094090       7.33454362E-04
   7401.6087480906481        5.19090939       7.30705156E-04
   7404.0659552288098        5.10887575       7.26780039E-04
   7406.5231623669715        5.18420315       7.32620538E-04
   7408.9803695051341        5.28501892       7.44682678E-04
   7411.4375766432959        5.22562456       7.36867660E-04
   7413.8947837814576        5.07370615       7.20382202E-04
   7416.3519909196193        5.01637936       7.12762063E-04
   7418.8091980577810        5.14248085       7.25426071E-04
   7421.2664051959437        5.18809748       7.36134825E-04
   7423.7236123341045        5.35158014       7.53540837E-04
   7426.1808194722671        5.37547636       7.57627247E-04
   7428.6380266104288        5.26646137       7.45107711E-04
   7431.0952337485905        5.14611912       7.28378363E-04
   7433.5524408867523        5.05674982       7.16348004E-04
   7436.0096480249140        5.00815916       7.09320651E-04
   7438.4668551630766        5.01444197       7.06105726E-04
   7440.9240623012374        4.87321901       6.93155744E-04
   7443.3812694394001        4.89354467       6.92126923E-04
   7445.8384765775618        4.94870996       7.01410871E-04
   7448.2956837157235        5.06244516       7.13199028E-04
   7450.7528908538861        5.07427502       7.17179268E-04
   7453.2100979920478        5.04420137       7.16130424E-04
   7455.6673051302096        5.15216970       7.26590864E-04
   7458.1245122683713        5.18136835       7.34451227E-04
   7460.5817194065330        5.27501202       7.43368000E-04
   7463.0389265446947        5.26981878       7.45669182E-04
   7465.4961336828565        5.25904846       7.44671561E-04
   7467.9533408210191        5.30868864       7.50038307E-04
   7470.4105479591808        5.31516266       7.50219740E-04
   7472.8677550973425        5.25926733       7.46505510E-04
   7475.3249622355042        5.31278276       7.52679305E-04
   7477.7821693736660        5.45379210       7.69105798E-04
   7480.2393765118277        5.48708010       7.75494555E-04
   7482.6965836499894        5.50023222       7.78531539E-04
   7485.1537907881520        5.53554296       7.81409966E-04
   7487.6109979263138        5.51110840       7.78715941E-04
   7490.0682050644755        5.44155455       7.75637047E-04
   7492.5254122026372        5.64693213       7.94561696E-04
   7494.9826193407989        5.71211529       8.10826663E-04
   7497.4398264789606        5.87469435       8.26707459E-04
   7499.8970336171224        5.89541006       8.33073573E-04
   7502.3542407552850        5.83510399       8.28820106E-04
   7504.8114478934467        5.96299076       8.40339460E-04
   7507.2686550316084        5.95529127       8.42255831E-04
   7509.7258621697702        5.93510103       8.38391716E-04
   7512.1830693079319        5.87077856       8.33302853E-04
   7514.6402764460936        5.92990637       8.34899722E-04
   7517.0974835842553        5.83708477       8.28911609E-04
   7519.5546907224179        5.86210155       8.28373712E-04
   7522.0118978605797        5.89055824       8.33476195E-04
   7524.4691049987414        5.91937065       8.40313267E-04
   7526.9263121369040        6.10804987       8.60631582E-04
   7529.3835192750648        6.17039251       8.74381803E-04
   7531.8407264132275        6.29313469       8.88335577E-04
   7534.2979335513892        6.37526512       9.05374414E-04
   7536.7551406895509        6.61318302       9.31798131E-04
   7539.2123478277126        6.72847795       9.45860345E-04
   7541.6695549658743        6.54577875       9.30016628E-04
   7544.1267621040370        6.53684473       9.21658473E-04
   7546.5839692421978        6.41492414       9.09446273E-04
   7549.0411763803604        6.36454821       9.05739609E-04
   7551.4983835185221        6.59361839       9.28669586E-04
   7553.9555906566839        6.67474127       9.41520499E-04
   7556.4127977948456        6.61938381       9.36683151E-04
   7558.8700049330073        6.59098053       9.30019771E-04
   7561.3272120711699        6.46166801       9.15299868E-04
   7563.7844192093316        6.38900614       9.06658766E-04
   7566.2416263474934        6.47752285       9.17049765E-04
   7568.6988334856551        6.63198233       9.34436626E-04
   7571.1560406238168        6.63964224       9.40006110E-04
   7573.6132477619785        6.69474506       9.51744092E-04
   7576.0704549001402        7.00036383       9.85889346E-04
   7578.5276620383029        7.15540886       1.00465538E-03
   7580.9848691764637        6.93637657       9.72790818E-04
   7583.4420763146263        6.27461052       8.88856302E-04
   7585.8992834527880        5.50559521       7.82582269E-04
   7588.3564905909498        4.81815720       6.82907761E-04
   7590.8136977291124        4.03585052       5.74098725E-04
   7593.2709048672732        3.23566318       4.63129982E-04
   7595.7281120054358        2.46673155       3.57811718E-04
   7598.1853191435976        1.97398531       2.85509304E-04
   7600.6425262817593        1.71827555       2.48082186E-04
   7603.0997334199219        1.72391701       2.51660269E-04
   7605.5569405580827        2.10691309       3.00913845E-04
   7608.0141476962453        2.62301254       3.72147915E-04
   7610.4713548344071        3.18209410       4.55839850E-04
   7612.9285619725688        3.96260762       5.50790341E-04
   7615.3857691107305        4.31023550       5.96921716E-04
   7617.8429762488922        4.05442190       5.67378127E-04
   7620.3001833870549        3.41061401       4.84733144E-04
   7622.7573905252157        2.71971560       3.92702263E-04
   7625.2145976633783        2.27194691       3.28542723E-04
   7627.6718048015400        2.14992571       3.05841852E-04
   7630.1290119397017        2.12201476       3.00857326E-04
   7632.5862190778635        2.13013530       3.00188229E-04
   7635.0434262160252        2.09619093       2.98213883E-04
   7637.5006333541878        2.13131475       2.98670813E-04
   7639.9578404923486        2.05746269       2.92548037E-04
   7642.4150476305113        2.02794266       2.88553914E-04
   7644.8722547686730        2.09829640       2.93430523E-04
   7647.3294619068347        2.01282668       2.84581241E-04
   7649.7866690449964        1.90301561       2.68545642E-04
   7652.2438761831581        1.75574362       2.47266551E-04
   7654.7010833213208        1.53309190       2.17896071E-04
   7657.1582904594816        1.31736434       1.89129452E-04
   7659.6154975976442        1.21740198       1.72757267E-04
   7662.0727047358059        1.15269160       1.67057733E-04
   7664.5299118739676        1.26930308       1.79556024E-04
   7666.9871190121294        1.41327858       2.00725161E-04
   7669.4443261502911        1.58517015       2.23872135E-04
   7671.9015332884537        1.75534725       2.46545154E-04
   7674.3587404266145        1.84585309       2.61659414E-04
   7676.8159475647772        1.96749365       2.75607221E-04
   7679.2731547029389        1.97672117       2.80592067E-04
   7681.7303618411006        2.02404404       2.85154383E-04
   7684.1875689792632        2.03132677       2.85480288E-04
   7686.6447761174240        1.93999398       2.73203186E-04
   7689.1019832555867        1.76772273       2.49600125E-04
   7691.5591903937484        1.53375757       2.19749360E-04
   7694.0163975319101        1.38903773       2.00585404E-04
   7696.4736046700727        1.43557072       2.04235301E-04
   7698.9308118082336        1.55162716       2.22120827E-04
   7701.3880189463962        1.78119147       2.52060185E-04
   7703.8452260845579        2.02091932       2.84788344E-04
   7706.3024332227196        2.20402837       3.10744392E-04
   7708.7596403608813        2.34757018       3.31005926E-04
   7711.2168474990431        2.44514680       3.45937209E-04
   7713.6740546372057        2.54973555       3.59067024E-04
   7716.1312617753665        2.59249091       3.69557907E-04
   7718.5884689135291        2.76328683       3.90684610E-04
   7721.0456760516909        2.94912696       4.16527822E-04
   7723.5028831898526        3.10485148       4.38997115E-04
   7725.9600903280143        3.26086831       4.59387869E-04
   7728.4172974661760        3.33932304       4.73715918E-04
   7730.8745046043387        3.47774529       4.90463630E-04
   7733.3317117424995        3.56159925       5.01728849E-04
   7735.7889188806621        3.54198194       5.01178845E-04
   7738.2461260188238        3.51610017       4.93439438E-04
   7740.7033331569855        3.29910970       4.67880920E-04
   7743.1605402951473        3.08122063       4.39635274E-04
   7745.6177474333090        3.03520823       4.28518833E-04
   7748.0749545714716        2.95660353       4.20857948E-04
   7750.5321617096324        2.98420024       4.21529228E-04
   7752.9893688477950        3.00726104       4.26466257E-04
   7755.4465759859568        3.07502437       4.36954491E-04
   7757.9037831241185        3.24694896       4.55757836E-04
   7760.3609902622811        3.27712560       4.65971360E-04
   7762.8181974004419        3.40678287       4.81312571E-04
   7765.2754045386046        3.54516077       5.00299211E-04
   7767.7326116767663        3.62285852       5.11348830E-04
   7770.1898188149280        3.66189289       5.15640248E-04
   7772.6470259530906        3.58830190       5.09102305E-04
   7775.1042330912514        3.57655239       5.04026655E-04
   7777.5614402294141        3.48700452       4.94407432E-04
   7780.0186473675749        3.43144202       4.87058598E-04
   7782.4758545057375        3.46488619       4.90379403E-04
   7784.9330616438992        3.51716685       4.98072186E-04
   7787.3902687820610        3.59972334       5.07216959E-04
   7789.8474759202236        3.60015106       5.07931749E-04
   7792.3046830583844        3.52756405       4.99670045E-04
   7794.7618901965470        3.48349476       4.94737644E-04
   7797.2190973347087        3.53948402       5.06369513E-04
   7799.6763044728705        3.88157058       5.52508805E-04
   7802.1335116110322        4.38588142       6.13011827E-04
   7804.5907187491939        4.57719946       6.46033324E-04
   7807.0479258873565        4.67799664       6.61560742E-04
   7809.5051330255174        4.80329275       6.77877280E-04
   7811.9623401636800        4.85436392       6.86050276E-04
   7814.4195473018417        4.88339806       6.86444226E-04
   7816.8767544400034        4.70318699       6.66102744E-04
   7819.3339615781651        4.52445889       6.39439735E-04
   7821.7911687163269        4.30503893       6.10522053E-04
   7824.2483758544895        4.12779379       5.87448536E-04
   7826.7055829926503        4.11112499       5.82403271E-04
   7829.1627901308129        4.15650225       5.89804840E-04
   7831.6199972689747        4.28580666       6.05331443E-04
   7834.0772044071364        4.40149975       6.22773427E-04
   7836.5344115452981        4.52257633       6.40075072E-04
   7838.9916186834598        4.68029642       6.59319514E-04
   7841.4488258216224        4.72508526       6.69204281E-04
   7843.9060329597842        4.80413151       6.75710791E-04
   7846.3632400979459        4.73005486       6.72678230E-04
   7848.8204472361076        4.80134249       6.79858727E-04
   7851.2776543742693        4.94419050       6.95126306E-04
   7853.7348615124320        4.88731194       6.91335881E-04
   7856.1920686505928        4.82182026       6.81671721E-04
   7858.6492757887554        4.74036789       6.69874833E-04
   7861.1064829269171        4.61635208       6.52361778E-04
   7863.5636900650788        4.45343828       6.34801982E-04
   7866.0208972032406        4.50548840       6.37218705E-04
   7868.4781043414023        4.58508301       6.47860288E-04
   7870.9353114795649        4.63128138       6.59195357E-04
   7873.3925186177257        4.88548899       6.90035988E-04
   7875.8497257558884        5.11818218       7.20928656E-04
   7878.3069328940501        5.23304987       7.43260956E-04
   7880.7641400322118        5.47527075       7.67490827E-04
   7883.2213471703744        5.45829439       7.76543282E-04
   7885.6785543085352        5.59335947       7.88459438E-04
   7888.1357614466979        5.66712523       7.93186598E-04
   7890.5929685848587        5.28527021       7.54054810E-04
   7893.0501757230213        5.16532040       7.28971150E-04
   7895.5073828611830        4.99233198       7.11989123E-04
   7897.9645899993448        5.05408621       7.11887726E-04
   7900.4217971375074        5.02940845       7.12046982E-04
   7902.8790042756682        4.98976278       7.01038400E-04
   7905.3362114138308        4.74714661       6.71875721E-04
   7907.7934185519925        4.45302391       6.40581478E-04
   7910.2506256901543        4.66504622       6.57314435E-04
   7912.7078328283160        4.81126022       6.76905387E-04
   7915.1650399664777        4.76500511       6.73656294E-04
   7917.6222471046403        4.71541786       6.71674614E-04
   7920.0794542428021        4.88365984       6.89690874E-04
   7922.5366613809638        5.04460573       7.12248206E-04
   7924.9938685191255        5.14482355       7.30621570E-04
   7927.4510756572872        5.40675020       7.63795280E-04
   7929.9082827954498        5.64563274       7.92583451E-04
   7932.3654899336107        5.61406422       7.89864163E-04
   7934.8226970717733        5.35319042       7.57783302E-04
   7937.2799042099350        5.07562971       7.15833332E-04
   7939.7371113480967        4.67469692       6.70491310E-04
   7942.1943184862585        4.64214754       6.57689816E-04
   7944.6515256244202        4.73767519       6.77729258E-04
   7947.1087327625828        5.15926266       7.30808591E-04
   7949.5659399007436        5.67331219       7.91765924E-04
   7952.0231470389062        5.68481112       8.04105308E-04
   7954.4803541770680        5.67936611       8.00596550E-04
   7956.9375613152297        5.55989456       7.90923368E-04
   7959.3947684533914        5.63014841       7.96884764E-04
   7961.8519755915531        5.77330017       8.20208981E-04
   7964.3091827297158        6.07068634       8.53258010E-04
   7966.7663898678766        6.17681026       8.72987672E-04
   7969.2235970060392        6.19051790       8.67838389E-04
   7971.6808041442009        5.89416742       8.41554720E-04
   7974.1380112823626        5.85053015       8.24963732E-04
   7976.5952184205253        5.78115368       8.15082807E-04
   7979.0524255586861        5.47278070       7.79851864E-04
   7981.5096326968487        5.45537424       7.69537466E-04
   7983.9668398350095        5.32048941       7.60877738E-04
   7986.4240469731722        5.56580544       7.82394840E-04
   7988.8812541113339        5.63409901       8.02666822E-04
   7991.3384612494956        5.94505501       8.36215564E-04
   7993.7956683876582        6.08972263       8.60155851E-04
   7996.2528755258199        6.16152573       8.74916266E-04
   7998.7100826639817        6.40274715       9.03728302E-04
   8001.1672898021434        6.59122038       9.31755872E-04
   8003.6244969403051        6.74389696       9.54015472E-04
   8006.0817040784677        6.93043709       9.79383942E-04
   8008.5389112166285        7.08228970       1.00483443E-03
   8010.9961183547912        7.39164877       1.04238489E-03
   8013.4533254929529        7.58047104       1.07027357E-03
   8015.9105326311146        7.67878962       1.08866522E-03
   8018.3677397692763        7.90312910       1.11757824E-03
   8020.8249469074381        8.13434792       1.14998000E-03
   8023.2821540456007        8.36129189       1.19215203E-03
   8025.7393611837615        9.02716923       1.27020618E-03
   8028.1965683219241        9.45119572      -1.32458261E-03
   8030.6537754600859        0.00000000      -1.00000000    
   8033.1109825982476        0.00000000      -1.00000000    
