   5529.2169088113069        3.66361514E-02   5.86876422E-06
   5531.6741159494686        5.11306375E-02   6.36336426E-06
   5534.1313230876303        3.59377675E-02   6.06706453E-06
   5536.5885302257930        2.47466862E-02   4.14879105E-06
   5539.0457373639547        3.61278169E-02   5.13784789E-06
   5541.5029445021164        2.82983892E-02   4.58812929E-06
   5543.9601516402781        3.88685837E-02   5.41179134E-06
   5546.4173587784398        2.68845502E-02   4.86103318E-06
   5548.8745659166016        4.57886197E-02   5.70327984E-06
   5551.3317730547642        6.26076572E-03   2.51617053E-06
   5553.7889801929259        3.65140699E-02   5.86805027E-06
   5556.2461873310876        7.42486566E-02   9.50880712E-06
   5558.7033944692494        6.28997460E-02   9.08177390E-06
   5561.1606016074111        4.23999876E-02   7.49686433E-06
   5563.6178087455728        7.96915293E-02   9.84615326E-06
   5566.0750158837354        5.86733706E-02   9.19532704E-06
   5568.5322230218972        6.37925491E-02   9.43531177E-06
   5570.9894301600589        8.49049762E-02   1.10796191E-05
   5573.4466372982206       0.102404982       8.52517405E-06
   5575.9038444363823       0.112221994       1.00737325E-05
   5578.3610515745440       0.120183103       1.57269642E-05
   5580.8182587127058       0.122523889       1.74868892E-05
   5583.2754658508684       0.116519734       1.74077086E-05
   5585.7326729890301       0.151316360       2.02992051E-05
   5588.1898801271918       0.134173512       1.93700271E-05
   5590.6470872653535       0.130481139       1.82441545E-05
   5593.1042944035153       0.118240163       1.73775461E-05
   5595.5615015416770       0.132761940       1.82904532E-05
   5598.0187086798396       0.129800335       1.85298359E-05
   5600.4759158180013       0.128417477       1.76401500E-05
   5602.9331229561631       0.105627015       1.56844453E-05
   5605.3903300943248       0.109310322       1.60946511E-05
   5607.8475372324865       0.142237693       1.96004294E-05
   5610.3047443706482       0.150151148       2.08066976E-05
   5612.7619515088109       0.136495933       1.90365372E-05
   5615.2191586469726       0.100247256       1.52139210E-05
   5617.6763657851343       0.108198598       1.53371129E-05
   5620.1335729232960       0.121508189       1.68273073E-05
   5622.5907800614577       0.115578741       1.62605229E-05
   5625.0479871996195       0.105309688       1.56296483E-05
   5627.5051943377821       0.127014145       1.75234836E-05
   5629.9624014759438       0.131431416       1.83865741E-05
   5632.4196086141055       0.121357158       1.75849600E-05
   5634.8768157522672       0.130012959       1.76695467E-05
   5637.3340228904290       0.107378818       1.61707867E-05
   5639.7912300285907       0.123312734       1.69798259E-05
   5642.2484371667524       0.124089994       1.73781882E-05
   5644.7056443049150       0.105891883       1.59598858E-05
   5647.1628514430768       0.133310169       1.82866879E-05
   5649.6200585812385       0.136871293       1.92016050E-05
   5652.0772657194002       0.130731732       1.89089296E-05
   5654.5344728575619       0.143020898       1.96895908E-05
   5656.9916799957236       0.133780152       1.90428618E-05
   5659.4488871338863       0.121875256       1.75890345E-05
   5661.9060942720480       0.129996896       1.85662939E-05
   5664.3633014102097       0.145072699       2.02367210E-05
   5666.8205085483714       0.147561103       2.02384126E-05
   5669.2777156865332       0.111430869       1.71655247E-05
   5671.7349228246949       0.138468251       1.95600405E-05
   5674.1921299628575       0.161053389       2.15242326E-05
   5676.6493371010192       0.123899020       1.96657529E-05
   5679.1065442391809       0.175487995       2.36831456E-05
   5681.5637513773427       0.178290576       2.45886858E-05
   5684.0209585155044       0.169845611       1.77708644E-05
   5686.4781656536661       0.147648603       1.99188162E-05
   5688.9353727918278       0.153586894       2.25559725E-05
   5691.3925799299905       0.185255557       2.47931512E-05
   5693.8497870681522       0.163096711       2.37747299E-05
   5696.3069942063139       0.154714286       2.33111205E-05
   5698.7642013444756       0.208274677       2.76719438E-05
   5701.2214084826373       0.182428330       2.64317205E-05
   5703.6786156207991       0.173100501       2.48094984E-05
   5706.1358227589617       0.184856996       2.55946143E-05
   5708.5930298971234       0.167604536       2.38569464E-05
   5711.0502370352851       0.155255035       2.28911940E-05
   5713.5074441734469       0.181540206       2.45235296E-05
   5715.9646513116086       0.164781064       2.43249578E-05
   5718.4218584497703       0.179966956       2.47044427E-05
   5720.8790655879329       0.175728753       2.56431740E-05
   5723.3362727260946       0.190992594       2.69716638E-05
   5725.7934798642564       0.209370300       2.88054507E-05
   5728.2506870024181       0.170206025       2.54118768E-05
   5730.7078941405798       0.192001641       2.59793887E-05
   5733.1651012787415       0.160773233       2.40850568E-05
   5735.6223084169033       0.183369383       2.51205638E-05
   5738.0795155550659       0.179035902       2.59346161E-05
   5740.5367226932276       0.194457114       2.68260137E-05
   5742.9939298313893       0.185982823       2.64782848E-05
   5745.4511369695510       0.177535236       2.58123182E-05
   5747.9083441077128       0.202797890       2.80160893E-05
   5750.3655512458745       0.201140672       2.87552502E-05
   5752.8227583840371       0.207786664       2.89596501E-05
   5755.2799655221988       0.201413557       2.88946776E-05
   5757.7371726603606       0.205655366       2.83264180E-05
   5760.1943797985223       0.182150885       2.63552447E-05
   5762.6515869366840       0.171075910       2.44331968E-05
   5765.1087940748457       0.176495790       2.43767481E-05
   5767.5660012130083       0.146262065       2.19518115E-05
   5770.0232083511701       0.171878085       2.37627664E-05
   5772.4804154893318       0.178751513       2.55263658E-05
   5774.9376226274935       0.191956565       2.71108038E-05
   5777.3948297656552       0.208407447       2.95550581E-05
   5779.8520369038170       0.224881992       3.09668903E-05
   5782.3092440419787       0.206111610       2.96094804E-05
   5784.7664511801413       0.200206548       2.87135354E-05
   5787.2236583183030       0.217483670       3.06181937E-05
   5789.6808654564647       0.227751568       3.21649459E-05
   5792.1380725946265       0.235197276       3.25209003E-05
   5794.5952797327882       0.206771895       3.04492478E-05
   5797.0524868709508       0.230549648       3.27933121E-05
   5799.5096940091125       0.264366448       3.60296253E-05
   5801.9669011472743       0.233657122       3.34969809E-05
   5804.4241082854360       0.212758422       3.08072194E-05
   5806.8813154235977       0.228025019       3.15900215E-05
   5809.3385225617594       0.212429151       3.00462925E-05
   5811.7957296999211       0.192353770       2.81777011E-05
   5814.2529368380838       0.214534581       2.93842149E-05
   5816.7101439762455       0.200136051       2.85841215E-05
   5819.1673511144072       0.184171781       2.64160699E-05
   5821.6245582525689       0.193219885       2.76465853E-05
   5824.0817653907307       0.213079378       2.97722472E-05
   5826.5389725288924       0.220145971       3.08349845E-05
   5828.9961796670550       0.206557944       3.02465360E-05
   5831.4533868052167       0.237976283       3.22144879E-05
   5833.9105939433784       0.208596438       3.07846130E-05
   5836.3678010815402       0.227324903       3.12347474E-05
   5838.8250082197019       0.214522392       3.01264881E-05
   5841.2822153578636       0.171464711       2.53568342E-05
   5843.7394224960262       0.180989087       2.52754817E-05
   5846.1966296341880       0.179068610       2.54227616E-05
   5848.6538367723497       0.179156885       2.49570221E-05
   5851.1110439105114       0.161038429       2.26256998E-05
   5853.5682510486731       0.129533783       1.97204845E-05
   5856.0254581868348       0.158682644       2.16622138E-05
   5858.4826653249966       0.158302307       2.21635473E-05
   5860.9398724631592       0.130426303       1.95790890E-05
   5863.3970796013209       0.157060936       2.16784938E-05
   5865.8542867394826       0.162266999       2.30811311E-05
   5868.3114938776444       0.171224117       2.38639132E-05
   5870.7687010158061       0.165512234       2.33570372E-05
   5873.2259081539678       0.156249344       2.23688257E-05
   5875.6831152921304       0.158937573       2.25192507E-05
   5878.1403224302921       0.164281726       2.22485123E-05
   5880.5975295684539       0.116721913       1.73254030E-05
   5883.0547367066156        8.81906673E-02   1.50207907E-05
   5885.5119438447773       0.162613630       2.07367721E-05
   5887.9691509829390       0.140026540       2.02623778E-05
   5890.4263581211017        7.76849315E-02   1.33797303E-05
   5892.8835652592634       0.126596257       1.68329207E-05
   5895.3407723974251       0.129658356       1.81772757E-05
   5897.7979795355868       0.119395651       1.70585063E-05
   5900.2551866737485       0.117099158       1.67111139E-05
   5902.7123938119103       0.123629659       1.75406622E-05
   5905.1696009500720       0.131396830       1.84504825E-05
   5907.6268080882346       0.135070488       1.90653209E-05
   5910.0840152263963       0.134800822       1.95065350E-05
   5912.5412223645581       0.154980510       2.13869862E-05
   5914.9984295027198       0.152161673       2.16579319E-05
   5917.4556366408815       0.152173430       2.10901671E-05
   5919.9128437790432       0.134749457       2.01170860E-05
   5922.3700509172058       0.160754651       2.21750779E-05
   5924.8272580553676       0.166234493       2.30239348E-05
   5927.2844651935293       0.136763990       1.99387832E-05
   5929.7416723316910       0.136332765       1.96255969E-05
   5932.1988794698527       0.150811717       2.10764629E-05
   5934.6560866080144       0.157149285       2.21867958E-05
   5937.1132937461771       0.155741021       2.17545912E-05
   5939.5705008843388       0.147629946       2.14871743E-05
   5942.0277080225005       0.160233289       2.24097894E-05
   5944.4849151606622       0.166633561       2.33653172E-05
   5946.9421222988240       0.153635189       2.25610402E-05
   5949.3993294369857       0.177170724       2.38931752E-05
   5951.8565365751474       0.148676559       2.25083477E-05
   5954.3137437133100       0.177506775       2.34900563E-05
   5956.7709508514718       0.146390215       2.18915720E-05
   5959.2281579896335       0.146980390       2.06171280E-05
   5961.6853651277952       0.151748791       2.12991563E-05
   5964.1425722659569       0.131297678       1.91713334E-05
   5966.5997794041186       0.144736737       2.05838951E-05
   5969.0569865422813       0.160544589       2.27105720E-05
   5971.5141936804430       0.175568759       2.39073415E-05
   5973.9714008186047       0.137544617       2.06229652E-05
   5976.4286079567664       0.151402101       2.12515042E-05
   5978.8858150949281       0.162820071       2.31502836E-05
   5981.3430222330899       0.176608741       2.42605565E-05
   5983.8002293712525       0.157432035       2.29209927E-05
   5986.2574365094142       0.166174710       2.38828507E-05
   5988.7146436475759       0.193376824       2.66513598E-05
   5991.1718507857377       0.190212160       2.68303938E-05
   5993.6290579238994       0.177307412       2.53574344E-05
   5996.0862650620611       0.179222658       2.50543926E-05
   5998.5434722002228       0.166125506       2.39237943E-05
   6001.0006793383855       0.171469033       2.42456172E-05
   6003.4578864765472       0.178727910       2.50944613E-05
   6005.9150936147089       0.176259086       2.46960099E-05
   6008.3723007528706       0.161915541       2.35308162E-05
   6010.8295078910323       0.175377265       2.47286844E-05
   6013.2867150291941       0.186670870       2.57312731E-05
   6015.7439221673567       0.165457904       2.42145616E-05
   6018.2011293055184       0.177168548       2.47412790E-05
   6020.6583364436801       0.180714294       2.54770384E-05
   6023.1155435818418       0.173143134       2.44815019E-05
   6025.5727507200036       0.169728056       2.44165203E-05
   6028.0299578581653       0.180862337       2.53905837E-05
   6030.4871649963279       0.188997701       2.68514177E-05
   6032.9443721344896       0.196978986       2.76647115E-05
   6035.4015792726514       0.199650705       2.78070402E-05
   6037.8587864108131       0.173334107       2.59444660E-05
   6040.3159935489748       0.213088095       2.98350697E-05
   6042.7732006871365       0.238349631       3.26603622E-05
   6045.2304078252982       0.216299742       3.17740632E-05
   6047.6876149634609       0.241032571       3.37083802E-05
   6050.1448221016226       0.254108310       3.52187053E-05
   6052.6020292397843       0.220537648       3.27728303E-05
   6055.0592363779460       0.258008331       3.53512005E-05
   6057.5164435161078       0.250502288       3.57989884E-05
   6059.9736506542704       0.250818163       3.55460543E-05
   6062.4308577924321       0.262225837       3.74851115E-05
   6064.8880649305938       0.285210520       3.89182351E-05
   6067.3452720687555       0.249891579       3.64489424E-05
   6069.8024792069173       0.248384371       3.55084267E-05
   6072.2596863450790       0.273187935       3.79295197E-05
   6074.7168934832407       0.257940412       3.65992455E-05
   6077.1741006214033       0.248799220       3.51378585E-05
   6079.6313077595651       0.233079523       3.41532468E-05
   6082.0885148977268       0.269236535       3.68710644E-05
   6084.5457220358885       0.256686062       3.71002316E-05
   6087.0029291740502       0.272196531       3.77183496E-05
   6089.4601363122119       0.259382129       3.67193097E-05
   6091.9173434503737       0.238584012       3.51040762E-05
   6094.3745505885363       0.278126419       3.75593008E-05
   6096.8317577266980       0.244229704       3.52834795E-05
   6099.2889648648597       0.222809330       3.23246240E-05
   6101.7461720030215       0.246669233       3.42996791E-05
   6104.2033791411832       0.241848990       3.47266214E-05
   6106.6605862793458       0.261395603       3.64151711E-05
   6109.1177934175075       0.255368888       3.54892218E-05
   6111.5750005556692       0.217851982       3.21751795E-05
   6114.0322076938310       0.234631628       3.24947141E-05
   6116.4894148319927       0.231456324       3.29716931E-05
   6118.9466219701544       0.224001348       3.21126900E-05
   6121.4038291083161       0.242188528       3.32679956E-05
   6123.8610362464788       0.206274927       3.00037773E-05
   6126.3182433846405       0.207335204       2.94107704E-05
   6128.7754505228022       0.215166271       3.04398745E-05
   6131.2326576609639       0.221859366       3.05243957E-05
   6133.6898647991256       0.185947075       2.77181043E-05
   6136.1470719372874       0.208833620       2.85210754E-05
   6138.6042790754491       0.196243733       2.84232283E-05
   6141.0614862136117       0.202591717       2.82957044E-05
   6143.5186933517734       0.199566841       2.77514500E-05
   6145.9759004899352       0.161065981       2.43924678E-05
   6148.4331076280969       0.193355411       2.57434767E-05
   6150.8903147662586       0.160128847       2.33137307E-05
   6153.3475219044212       0.193251625       2.07325411E-05
   6155.8047290425829       0.188953072       2.56125149E-05
   6158.2619361807447       0.195564374       2.73448404E-05
   6160.7191433189064       0.178227216       2.54122569E-05
   6163.1763504570681       0.173104867       2.44777511E-05
   6165.6335575952298       0.165652201       2.36679316E-05
   6168.0907647333916       0.170450807       2.39167221E-05
   6170.5479718715542       0.165899128       2.32760322E-05
   6173.0051790097159       0.152869061       2.24229716E-05
   6175.4623861478776       0.175465956       2.47459830E-05
   6177.9195932860393       0.194230691       2.63241236E-05
   6180.3768004242011       0.155548036       2.32134698E-05
   6182.8340075623637       0.165040895       2.27136334E-05
   6185.2912147005254       0.155016467       2.23191200E-05
   6187.7484218386871       0.152601182       2.21645660E-05
   6190.2056289768489       0.179616451       2.46359868E-05
   6192.6628361150106       0.170969859       2.44021776E-05
   6195.1200432531723       0.169385612       2.36186297E-05
   6197.5772503913340       0.153513372       2.20617767E-05
   6200.0344575294966       0.149939209       2.12229661E-05
   6202.4916646676584       0.149523795       2.09677492E-05
   6204.9488718058201       0.138876453       1.99043952E-05
   6207.4060789439818       0.140675411       2.05887536E-05
   6209.8632860821435       0.172177121       2.35257903E-05
   6212.3204932203053       0.169252887       2.38692737E-05
   6214.7777003584670       0.155232623       2.22895578E-05
   6217.2349074966296       0.159447476       2.25241602E-05
   6219.6921146347913       0.162562743       2.29705784E-05
   6222.1493217729530       0.163923323       2.28023055E-05
   6224.6065289111148       0.147619992       2.18964979E-05
   6227.0637360492765       0.173778072       2.37701533E-05
   6229.5209431874382       0.169890419       2.42035621E-05
   6231.9781503256008       0.164581537       2.35735897E-05
   6234.4353574637626       0.175871640       2.42266997E-05
   6236.8925646019243       0.155862808       2.30141904E-05
   6239.3497717400860       0.175656110       2.39366946E-05
   6241.8069788782477       0.160984382       2.31936192E-05
   6244.2641860164094       0.154879928       2.26934517E-05
   6246.7213931545721       0.188054875       2.60058150E-05
   6249.1786002927338       0.193437487       2.68873846E-05
   6251.6358074308955       0.174836233       2.50306512E-05
   6254.0930145690572       0.166202098       2.38211906E-05
   6256.5502217072190       0.172569960       2.40098198E-05
   6259.0074288453807       0.162114948       2.40768095E-05
   6261.4646359835424       0.200095579       2.76889550E-05
   6263.9218431217050       0.214271113       2.98026916E-05
   6266.3790502598667       0.197415009       2.84208181E-05
   6268.8362573980285       0.204374641       2.88239498E-05
   6271.2934645361902       0.209696785       2.98995528E-05
   6273.7506716743519       0.224464968       3.11580734E-05
   6276.2078788125136       0.213944331       3.03666347E-05
   6278.6650859506763       0.203282788       2.92637615E-05
   6281.1222930888380       0.217965662       3.09003481E-05
   6283.5795002269997       0.237227082       3.35326185E-05
   6286.0367073651614       0.255049109       3.55841476E-05
   6288.4939145033231       0.250448823       3.50795708E-05
   6290.9511216414849       0.226060659       3.28713577E-05
   6293.4083287796475       0.240847737       3.39258113E-05
   6295.8655359178092       0.252370000       3.53353425E-05
   6298.3227430559709       0.245912299       3.59810656E-05
   6300.7799501941327       0.291350037       4.01428078E-05
   6303.2371573322944       0.293023288       4.11016772E-05
   6305.6943644704561       0.268373460       3.93831979E-05
   6308.1515716086178       0.309725314       4.31217559E-05
   6310.6087787467804       0.323846251       4.52111744E-05
   6313.0659858849422       0.304577798       4.34890571E-05
   6315.5231930231039       0.303038031       4.30902001E-05
   6317.9804001612656       0.314280778       4.45345831E-05
   6320.4376072994273       0.328477085       4.62632779E-05
   6322.8948144375890       0.336856335       4.80033195E-05
   6325.3520215757508       0.357281268       4.92971158E-05
   6327.8092287139134       0.326251358       4.70930463E-05
   6330.2664358520751       0.326496929       4.74759945E-05
   6332.7236429902368       0.387638539       5.31275582E-05
   6335.1808501283986       0.373497069       5.33572893E-05
   6337.6380572665603       0.375178754       5.31589321E-05
   6340.0952644047229       0.388043821       5.50961595E-05
   6342.5524715428846       0.408806473       5.76906132E-05
   6345.0096786810464       0.425919563       5.94155390E-05
   6347.4668858192081       0.402158022       5.67702991E-05
   6349.9240929573698       0.367380887       5.30685502E-05
   6352.3813000955315       0.381828606       5.41186564E-05
   6354.8385072336932       0.406270385       5.69973854E-05
   6357.2957143718559       0.407574177       5.75150152E-05
   6359.7529215100176       0.402104616       5.68019277E-05
   6362.2101286481793       0.393276334       5.65774099E-05
   6364.6673357863410       0.426884145       5.95717211E-05
   6367.1245429245027       0.429028898       6.03193184E-05
   6369.5817500626654       0.406859398       5.77975661E-05
   6372.0389572008271       0.396034539       5.58428401E-05
   6374.4961643389888       0.376295805       5.37579290E-05
   6376.9533714771505       0.378800690       5.36300540E-05
   6379.4105786153123       0.387869984       5.47978852E-05
   6381.8677857534740       0.391981930       5.51684207E-05
   6384.3249928916357       0.387132615       5.56041778E-05
   6386.7822000297983       0.418097377       5.85741072E-05
   6389.2394071679601       0.430197686       6.03744047E-05
   6391.6966143061218       0.413261116       5.88695293E-05
   6394.1538214442835       0.417704403       5.88800831E-05
   6396.6110285824452       0.413359702       5.88174917E-05
   6399.0682357206069       0.425129175       5.99551349E-05
   6401.5254428587687       0.431453735       6.12263757E-05
   6403.9826499969313       0.446398318       6.26565961E-05
   6406.4398571350930       0.441617608       6.24090026E-05
   6408.8970642732547       0.430522799       6.06083813E-05
   6411.3542714114164       0.406214684       5.78572144E-05
   6413.8114785495782       0.396441281       5.66680901E-05
   6416.2686856877408       0.416933358       5.83835172E-05
   6418.7258928259025       0.410017133       5.74551450E-05
   6421.1830999640642       0.376065075       5.50479563E-05
   6423.6403071022260       0.421669394       5.83149704E-05
   6426.0975142403877       0.417662829       5.88105540E-05
   6428.5547213785494       0.383642912       5.61461202E-05
   6431.0119285167111       0.437257290       6.01063257E-05
   6433.4691356548738       0.420023888       6.01814972E-05
   6435.9263427930355       0.425640851       5.97842445E-05
   6438.3835499311972       0.423089445       6.00807762E-05
   6440.8407570693589       0.423464388       5.99362866E-05
   6443.2979642075206       0.431076199       6.05966015E-05
   6445.7551713456824       0.419518530       6.03355620E-05
   6448.2123784838450       0.452229828       6.28056005E-05
   6450.6695856220067       0.438386112       6.22572989E-05
   6453.1267927601684       0.426369131       6.07257061E-05
   6455.5839998983301       0.438564211       6.16798716E-05
   6458.0412070364919       0.434537917       6.15836325E-05
   6460.4984141746536       0.434361845       6.13629745E-05
   6462.9556213128162       0.433248937       6.19014754E-05
   6465.4128284509779       0.459516853       6.44868705E-05
   6467.8700355891397       0.466051310       6.53394454E-05
   6470.3272427273014       0.441276997       6.32812371E-05
   6472.7844498654631       0.454308420       6.38970887E-05
   6475.2416570036248       0.456422329       6.46041808E-05
   6477.6988641417865       0.455546856       6.44244865E-05
   6480.1560712799492       0.457901567       6.49549911E-05
   6482.6132784181109       0.467374861       6.63120372E-05
   6485.0704855562726       0.487742186       6.83374674E-05
   6487.5276926944343       0.479144603       6.84253828E-05
   6489.9848998325961       0.497504473       7.02411271E-05
   6492.4421069707587       0.515614986       7.30372776E-05
   6494.8993141089204       0.536476791       7.58991882E-05
   6497.3565212470821       0.559979498       7.87929675E-05
   6499.8137283852438       0.565962136       8.12045837E-05
   6502.2709355234056       0.623828053       8.79196232E-05
   6504.7281426615673       0.669743538       9.31469986E-05
   6507.1853497997290       0.640921891       9.15774508E-05
   6509.6425569378916       0.646800339       9.15196506E-05
   6512.0997640760534       0.662442207       9.39354431E-05
   6514.5569712142151       0.685804904       9.74323921E-05
   6517.0141783523768       0.731630206       1.02893071E-04
   6519.4713854905385       0.754311860       1.07930762E-04
   6521.9285926287002       0.829819798       1.16392206E-04
   6524.3857997668620       0.867812693       1.22147714E-04
   6526.8430069050246       0.871424913       1.23956168E-04
   6529.3002140431863       0.910704076       1.28800340E-04
   6531.7574211813480       0.952869236       1.34626825E-04
   6534.2146283195098       0.989856720       1.39722993E-04
   6536.6718354576715        1.01484263       1.42528355E-04
   6539.1290425958341       0.989972889       1.38907140E-04
   6541.5862497339958       0.904024720       1.29782216E-04
   6544.0434568721575       0.893372357       1.25703897E-04
   6546.5006640103193       0.863701463       1.22324491E-04
   6548.9578711484810       0.825865328       1.18016913E-04
   6551.4150782866427       0.846228540       1.19779252E-04
   6553.8722854248044       0.881589234       1.29835695E-04
   6556.3294925629671        1.14032888       1.60356736E-04
   6558.7866997011288        1.33881545       1.81035182E-04
   6561.2439068392905        1.13396776       1.60621479E-04
   6563.7011139774522       0.831984639       1.22877434E-04
   6566.1583211156139       0.730228245       1.04849962E-04
   6568.6155282537766       0.710102916       1.00640609E-04
   6571.0727353919374       0.695182800       9.85622319E-05
   6573.5299425301000       0.691428781       9.66101288E-05
   6575.9871496682617       0.631909430       9.13697659E-05
   6578.4443568064235       0.657021224       9.40953250E-05
   6580.9015639445852       0.743756950       1.03386294E-04
   6583.3587710827469       0.751349807       1.05783074E-04
   6585.8159782209095       0.730512023       1.03136648E-04
   6588.2731853590703       0.701994002       9.95213704E-05
   6590.7303924972330       0.680462599       9.66753214E-05
   6593.1875996353947       0.679795206       9.60338002E-05
   6595.6448067735564       0.678229213       9.65396248E-05
   6598.1020139117181       0.703977942       9.84569197E-05
   6600.5592210498799       0.688813031       9.82063793E-05
   6603.0164281880425       0.702036142       9.97809839E-05
   6605.4736353262042       0.745129526       1.04230297E-04
   6607.9308424643659       0.736864269       1.05491177E-04
   6610.3880496025276       0.782452345       1.09095869E-04
   6612.8452567406894       0.766317725       1.08030232E-04
   6615.3024638788520       0.717177808       1.01699428E-04
   6617.7596710170128       0.679863572       9.61692058E-05
   6620.2168781551754       0.636990726       9.15564160E-05
   6622.6740852933372       0.660369039       9.27601213E-05
   6625.1312924314989       0.661199450       9.31983013E-05
   6627.5884995696606       0.643364608       9.23988409E-05
   6630.0457067078223       0.688809752       9.55368669E-05
   6632.5029138459849       0.655163050       9.23845582E-05
   6634.9601209841458       0.586431265       8.56262996E-05
   6637.4173281223084       0.645209610       9.08524671E-05
   6639.8745352604701       0.691973448       9.59672179E-05
   6642.3317423986318       0.646942019       9.19164013E-05
   6644.7889495367936       0.609403431       8.66885093E-05
   6647.2461566749553       0.597511768       8.38239066E-05
   6649.7033638131179       0.550238669       7.85410812E-05
   6652.1605709512796       0.529355288       7.53070926E-05
   6654.6177780894413       0.533437431       7.56252630E-05
   6657.0749852276031       0.546447635       7.74843065E-05
   6659.5321923657648       0.572776914       8.16244137E-05
   6661.9893995039274       0.626765847       8.76729173E-05
   6664.4466066420882       0.642510474       9.07688227E-05
   6666.9038137802509       0.648490667       9.19475351E-05
   6669.3610209184126       0.668562651       9.37360019E-05
   6671.8182280565743       0.652472496       9.28704831E-05
   6674.2754351947360       0.657773018       9.15730852E-05
   6676.7326423328977       0.598088622       8.48493582E-05
   6679.1898494710604       0.528008938       7.64986689E-05
   6681.6470566092212       0.543464661       7.67343226E-05
   6684.1042637473838       0.559530497       7.89344049E-05
   6686.5614708855455       0.563128591       7.92850187E-05
   6689.0186780237073       0.552043974       7.85689335E-05
   6691.4758851618690       0.562472522       8.03762596E-05
   6693.9330923000307       0.612095177       8.53995589E-05
   6696.3902994381933       0.613820374       8.73909303E-05
   6698.8475065763550       0.636667073       9.02144020E-05
   6701.3047137145168       0.672751844       9.38222147E-05
   6703.7619208526785       0.647351801       9.22950858E-05
   6706.2191279908402       0.649505317       9.13928743E-05
   6708.6763351290019       0.636182845       8.95171688E-05
   6711.1335422671636       0.591732800       8.38082342E-05
   6713.5907494053263       0.548735023       7.84403019E-05
   6716.0479565434880       0.540255964       7.69426842E-05
   6718.5051636816497       0.558674693       7.81676790E-05
   6720.9623708198114       0.539626598       7.73354259E-05
   6723.4195779579732       0.563390732       7.98374822E-05
   6725.8767850961358       0.599934578       8.36468535E-05
   6728.3339922342975       0.579653025       8.23753799E-05
   6730.7911993724592       0.572853208       8.19126581E-05
   6733.2484065106210       0.611503899       8.62040106E-05
   6735.7056136487827       0.639072120       8.94304831E-05
   6738.1628207869444       0.622310400       8.85196569E-05
   6740.6200279251061       0.625328183       8.86873822E-05
   6743.0772350632687       0.643231273       8.99367151E-05
   6745.5344422014305       0.612318754       8.68360803E-05
   6747.9916493395922       0.584129393       8.32468650E-05
   6750.4488564777539       0.588316858       8.39402419E-05
   6752.9060636159156       0.627393425       8.83509201E-05
   6755.3632707540773       0.651424229       9.12768737E-05
   6757.8204778922391       0.634607196       9.08536167E-05
   6760.2776850304017       0.666752756       9.44599160E-05
   6762.7348921685634       0.711682975       9.98340765E-05
   6765.1920993067251       0.719365478       1.02148595E-04
   6767.6493064448869       0.744263947       1.05037878E-04
   6770.1065135830486       0.763240874       1.07416956E-04
   6772.5637207212112       0.755105317       1.06730280E-04
   6775.0209278593729       0.742478013       1.04676634E-04
   6777.4781349975347       0.710507035       9.99411059E-05
   6779.9353421356964       0.645994544       9.23939806E-05
   6782.3925492738581       0.619290829       8.87425849E-05
   6784.8497564120198       0.649712801       9.13872645E-05
   6787.3069635501815       0.661351860       9.39262463E-05
   6789.7641706883442       0.687547565       9.68172390E-05
   6792.2213778265059       0.699775636       9.88640895E-05
   6794.6785849646676       0.703848779       9.97047318E-05
   6797.1357921028293       0.717325389       1.00979451E-04
   6799.5929992409910       0.709358394       1.00668920E-04
   6802.0502063791528       0.715851307       1.01476624E-04
   6804.5074135173145       0.736417115       1.04048180E-04
   6806.9646206554771       0.753202856       1.06069398E-04
   6809.4218277936388       0.749157548       1.05779123E-04
   6811.8790349318006       0.735408008       1.04174891E-04
   6814.3362420699623       0.727379501       1.02849823E-04
   6816.7934492081240       0.720750332       1.02886348E-04
   6819.2506563462866       0.756251633       1.06393323E-04
   6821.7078634844484       0.770753920       1.08061824E-04
   6824.1650706226101       0.735898614       1.05628620E-04
   6826.6222777607718       0.769857466       1.08874177E-04
   6829.0794848989335       0.812680721       1.14498311E-04
   6831.5366920370961       0.832351923       1.17001982E-04
   6833.9938991752570       0.820289552       1.15890536E-04
   6836.4511063134196       0.798452020       1.14124123E-04
   6838.9083134515813       0.832060158       1.17011325E-04
   6841.3655205897430       0.840047896       1.17869386E-04
   6843.8227277279047       0.797251523       1.13014212E-04
   6846.2799348660665       0.760863483       1.08431632E-04
   6848.7371420042291       0.762321353       1.08123961E-04
   6851.1943491423908       0.779319882       1.09796776E-04
   6853.6515562805525       0.780250669       1.11793684E-04
   6856.1087634187143       0.846429169       1.19734381E-04
   6858.5659705568760       0.919661224       1.27624691E-04
   6861.0231776950377       0.875319183       1.22488404E-04
   6863.4803848331994       0.748520613       1.07402862E-04
   6865.9375919713621       0.667770386       9.66260486E-05
   6868.3947991095238       0.691403210       9.78526805E-05
   6870.8520062476855       0.724450469       1.02630198E-04
   6873.3092133858472       0.766377628       1.08836008E-04
   6875.7664205240089       0.831546664       1.16601703E-04
   6878.2236276621707       0.851867020       1.19054501E-04
   6880.6808348003324       0.802245378       1.14928502E-04
   6883.1380419384950       0.813715518       1.15347801E-04
   6885.5952490766567       0.847087741       1.18971744E-04
   6888.0524562148184       0.838247657       1.18453092E-04
   6890.5096633529802       0.823870003       1.16846626E-04
   6892.9668704911419       0.821066976       1.15937837E-04
   6895.4240776293036       0.813709378       1.15652489E-04
   6897.8812847674662       0.827529967       1.17106079E-04
   6900.3384919056280       0.852512062       1.20600358E-04
   6902.7956990437897       0.875911891       1.24034341E-04
   6905.2529061819514       0.910375118       1.28161613E-04
   6907.7101133201131       0.915836275       1.29501248E-04
   6910.1673204582748       0.917603433       1.28669592E-04
   6912.6245275964375       0.865246654       1.23651727E-04
   6915.0817347345992       0.863036692       1.22687357E-04
   6917.5389418727609       0.898362219       1.27437874E-04
   6919.9961490109226       0.951616228       1.34576025E-04
   6922.4533561490844        1.00749457       1.41722412E-04
   6924.9105632872470        1.02794349       1.45099504E-04
   6927.3677704254078        1.03515625       1.47303464E-04
   6929.8249775635704        1.08404481       1.53252622E-04
   6932.2821847017321        1.13589942       1.59782561E-04
   6934.7393918398939        1.14487708       1.61579854E-04
   6937.1965989780556        1.13807833       1.62967292E-04
   6939.6538061162173        1.22574723       1.75000721E-04
   6942.1110132543799        1.38734722       1.92604188E-04
   6944.5682203925408        1.39030039       1.96137509E-04
   6947.0254275307034        1.34836817       1.90503270E-04
   6949.4826346688651        1.30074704       1.84257922E-04
   6951.9398418070268        1.25318885       1.78233138E-04
   6954.3970489451885        1.24904275       1.76016183E-04
   6956.8542560833503        1.21819830       1.75224646E-04
   6959.3114632215129        1.31695962       1.86056088E-04
   6961.7686703596746        1.41765547       1.97675588E-04
   6964.2258774978363        1.38092613       1.95477725E-04
   6966.6830846359981        1.34068155       1.91136947E-04
   6969.1402917741598        1.37631357       1.96146328E-04
   6971.5974989123215        1.48170722       2.07723264E-04
   6974.0547060504832        1.51321256       2.13954205E-04
   6976.5119131886458        1.53013802       2.16156011E-04
   6978.9691203268076        1.54335105       2.17484660E-04
   6981.4263274649693        1.51150191       2.13626932E-04
   6983.8835346031310        1.46820593       2.07384131E-04
   6986.3407417412927        1.40706825       2.01439412E-04
   6988.7979488794554        1.45285237       2.04764525E-04
   6991.2551560176171        1.47915673       2.08911530E-04
   6993.7123631557788        1.48079538       2.09528007E-04
   6996.1695702939405        1.49225438       2.11661114E-04
   6998.6267774321022        1.52896965       2.16501081E-04
   7001.0839845702640        1.58281243       2.23309908E-04
   7003.5411917084257        1.61456811       2.29423677E-04
   7005.9983988465883        1.69219661       2.37865082E-04
   7008.4556059847500        1.71404791       2.43577670E-04
   7010.9128131229118        1.77864516       2.51505408E-04
   7013.3700202610735        1.85558236       2.61052250E-04
   7015.8272273992352        1.86256194       2.62736430E-04
   7018.2844345373978        1.84015572       2.61099893E-04
   7020.7416416755586        1.85159945       2.63524940E-04
   7023.1988488137213        1.95272756       2.77154933E-04
   7025.6560559518830        2.10158968       2.96070619E-04
   7028.1132630900447        2.20940399       3.11745127E-04
   7030.5704702282064        2.28039241       3.22598265E-04
   7033.0276773663682        2.36234713       3.32083669E-04
   7035.4848845045308        2.35365295       3.34564858E-04
   7037.9420916426916        2.41939998       3.42388405E-04
   7040.3992987808542        2.50862336       3.53914103E-04
   7042.8565059190159        2.55910039       3.59415164E-04
   7045.3137130571777        2.48518920       3.47160036E-04
   7047.7709201953394        2.17450047       3.06646776E-04
   7050.2281273335011        1.70208335       2.43602510E-04
   7052.6853344716637        1.21813118       1.79542665E-04
   7055.1425416098255       0.944225073       1.38745265E-04
   7057.5997487479872       0.914263010       1.29976062E-04
   7060.0569558861489       0.921905220       1.30732195E-04
   7062.5141630243106       0.950317562       1.34404574E-04
   7064.9713701624732       0.985933423       1.39931188E-04
   7067.4285773006350        1.05182707       1.47746279E-04
   7069.8857844387967        1.08095217       1.52465611E-04
   7072.3429915769584        1.09646261       1.54961250E-04
   7074.8001987151201        1.11495030       1.57976843E-04
   7077.2574058532819        1.15493608       1.62494049E-04
   7079.7146129914436        1.16148543       1.62534066E-04
   7082.1718201296062        1.08763921       1.53321686E-04
   7084.6290272677679       0.971513510       1.37828843E-04
   7087.0862344059296       0.863895178       1.23875594E-04
   7089.5434415440914       0.824624538       1.17738695E-04
   7092.0006486822531       0.845259428       1.19188357E-04
   7094.4578558204148       0.851696253       1.21142570E-04
   7096.9150629585765       0.890468597       1.25726219E-04
   7099.3722700967392       0.923951864       1.30227927E-04
   7101.8294772349009       0.939013660       1.33553360E-04
   7104.2866843730626       0.990496993       1.40206044E-04
   7106.7438915112243        1.05226576       1.47574174E-04
   7109.2010986493860        1.06228447       1.51361470E-04
   7111.6583057875478        1.11850679       1.57205519E-04
   7114.1155129257095        1.14488447       1.61797565E-04
   7116.5727200638721        1.15208292       1.60991651E-04
   7119.0299272020338        1.07890272       1.52944427E-04
   7121.4871343401956       0.987859547       1.40048869E-04
   7123.9443414783573       0.916530311       1.29749198E-04
   7126.4015486165190       0.823872685       1.18538032E-04
   7128.8587557546816       0.827367604       1.17383723E-04
   7131.3159628928424       0.848214328       1.19377386E-04
   7133.7731700310051       0.847112119       1.19838864E-04
   7136.2303771691668       0.839392304       1.20240933E-04
   7138.6875843073285       0.906577468       1.26729938E-04
   7141.1447914454911       0.910339713       1.29130101E-04
   7143.6019985836519       0.928082585       1.30696950E-04
   7146.0592057218146       0.922644556       1.30450688E-04
   7148.5164128599763       0.917581618       1.31289577E-04
   7150.9736199981380       0.979374588       1.37504088E-04
   7153.4308271362997        1.00816202       1.41788856E-04
   7155.8880342744615       0.987342596       1.39942291E-04
   7158.3452414126241       0.987203896       1.39271811E-04
   7160.8024485507858       0.963622749       1.36200833E-04
   7163.2596556889475       0.939122260       1.33374444E-04
   7165.7168628271093       0.932590365       1.32743371E-04
   7168.1740699652710       0.970707238       1.36224771E-04
   7170.6312771034327       0.959165931       1.36734991E-04
   7173.0884842415944       0.997151256       1.41639684E-04
   7175.5456913797570        1.06706107       1.49902000E-04
   7178.0028985179188        1.09409165       1.53979679E-04
   7180.4601056560805        1.08122122       1.54346606E-04
   7182.9173127942422        1.13449478       1.59445801E-04
   7185.3745199324039        1.14806998       1.61999604E-04
   7187.8317270705656        1.13767934       1.61252043E-04
   7190.2889342087274        1.14437532       1.61979988E-04
   7192.7461413468900        1.15650165       1.62080847E-04
   7195.2033484850517        1.09703135       1.55194837E-04
   7197.6605556232134        1.02305973       1.46583188E-04
   7200.1177627613752        1.03404772       1.46945313E-04
   7202.5749698995369        1.08619118       1.54137117E-04
   7205.0321770376986        1.15967941       1.63269375E-04
   7207.4893841758603        1.20701528       1.71623353E-04
   7209.9465913140230        1.29346859       1.82290925E-04
   7212.4037984521847        1.35213423       1.88722872E-04
   7214.8610055903464        1.29669082       1.87525016E-04
   7217.3182127285090        1.41259742       1.97039524E-04
   7219.7754198666698        1.43510616       2.03657924E-04
   7222.2326270048325        1.45687401       2.07011821E-04
   7224.6898341429942        1.53888738       2.14140993E-04
   7227.1470412811559        1.44773149       2.06879980E-04
   7229.6042484193176        1.43771720       2.03681309E-04
   7232.0614555574793        1.45707548       2.07645484E-04
   7234.5186626956420        1.53892386       2.15706415E-04
   7236.9758698338028        1.54870975       2.21355629E-04
   7239.4330769719654        1.64693594       2.31469792E-04
   7241.8902841101271        1.69924843       2.40113761E-04
   7244.3474912482889        1.72702849       2.46328418E-04
   7246.8046983864506        1.84998882       2.58056098E-04
   7249.2619055246123        1.82274354       2.62142625E-04
   7251.7191126627749        1.97576344       2.78388325E-04
   7254.1763198009367        2.10118270       2.93549063E-04
   7256.6335269390984        2.04953170       2.94502795E-04
   7259.0907340772601        2.19092774       3.06196307E-04
   7261.5479412154218        2.20562792       3.14939098E-04
   7264.0051483535835        2.31389022       3.24692868E-04
   7266.4623554917453        2.34173131       3.27828631E-04
   7268.9195626299079        2.15572262       3.07701353E-04
   7271.3767697680696        2.08801985       2.94960046E-04
   7273.8339769062313        1.99892628       2.89662712E-04
   7276.2911840443930        2.21554565       3.12120945E-04
   7278.7483911825548        2.41129422       3.41618084E-04
   7281.2055983207165        2.60348582       3.63312429E-04
   7283.6628054588782        2.59353542       3.65914922E-04
   7286.1200125970408        2.49504256       3.56439909E-04
   7288.5772197352026        2.57866740       3.67644679E-04
   7291.0344268733643        2.79669142       3.93818744E-04
   7293.4916340115260        2.95401263       4.16447379E-04
   7295.9488411496877        3.03458858       4.29288775E-04
   7298.4060482878504        3.12232089       4.39900381E-04
   7300.8632554260121        3.14193487       4.52037377E-04
   7303.3204625641738        3.48530579       4.84345161E-04
   7305.7776697023355        3.49178720       4.95116808E-04
   7308.2348768404972        3.47812319       4.93957778E-04
   7310.6920839786590        3.61089516       5.12445229E-04
   7313.1492911168207        3.79721975       5.36192791E-04
   7315.6064982549833        3.97411156       5.59932261E-04
   7318.0637053931450        4.03026295       5.71323792E-04
   7320.5209125313067        4.15480042       5.83221728E-04
   7322.9781196694685        4.07406569       5.80197957E-04
   7325.4353268076302        4.15092134       5.84608526E-04
   7327.8925339457928        4.14588070       5.92688273E-04
   7330.3497410839536        4.40303135       6.21195592E-04
   7332.8069482221163        4.63877487       6.55094162E-04
   7335.2641553602780        4.80345964       6.76328433E-04
   7337.7213624984397        4.84548569       6.80279976E-04
   7340.1785696366014        4.61458111       6.54133735E-04
   7342.6357767747631        4.42054129       6.30067836E-04
   7345.0929839129258        4.44194937       6.30706258E-04
   7347.5501910510866        4.59642506       6.46209577E-04
   7350.0073981892492        4.56757355       6.45630469E-04
   7352.4646053274109        4.51189184       6.42205647E-04
   7354.9218124655727        4.63979053       6.56798074E-04
   7357.3790196037344        4.82473803       6.81661011E-04
   7359.8362267418961        4.97754002       7.06041639E-04
   7362.2934338800587        5.23693943       7.35215552E-04
   7364.7506410182204        5.25915861       7.42728880E-04
   7367.2078481563822        5.20859432       7.36359565E-04
   7369.6650552945439        5.13824368       7.26400234E-04
   7372.1222624327056        5.05377483       7.19239179E-04
   7374.5794695708682        5.16436005       7.28979532E-04
   7377.0366767090300        5.24516201       7.40735617E-04
   7379.4938838471917        5.25503349       7.44730874E-04
   7381.9510909853534        5.34798431       7.54101551E-04
   7384.4082981235151        5.33915377       7.56197842E-04
   7386.8655052616768        5.37273359       7.56723224E-04
   7389.3227123998386        5.25905037       7.42482720E-04
   7391.7799195380012        5.06101370       7.21962657E-04
   7394.2371266761629        5.13313007       7.26635568E-04
   7396.6943338143246        5.27266121       7.41896918E-04
   7399.1515409524864        5.22022152       7.37077324E-04
   7401.6087480906481        5.10526180       7.23600679E-04
   7404.0659552288098        5.04995155       7.18269614E-04
   7406.5231623669715        5.19744730       7.33230845E-04
   7408.9803695051341        5.27806711       7.44473946E-04
   7411.4375766432959        5.26237106       7.42386444E-04
   7413.8947837814576        5.15033293       7.28121202E-04
   7416.3519909196193        5.01182795       7.11623055E-04
   7418.8091980577810        4.99770403       7.11346860E-04
   7421.2664051959437        5.21138906       7.35155132E-04
   7423.7236123341045        5.36116838       7.54309760E-04
   7426.1808194722671        5.32486534       7.51507236E-04
   7428.6380266104288        5.19968653       7.35528942E-04
   7431.0952337485905        5.06661177       7.17867981E-04
   7433.5524408867523        4.98918915       7.09059183E-04
   7436.0096480249140        5.07005882       7.13774411E-04
   7438.4668551630766        5.01714468       7.07634958E-04
   7440.9240623012374        4.84407902       6.89967943E-04
   7443.3812694394001        4.89134598       6.91279653E-04
   7445.8384765775618        4.93606472       6.96783303E-04
   7448.2956837157235        4.91862535       6.98591175E-04
   7450.7528908538861        5.03486538       7.09714601E-04
   7453.2100979920478        5.07301521       7.17641029E-04
   7455.6673051302096        5.09733868       7.21686229E-04
   7458.1245122683713        5.18176317       7.32185610E-04
   7460.5817194065330        5.22738504       7.38221628E-04
   7463.0389265446947        5.24099970       7.42160424E-04
   7465.4961336828565        5.28228474       7.45604862E-04
   7467.9533408210191        5.27627468       7.44083489E-04
   7470.4105479591808        5.14467907       7.31210457E-04
   7472.8677550973425        5.18034887       7.33335910E-04
   7475.3249622355042        5.26028967       7.45203404E-04
   7477.7821693736660        5.40753651       7.63465767E-04
   7480.2393765118277        5.50082302       7.76175410E-04
   7482.6965836499894        5.51523829       7.79236609E-04
   7485.1537907881520        5.48148251       7.75644847E-04
   7487.6109979263138        5.46856546       7.73278647E-04
   7490.0682050644755        5.44634676       7.73932727E-04
   7492.5254122026372        5.60045671       7.92113889E-04
   7494.9826193407989        5.77574158       8.14866100E-04
   7497.4398264789606        5.86698008       8.28623946E-04
   7499.8970336171224        5.89610720       8.32281657E-04
   7502.3542407552850        5.86200428       8.31883342E-04
   7504.8114478934467        5.93938017       8.38373322E-04
   7507.2686550316084        5.97095537       8.43277026E-04
   7509.7258621697702        5.92202616       8.39109940E-04
   7512.1830693079319        5.94803858       8.37639149E-04
   7514.6402764460936        5.80379248       8.24483053E-04
   7517.0974835842553        5.80597019       8.22307542E-04
   7519.5546907224179        5.87983131       8.28610733E-04
   7522.0118978605797        5.81696033       8.24654766E-04
   7524.4691049987414        5.83044624       8.27696291E-04
   7526.9263121369040        6.00597048       8.48073978E-04
   7529.3835192750648        6.13844538       8.69436772E-04
   7531.8407264132275        6.32884455       8.93671124E-04
   7534.2979335513892        6.48272562       9.16907680E-04
   7536.7551406895509        6.63110590       9.34306590E-04
   7539.2123478277126        6.63912773       9.38518089E-04
   7541.6695549658743        6.59829044       9.33151809E-04
   7544.1267621040370        6.56482983       9.27292916E-04
   7546.5839692421978        6.46417046       9.17836616E-04
   7549.0411763803604        6.52396297       9.21474653E-04
   7551.4983835185221        6.55300760       9.28748981E-04
   7553.9555906566839        6.66103458       9.39067744E-04
   7556.4127977948456        6.65581322       9.39876831E-04
   7558.8700049330073        6.56282902       9.29249334E-04
   7561.3272120711699        6.51745081       9.18894249E-04
   7563.7844192093316        6.34569216       9.02494707E-04
   7566.2416263474934        6.38974333       9.06416331E-04
   7568.6988334856551        6.60327291       9.30636656E-04
   7571.1560406238168        6.68087769       9.45167849E-04
   7573.6132477619785        6.78336525       9.61965416E-04
   7576.0704549001402        7.02901983       9.91555164E-04
   7578.5276620383029        7.18331575       1.00843201E-03
   7580.9848691764637        6.97878742       9.81834135E-04
   7583.4420763146263        6.46867847       9.11937270E-04
   7585.8992834527880        5.70863676       8.09270481E-04
   7588.3564905909498        4.86514330       6.91946538E-04
   7590.8136977291124        4.02601290       5.75875805E-04
   7593.2709048672732        3.30835295       4.71434556E-04
   7595.7281120054358        2.60582972       3.74339055E-04
   7598.1853191435976        1.97786677       2.89804302E-04
   7600.6425262817593        1.74071622       2.50764046E-04
   7603.0997334199219        1.75617969       2.53791630E-04
   7605.5569405580827        2.03457403       2.90780183E-04
   7608.0141476962453        2.47898316       3.56337492E-04
   7610.4713548344071        3.15320063       4.48821113E-04
   7612.9285619725688        3.92250967       5.49485441E-04
   7615.3857691107305        4.43123388       6.12600648E-04
   7617.8429762488922        4.29340219       5.93281409E-04
   7620.3001833870549        3.35606575       4.85918950E-04
   7622.7573905252157        2.67064881       3.84047744E-04
   7625.2145976633783        2.24094915       3.23651941E-04
   7627.6718048015400        2.04687071       2.94237165E-04
   7630.1290119397017        2.10173273       2.94418831E-04
   7632.5862190778635        2.03090358       2.89021031E-04
   7635.0434262160252        2.03212404       2.88685551E-04
   7637.5006333541878        2.10526896       2.96469341E-04
   7639.9578404923486        2.12588763       2.99399049E-04
   7642.4150476305113        2.08437085       2.95614940E-04
   7644.8722547686730        2.07569265       2.91263044E-04
   7647.3294619068347        1.96545696       2.79923639E-04
   7649.7866690449964        1.91966963       2.68709351E-04
   7652.2438761831581        1.75790608       2.48673314E-04
   7654.7010833213208        1.54526031       2.20730362E-04
   7657.1582904594816        1.42554462       1.99521761E-04
   7659.6154975976442        1.18984866       1.73561391E-04
   7662.0727047358059        1.16048062       1.66274258E-04
   7664.5299118739676        1.26575124       1.79864859E-04
   7666.9871190121294        1.40571892       1.99822054E-04
   7669.4443261502911        1.60176063       2.25966374E-04
   7671.9015332884537        1.76928687       2.48307420E-04
   7674.3587404266145        1.85612655       2.61604000E-04
   7676.8159475647772        1.90175116       2.70634046E-04
   7679.2731547029389        2.02414846       2.82197201E-04
   7681.7303618411006        1.97355509       2.80211010E-04
   7684.1875689792632        1.94491208       2.74484773E-04
   7686.6447761174240        1.89956999       2.66444142E-04
   7689.1019832555867        1.72282481       2.45168689E-04
   7691.5591903937484        1.58021390       2.23429844E-04
   7694.0163975319101        1.41821933       2.03882984E-04
   7696.4736046700727        1.38421810       2.00372044E-04
   7698.9308118082336        1.57305372       2.22853720E-04
   7701.3880189463962        1.77804041       2.51042104E-04
   7703.8452260845579        1.96393573       2.79711268E-04
   7706.3024332227196        2.22828150       3.11905460E-04
   7708.7596403608813        2.35475063       3.31849296E-04
   7711.2168474990431        2.41806889       3.45159206E-04
   7713.6740546372057        2.62764311       3.67763743E-04
   7716.1312617753665        2.68153310       3.81056510E-04
   7718.5884689135291        2.80127263       3.98329401E-04
   7721.0456760516909        3.03533769       4.25657374E-04
   7723.5028831898526        3.11040545       4.40859061E-04
   7725.9600903280143        3.21744013       4.55222733E-04
   7728.4172974661760        3.34675503       4.72461485E-04
   7730.8745046043387        3.43580604       4.86627338E-04
   7733.3317117424995        3.55372858       5.00726106E-04
   7735.7889188806621        3.59144211       5.06228360E-04
   7738.2461260188238        3.52496004       4.95490211E-04
   7740.7033331569855        3.30143881       4.69175167E-04
   7743.1605402951473        3.12428665       4.42665507E-04
   7745.6177474333090        2.98363590       4.23066900E-04
   7748.0749545714716        2.86350322       4.10047709E-04
   7750.5321617096324        2.97813630       4.19223128E-04
   7752.9893688477950        3.02231622       4.27483901E-04
   7755.4465759859568        3.05265665       4.32820758E-04
   7757.9037831241185        3.15094662       4.47618018E-04
   7760.3609902622811        3.34023929       4.69239341E-04
   7762.8181974004419        3.40627718       4.81715455E-04
   7765.2754045386046        3.45725942       4.91050363E-04
   7767.7326116767663        3.61937022       5.08661731E-04
   7770.1898188149280        3.64020705       5.13493840E-04
   7772.6470259530906        3.58571768       5.07961086E-04
   7775.1042330912514        3.56521487       5.03640738E-04
   7777.5614402294141        3.51623416       4.96040331E-04
   7780.0186473675749        3.39624357       4.83312819E-04
   7782.4758545057375        3.39637208       4.80812509E-04
   7784.9330616438992        3.44249439       4.90369915E-04
   7787.3902687820610        3.63435507       5.09687292E-04
   7789.8474759202236        3.65763140       5.15041000E-04
   7792.3046830583844        3.53255749       5.01901610E-04
   7794.7618901965470        3.51497149       4.97550878E-04
   7797.2190973347087        3.52385521       5.06040931E-04
   7799.6763044728705        3.88888240       5.50732831E-04
   7802.1335116110322        4.31386328       6.06531161E-04
   7804.5907187491939        4.56809092       6.42819970E-04
   7807.0479258873565        4.68057060       6.61905680E-04
   7809.5051330255174        4.78375101       6.75176270E-04
   7811.9623401636800        4.84057713       6.84653409E-04
   7814.4195473018417        4.88146544       6.85536768E-04
   7816.8767544400034        4.70458746       6.65679632E-04
   7819.3339615781651        4.47998714       6.36970974E-04
   7821.7911687163269        4.40456629       6.20938954E-04
   7824.2483758544895        4.22364664       6.00830244E-04
   7826.7055829926503        4.17362022       5.90648560E-04
   7829.1627901308129        4.16046143       5.90962067E-04
   7831.6199972689747        4.25440979       6.01908599E-04
   7834.0772044071364        4.37968588       6.19267637E-04
   7836.5344115452981        4.49983597       6.37357181E-04
   7838.9916186834598        4.67124462       6.57979748E-04
   7841.4488258216224        4.73489237       6.69426634E-04
   7843.9060329597842        4.77707481       6.73871255E-04
   7846.3632400979459        4.74965572       6.72435621E-04
   7848.8204472361076        4.74574661       6.73549366E-04
   7851.2776543742693        4.85449696       6.82914513E-04
   7853.7348615124320        4.81719685       6.83886290E-04
   7856.1920686505928        4.86632872       6.84546132E-04
   7858.6492757887554        4.77696037       6.74008799E-04
   7861.1064829269171        4.55056381       6.46108703E-04
   7863.5636900650788        4.44460630       6.31240429E-04
   7866.0208972032406        4.44519949       6.29269052E-04
   7868.4781043414023        4.49167538       6.35062170E-04
   7870.9353114795649        4.52656317       6.45887631E-04
   7873.3925186177257        4.83149242       6.80385274E-04
   7875.8497257558884        5.04221439       7.15009519E-04
   7878.3069328940501        5.32641077       7.50022242E-04
   7880.7641400322118        5.49677229       7.74452812E-04
   7883.2213471703744        5.51248598       7.79149472E-04
   7885.6785543085352        5.51980305       7.82117888E-04
   7888.1357614466979        5.58064842       7.84482807E-04
   7890.5929685848587        5.43814945       7.68825004E-04
   7893.0501757230213        5.22051048       7.40821473E-04
   7895.5073828611830        5.12005424       7.23350910E-04
   7897.9645899993448        4.96398735       7.06704566E-04
   7900.4217971375074        5.02169800       7.09741202E-04
   7902.8790042756682        5.06033850       7.08197709E-04
   7905.3362114138308        4.74484110       6.75342628E-04
   7907.7934185519925        4.54881430       6.50837028E-04
   7910.2506256901543        4.72979927       6.63763669E-04
   7912.7078328283160        4.68719435       6.63294573E-04
   7915.1650399664777        4.63715267       6.57536380E-04
   7917.6222471046403        4.68277264       6.65301923E-04
   7920.0794542428021        4.87729120       6.87806692E-04
   7922.5366613809638        5.00660467       7.09175889E-04
   7924.9938685191255        5.19074059       7.35469512E-04
   7927.4510756572872        5.45707846       7.68043159E-04
   7929.9082827954498        5.57224226       7.86652381E-04
   7932.3654899336107        5.60257721       7.86619261E-04
   7934.8226970717733        5.36243343       7.55028799E-04
   7937.2799042099350        4.88278627       6.97936688E-04
   7939.7371113480967        4.69305658       6.66836393E-04
   7942.1943184862585        4.66207886       6.61020051E-04
   7944.6515256244202        4.71430969       6.74460898E-04
   7947.1087327625828        5.13198233       7.26395461E-04
   7949.5659399007436        5.60740423       7.87309720E-04
   7952.0231470389062        5.81533718       8.16543121E-04
   7954.4803541770680        5.74209833       8.09291261E-04
   7956.9375613152297        5.50922346       7.86488585E-04
   7959.3947684533914        5.60327721       7.95583939E-04
   7961.8519755915531        5.87757492       8.30528676E-04
   7964.3091827297158        6.13606071       8.68788629E-04
   7966.7663898678766        6.43765974       9.01942200E-04
   7969.2235970060392        6.36492014       8.95364268E-04
   7971.6808041442009        5.98898554       8.49400356E-04
   7974.1380112823626        5.69018078       8.08937242E-04
   7976.5952184205253        5.54747343       7.86094810E-04
   7979.0524255586861        5.49142790       7.77783280E-04
   7981.5096326968487        5.44433117       7.66830402E-04
   7983.9668398350095        5.28278828       7.57677073E-04
   7986.4240469731722        5.54661179       7.81760958E-04
   7988.8812541113339        5.76494694       8.09919729E-04
   7991.3384612494956        5.67311716       8.11842561E-04
   7993.7956683876582        6.03254414       8.47246207E-04
   7996.2528755258199        6.16051006       8.74416321E-04
   7998.7100826639817        6.40814352       9.06024186E-04
   8001.1672898021434        6.68476105       9.45948763E-04
   8003.6244969403051        6.97616005       9.79056698E-04
   8006.0817040784677        6.93777895       9.85422870E-04
   8008.5389112166285        7.07169342       1.00686133E-03
   8010.9961183547912        7.53232908       1.05630676E-03
   8013.4533254929529        7.62911940       1.08217262E-03
   8015.9105326311146        7.80509710       1.10083935E-03
   8018.3677397692763        7.90540314       1.11830130E-03
   8020.8249469074381        7.96359396       1.13446312E-03
   8023.2821540456007        8.44228458       1.19569618E-03
   8025.7393611837615        9.01406384       1.27071305E-03
   8028.1965683219241        9.41594982      -1.31959736E-03
   8030.6537754600859        0.00000000      -1.00000000    
   8033.1109825982476        0.00000000      -1.00000000    
