   5529.2169088113069        2.97364164E-02   4.78143011E-06
   5531.6741159494686        5.79545386E-02   7.85164229E-06
   5534.1313230876303        4.11719233E-02   6.26517021E-06
   5536.5885302257930        6.61941916E-02   9.03134878E-06
   5539.0457373639547        5.74508049E-02   8.18616172E-06
   5541.5029445021164        3.90724726E-02   5.67051893E-06
   5543.9601516402781        3.00078001E-02   4.41442580E-06
   5546.4173587784398        3.95440608E-02   5.63720232E-06
   5548.8745659166016        5.30179180E-02   7.32585204E-06
   5551.3317730547642        5.32206967E-02   7.54912435E-06
   5553.7889801929259        4.63717654E-02   6.58087993E-06
   5556.2461873310876        4.73268628E-02   6.79524237E-06
   5558.7033944692494        5.73103875E-02   8.24365816E-06
   5561.1606016074111        8.25457349E-02   1.13134065E-05
   5563.6178087455728        6.32189587E-02   9.23978951E-06
   5566.0750158837354        6.92823678E-02   9.59538465E-06
   5568.5322230218972        6.20369576E-02   9.08823858E-06
   5570.9894301600589        7.82289803E-02   1.11516474E-05
   5573.4466372982206       0.111402303       1.54266509E-05
   5575.9038444363823       0.113473341       9.52595019E-06
   5578.3610515745440        9.55463573E-02   1.31736906E-05
   5580.8182587127058        9.07490477E-02   1.36122653E-05
   5583.2754658508684       0.152785406       2.07716712E-05
   5585.7326729890301       0.126932845       1.83315897E-05
   5588.1898801271918       0.133181065       1.87605838E-05
   5590.6470872653535       0.142505825       2.00897503E-05
   5593.1042944035153       0.132923648       1.87923306E-05
   5595.5615015416770       0.122079156       1.73730823E-05
   5598.0187086798396       0.113194019       1.61533153E-05
   5600.4759158180013       0.124024488       1.74442030E-05
   5602.9331229561631       0.123719580       1.75784280E-05
   5605.3903300943248       0.135452986       1.90064729E-05
   5607.8475372324865       0.130040556       1.85332847E-05
   5610.3047443706482       0.141813934       1.98504313E-05
   5612.7619515088109       0.124367543       1.78453756E-05
   5615.2191586469726       0.133836955       1.87284495E-05
   5617.6763657851343       0.113458380       1.62422384E-05
   5620.1335729232960       0.110191956       1.58270432E-05
   5622.5907800614577       0.136782452       1.91854360E-05
   5625.0479871996195       0.152053133       2.12006526E-05
   5627.5051943377821       0.120216437       1.74679099E-05
   5629.9624014759438       0.136709452       1.90911505E-05
   5632.4196086141055       0.129176259       1.82838921E-05
   5634.8768157522672       0.103214845       1.48957988E-05
   5637.3340228904290       0.112875268       1.58779440E-05
   5639.7912300285907       0.111664765       1.59640040E-05
   5642.2484371667524       0.134328857       1.87741389E-05
   5644.7056443049150       0.138182595       1.96337351E-05
   5647.1628514430768       0.155348852       2.17722481E-05
   5649.6200585812385       0.156032398       2.20460479E-05
   5652.0772657194002       0.151384190       2.14462016E-05
   5654.5344728575619       0.150959015       2.15019663E-05
   5656.9916799957236       0.171267197       2.39740293E-05
   5659.4488871338863       0.163712487       2.32011753E-05
   5661.9060942720480       0.159868419       2.27229229E-05
   5664.3633014102097       0.166504055       2.34044510E-05
   5666.8205085483714       0.158137634       2.23793504E-05
   5669.2777156865332       0.130413651       1.87583955E-05
   5671.7349228246949       0.139673486       1.97009158E-05
   5674.1921299628575       0.139860809       1.97211193E-05
   5676.6493371010192       0.133434013       1.89455550E-05
   5679.1065442391809       0.133730263       1.92609714E-05
   5681.5637513773427       0.172744736       2.38505963E-05
   5684.0209585155044       0.150513083       2.16604476E-05
   5686.4781656536661       0.163135201       2.31190497E-05
   5688.9353727918278       0.195175797       2.72128291E-05
   5691.3925799299905       0.169481918       2.42033966E-05
   5693.8497870681522       0.173688740       2.45505325E-05
   5696.3069942063139       0.175658837       2.50619978E-05
   5698.7642013444756       0.205292493       2.85233873E-05
   5701.2214084826373       0.173797354       2.50088960E-05
   5703.6786156207991       0.179586023       2.53517228E-05
   5706.1358227589617       0.193180963       2.72014495E-05
   5708.5930298971234       0.181803793       2.57974898E-05
   5711.0502370352851       0.185647935       2.61838813E-05
   5713.5074441734469       0.169494241       2.40815043E-05
   5715.9646513116086       0.162271202       2.29857542E-05
   5718.4218584497703       0.152907908       2.19608719E-05
   5720.8790655879329       0.182616040       2.54986662E-05
   5723.3362727260946       0.185548589       2.62557842E-05
   5725.7934798642564       0.182874396       2.57193988E-05
   5728.2506870024181       0.164964452       2.37004188E-05
   5730.7078941405798       0.181137711       2.54530969E-05
   5733.1651012787415       0.189699918       2.66265979E-05
   5735.6223084169033       0.150878891       2.20033598E-05
   5738.0795155550659       0.187647730       2.60485303E-05
   5740.5367226932276       0.173220024       2.47670123E-05
   5742.9939298313893       0.183112621       2.57806714E-05
   5745.4511369695510       0.192477778       2.72086054E-05
   5747.9083441077128       0.200345740       2.84957405E-05
   5750.3655512458745       0.236378804       3.30594776E-05
   5752.8227583840371       0.237165883       3.34565120E-05
   5755.2799655221988       0.217060611       3.07534756E-05
   5757.7371726603606       0.195570096       2.79193173E-05
   5760.1943797985223       0.187868208       2.67035430E-05
   5762.6515869366840       0.202221736       2.83533518E-05
   5765.1087940748457       0.175521418       2.53661547E-05
   5767.5660012130083       0.211972535       2.96633643E-05
   5770.0232083511701       0.218916997       3.06890106E-05
   5772.4804154893318       0.173036709       2.49690947E-05
   5774.9376226274935       0.177210316       2.53647431E-05
   5777.3948297656552       0.219428092       3.04999940E-05
   5779.8520369038170       0.205816016       2.92231161E-05
   5782.3092440419787       0.197639182       2.81153953E-05
   5784.7664511801413       0.216401726       3.05215181E-05
   5787.2236583183030       0.226469561       3.18556195E-05
   5789.6808654564647       0.225265965       3.19553474E-05
   5792.1380725946265       0.233361065       3.31750889E-05
   5794.5952797327882       0.272272825       3.79114899E-05
   5797.0524868709508       0.228871435       3.29281975E-05
   5799.5096940091125       0.247698545       3.50080991E-05
   5801.9669011472743       0.273209274       3.83020197E-05
   5804.4241082854360       0.255996168       3.61835591E-05
   5806.8813154235977       0.215697646       3.10155774E-05
   5809.3385225617594       0.226164848       3.17252016E-05
   5811.7957296999211       0.200659215       2.86125396E-05
   5814.2529368380838       0.185499474       2.63964557E-05
   5816.7101439762455       0.191014528       2.68760468E-05
   5819.1673511144072       0.174585193       2.50018766E-05
   5821.6245582525689       0.197810724       2.79553060E-05
   5824.0817653907307       0.228478745       3.19117717E-05
   5826.5389725288924       0.214346766       3.03426659E-05
   5828.9961796670550       0.197305977       2.82960627E-05
   5831.4533868052167       0.226502240       3.16705264E-05
   5833.9105939433784       0.222605884       3.14909994E-05
   5836.3678010815402       0.212827638       3.01620785E-05
   5838.8250082197019       0.210360900       2.96300332E-05
   5841.2822153578636       0.179227293       2.56815583E-05
   5843.7394224960262       0.181126699       2.57083393E-05
   5846.1966296341880       0.197816655       2.76535739E-05
   5848.6538367723497       0.165887147       2.36584638E-05
   5851.1110439105114       0.138964698       2.00146060E-05
   5853.5682510486731       0.148648456       2.08125693E-05
   5856.0254581868348       0.134256348       1.91518393E-05
   5858.4826653249966       0.134186700       1.92434727E-05
   5860.9398724631592       0.168365434       2.33190422E-05
   5863.3970796013209       0.144188643       2.06307723E-05
   5865.8542867394826       0.138894513       1.96157671E-05
   5868.3114938776444       0.131365597       1.86972120E-05
   5870.7687010158061       0.135622486       1.92629886E-05
   5873.2259081539678       0.154486477       2.15161854E-05
   5875.6831152921304       0.132480577       1.90457104E-05
   5878.1403224302921       0.137632191       1.93020969E-05
   5880.5975295684539       0.131765246       1.86975158E-05
   5883.0547367066156       0.113873407       1.65253587E-05
   5885.5119438447773       0.143908352       1.98890575E-05
   5887.9691509829390        6.90520778E-02   1.05370518E-05
   5890.4263581211017        9.64932889E-02   7.24086112E-06
   5892.8835652592634        8.84066895E-02   1.23826530E-05
   5895.3407723974251       0.118120469       1.63523564E-05
   5897.7979795355868       0.118476257       1.67899398E-05
   5900.2551866737485       0.121738225       1.71763659E-05
   5902.7123938119103       0.126136810       1.78327555E-05
   5905.1696009500720       0.128745973       1.82365475E-05
   5907.6268080882346       0.138462111       1.93924789E-05
   5910.0840152263963       0.124550618       1.79451017E-05
   5912.5412223645581       0.149423629       2.09674126E-05
   5914.9984295027198       0.165185004       2.32021248E-05
   5917.4556366408815       0.160381407       2.26290758E-05
   5919.9128437790432       0.146364883       2.08956390E-05
   5922.3700509172058       0.151659593       2.14224092E-05
   5924.8272580553676       0.157125279       2.22250346E-05
   5927.2844651935293       0.166123077       2.33486116E-05
   5929.7416723316910       0.150516316       2.13223011E-05
   5932.1988794698527       0.131130338       1.89110815E-05
   5934.6560866080144       0.147407979       2.08200345E-05
   5937.1132937461771       0.172969520       2.41545677E-05
   5939.5705008843388       0.148764685       2.13203384E-05
   5942.0277080225005       0.161423236       2.26037282E-05
   5944.4849151606622       0.174599618       1.85168628E-05
   5946.9421222988240       0.148945376       2.09100872E-05
   5949.3993294369857       0.157156467       2.23779134E-05
   5951.8565365751474       0.187480420       2.60510042E-05
   5954.3137437133100       0.157618091       2.26417433E-05
   5956.7709508514718       0.164580747       2.32063103E-05
   5959.2281579896335       0.161954939       2.28543013E-05
   5961.6853651277952       0.151606351       2.15697964E-05
   5964.1425722659569       0.150403798       2.14329903E-05
   5966.5997794041186       0.173629835       2.42394308E-05
   5969.0569865422813       0.157947525       2.26342454E-05
   5971.5141936804430       0.175780073       2.46048112E-05
   5973.9714008186047       0.170650125       2.42591505E-05
   5976.4286079567664       0.170977578       2.40613790E-05
   5978.8858150949281       0.164977849       2.34184590E-05
   5981.3430222330899       0.153868333       2.20864131E-05
   5983.8002293712525       0.188851699       2.63296915E-05
   5986.2574365094142       0.178756163       2.55384966E-05
   5988.7146436475759       0.199511886       2.77806048E-05
   5991.1718507857377       0.160101771       2.33373576E-05
   5993.6290579238994       0.189791888       2.64051032E-05
   5996.0862650620611       0.183116108       2.59911612E-05
   5998.5434722002228       0.171315745       2.45446354E-05
   6001.0006793383855       0.202396810       2.81385419E-05
   6003.4578864765472       0.165101081       2.37963395E-05
   6005.9150936147089       0.168844834       2.39061101E-05
   6008.3723007528706       0.186113715       2.61631394E-05
   6010.8295078910323       0.178892866       2.54664428E-05
   6013.2867150291941       0.197667196       2.76926839E-05
   6015.7439221673567       0.181451485       2.58665859E-05
   6018.2011293055184       0.186787754       2.64059236E-05
   6020.6583364436801       0.195637390       2.75832408E-05
   6023.1155435818418       0.191880807       2.71763565E-05
   6025.5727507200036       0.193336040       2.72250109E-05
   6028.0299578581653       0.173953712       2.48807755E-05
   6030.4871649963279       0.183567345       2.60245779E-05
   6032.9443721344896       0.208069071       2.91455508E-05
   6035.4015792726514       0.200131580       2.83589707E-05
   6037.8587864108131       0.198876247       2.82584060E-05
   6040.3159935489748       0.216632485       3.05613175E-05
   6042.7732006871365       0.231651992       3.25530455E-05
   6045.2304078252982       0.225519106       3.20414001E-05
   6047.6876149634609       0.233744428       3.29505237E-05
   6050.1448221016226       0.237003475       3.34886900E-05
   6052.6020292397843       0.228526786       3.24536486E-05
   6055.0592363779460       0.241456062       3.39919316E-05
   6057.5164435161078       0.230351821       3.26904337E-05
   6059.9736506542704       0.234081224       3.31261763E-05
   6062.4308577924321       0.243385628       3.45034532E-05
   6064.8880649305938       0.267581880       3.75109666E-05
   6067.3452720687555       0.259216845       3.67870307E-05
   6069.8024792069173       0.256423652       3.61615130E-05
   6072.2596863450790       0.244703218       3.47771784E-05
   6074.7168934832407       0.238623232       3.38602003E-05
   6077.1741006214033       0.256652474       3.60822924E-05
   6079.6313077595651       0.240804449       3.43887114E-05
   6082.0885148977268       0.269648641       3.77038596E-05
   6084.5457220358885       0.242655575       3.47027999E-05
   6087.0029291740502       0.258467585       3.63481740E-05
   6089.4601363122119       0.257521093       3.66647182E-05
   6091.9173434503737       0.284492612       3.97279873E-05
   6094.3745505885363       0.246390507       3.50978844E-05
   6096.8317577266980       0.213921890       3.06989932E-05
   6099.2889648648597       0.229149103       3.23351960E-05
   6101.7461720030215       0.246125028       3.46086890E-05
   6104.2033791411832       0.231288537       3.27979396E-05
   6106.6605862793458       0.234774917       3.32038471E-05
   6109.1177934175075       0.230507910       3.28664464E-05
   6111.5750005556692       0.266484261       3.71531496E-05
   6114.0322076938310       0.229709685       3.28554670E-05
   6116.4894148319927       0.228190377       3.21732878E-05
   6118.9466219701544       0.211477056       3.01666805E-05
   6121.4038291083161       0.219809785       3.09602547E-05
   6123.8610362464788       0.219593853       3.10516189E-05
   6126.3182433846405       0.215695143       3.05598842E-05
   6128.7754505228022       0.220188364       3.10148680E-05
   6131.2326576609639       0.209176749       2.97480456E-05
   6133.6898647991256       0.215481043       3.04323912E-05
   6136.1470719372874       0.224158108       3.15630932E-05
   6138.6042790754491       0.211864844       3.00408701E-05
   6141.0614862136117       0.205555469       2.91001306E-05
   6143.5186933517734       0.201049522       2.84878333E-05
   6145.9759004899352       0.198733807       2.80715867E-05
   6148.4331076280969       0.196691617       2.79045671E-05
   6150.8903147662586       0.201006547       2.83679547E-05
   6153.3475219044212       0.205727726       2.89267682E-05
   6155.8047290425829       0.171586037       2.46628333E-05
   6158.2619361807447       0.181190893       2.54377264E-05
   6160.7191433189064       0.166233048       2.37339937E-05
   6163.1763504570681       0.173918858       2.44977691E-05
   6165.6335575952298       0.176256835       2.48655087E-05
   6168.0907647333916       0.162378430       2.30172263E-05
   6170.5479718715542       0.155226573       2.22026520E-05
   6173.0051790097159       0.175840482       2.47169683E-05
   6175.4623861478776       0.190567464       2.66992265E-05
   6177.9195932860393       0.164395228       2.34824729E-05
   6180.3768004242011       0.160985142       2.26942466E-05
   6182.8340075623637       0.137114018       1.97449499E-05
   6185.2912147005254       0.153747499       2.17085199E-05
   6187.7484218386871       0.174254686       2.44483435E-05
   6190.2056289768489       0.175526142       2.46583877E-05
   6192.6628361150106       0.148706838       2.14473002E-05
   6195.1200432531723       0.167287022       2.35461102E-05
   6197.5772503913340       0.181962982       2.56006078E-05
   6200.0344575294966       0.181791231       2.56291460E-05
   6202.4916646676584       0.169775248       2.40370937E-05
   6204.9488718058201       0.148120418       2.11838833E-05
   6207.4060789439818       0.149268702       2.11478291E-05
   6209.8632860821435       0.157495856       2.22509079E-05
   6212.3204932203053       0.166217044       2.34226336E-05
   6214.7777003584670       0.169298261       2.38814355E-05
   6217.2349074966296       0.162948251       2.30585010E-05
   6219.6921146347913       0.154931411       2.20826769E-05
   6222.1493217729530       0.167105481       2.34924319E-05
   6224.6065289111148       0.164454550       2.32130878E-05
   6227.0637360492765       0.152771696       2.18761325E-05
   6229.5209431874382       0.173410669       2.43567174E-05
   6231.9781503256008       0.181403726       2.55082050E-05
   6234.4353574637626       0.166197866       2.36912874E-05
   6236.8925646019243       0.171308577       2.41053640E-05
   6239.3497717400860       0.161464155       2.30410897E-05
   6241.8069788782477       0.173521146       2.44520270E-05
   6244.2641860164094       0.180714235       2.53608559E-05
   6246.7213931545721       0.149404600       2.15087366E-05
   6249.1786002927338       0.159349829       2.25881140E-05
   6251.6358074308955       0.179272339       2.51129295E-05
   6254.0930145690572       0.171191126       2.42333590E-05
   6256.5502217072190       0.161582053       2.30393325E-05
   6259.0074288453807       0.173230797       2.43860050E-05
   6261.4646359835424       0.176001489       2.50173944E-05
   6263.9218431217050       0.196296290       2.76565188E-05
   6266.3790502598667       0.213223159       2.99236290E-05
   6268.8362573980285       0.202176958       2.88224255E-05
   6271.2934645361902       0.216971710       3.04854766E-05
   6273.7506716743519       0.211079359       2.98368559E-05
   6276.2078788125136       0.192522660       2.76620776E-05
   6278.6650859506763       0.225732103       3.16207588E-05
   6281.1222930888380       0.231456533       3.26734225E-05
   6283.5795002269997       0.230504170       3.28074711E-05
   6286.0367073651614       0.259123832       3.63879444E-05
   6288.4939145033231       0.264928579       3.74098126E-05
   6290.9511216414849       0.260242760       3.67815519E-05
   6293.4083287796475       0.252513647       3.58852194E-05
   6295.8655359178092       0.260993481       3.70056150E-05
   6298.3227430559709       0.287886530       4.03677877E-05
   6300.7799501941327       0.275762230       3.92942566E-05
   6303.2371573322944       0.296992421       4.17838382E-05
   6305.6943644704561       0.301464260       4.25463586E-05
   6308.1515716086178       0.281702280       4.00363569E-05
   6310.6087787467804       0.287392437       4.07458501E-05
   6313.0659858849422       0.305769116       4.32213856E-05
   6315.5231930231039       0.330542713       4.63731230E-05
   6317.9804001612656       0.309113562       4.39831674E-05
   6320.4376072994273       0.311904907       4.40665317E-05
   6322.8948144375890       0.314974457       4.46906233E-05
   6325.3520215757508       0.332245231       4.67990758E-05
   6327.8092287139134       0.340412229       4.81297066E-05
   6330.2664358520751       0.345782995       4.90929160E-05
   6332.7236429902368       0.382929146       5.36551343E-05
   6335.1808501283986       0.362570196       5.14881103E-05
   6337.6380572665603       0.358640373       5.08660778E-05
   6340.0952644047229       0.382259846       5.40347974E-05
   6342.5524715428846       0.406925946       5.72859390E-05
   6345.0096786810464       0.412863880       5.82526336E-05
   6347.4668858192081       0.392904580       5.57987296E-05
   6349.9240929573698       0.398780793       5.62589958E-05
   6352.3813000955315       0.381101191       5.40328001E-05
   6354.8385072336932       0.371107101       5.26020303E-05
   6357.2957143718559       0.373925507       5.29883619E-05
   6359.7529215100176       0.392143786       5.52608690E-05
   6362.2101286481793       0.392235637       5.55566985E-05
   6364.6673357863410       0.404244304       5.70720003E-05
   6367.1245429245027       0.408508778       5.76666716E-05
   6369.5817500626654       0.395446599       5.59872678E-05
   6372.0389572008271       0.381814182       5.41708541E-05
   6374.4961643389888       0.387423754       5.48413482E-05
   6376.9533714771505       0.401906013       5.66342460E-05
   6379.4105786153123       0.392800808       5.55214392E-05
   6381.8677857534740       0.370221585       5.26146541E-05
   6384.3249928916357       0.372709095       5.27339107E-05
   6386.7822000297983       0.384502858       5.43830902E-05
   6389.2394071679601       0.402785242       5.69257390E-05
   6391.6966143061218       0.430974334       6.06899848E-05
   6394.1538214442835       0.433666199       6.12511285E-05
   6396.6110285824452       0.428661436       6.06035210E-05
   6399.0682357206069       0.415723383       5.91492244E-05
   6401.5254428587687       0.447467208       6.29074857E-05
   6403.9826499969313       0.442481697       6.25368048E-05
   6406.4398571350930       0.422087461       5.99570849E-05
   6408.8970642732547       0.432526797       6.10693169E-05
   6411.3542714114164       0.430054426       6.06939502E-05
   6413.8114785495782       0.401493758       5.70084303E-05
   6416.2686856877408       0.387419254       5.50065015E-05
   6418.7258928259025       0.398451269       5.62558926E-05
   6421.1830999640642       0.399736881       5.65039300E-05
   6423.6403071022260       0.397801101       5.63807371E-05
   6426.0975142403877       0.410684228       5.78353392E-05
   6428.5547213785494       0.393965423       5.58251304E-05
   6431.0119285167111       0.382572651       5.46284209E-05
   6433.4691356548738       0.438259691       6.14111195E-05
   6435.9263427930355       0.445487380       6.29094648E-05
   6438.3835499311972       0.435150445       6.16980396E-05
   6440.8407570693589       0.452899784       6.39100981E-05
   6443.2979642075206       0.449751168       6.34951866E-05
   6445.7551713456824       0.430499882       6.09413546E-05
   6448.2123784838450       0.399830967       5.70482553E-05
   6450.6695856220067       0.427454025       6.01875290E-05
   6453.1267927601684       0.436238766       6.18139675E-05
   6455.5839998983301       0.457954854       6.43949315E-05
   6458.0412070364919       0.447700262       6.35064280E-05
   6460.4984141746536       0.448519021       6.36454424E-05
   6462.9556213128162       0.488701463       6.86134736E-05
   6465.4128284509779       0.467345059       6.65206899E-05
   6467.8700355891397       0.496282995       6.97961659E-05
   6470.3272427273014       0.483838499       6.85120394E-05
   6472.7844498654631       0.462457478       6.56153134E-05
   6475.2416570036248       0.466465324       6.59375000E-05
   6477.6988641417865       0.455471754       6.44409156E-05
   6480.1560712799492       0.442395359       6.28409543E-05
   6482.6132784181109       0.459454417       6.49798458E-05
   6485.0704855562726       0.486148059       6.85679624E-05
   6487.5276926944343       0.497016966       7.02933758E-05
   6489.9848998325961       0.509749711       7.19732197E-05
   6492.4421069707587       0.514353216       7.28933810E-05
   6494.8993141089204       0.536106050       7.57752132E-05
   6497.3565212470821       0.569504380       8.04628653E-05
   6499.8137283852438       0.599661648       8.46571784E-05
   6502.2709355234056       0.631480336       8.91788150E-05
   6504.7281426615673       0.650165737       9.18668156E-05
   6507.1853497997290       0.668974280       9.42639817E-05
   6509.6425569378916       0.640432060       9.13202966E-05
   6512.0997640760534       0.701902270       9.87521707E-05
   6514.5569712142151       0.725168645       1.02345482E-04
   6517.0141783523768       0.717671335       1.01706915E-04
   6519.4713854905385       0.749053776       1.06136671E-04
   6521.9285926287002       0.819901407       1.15801209E-04
   6524.3857997668620       0.903569341       1.26875253E-04
   6526.8430069050246       0.897718489       1.27104417E-04
   6529.3002140431863       0.912204862       1.29177235E-04
   6531.7574211813480       0.967104137       1.36439907E-04
   6534.2146283195098        1.00107288       1.41326498E-04
   6536.6718354576715        1.01889789       1.43930622E-04
   6539.1290425958341        1.01915562       1.43886413E-04
   6541.5862497339958       0.971525669       1.37623807E-04
   6544.0434568721575       0.919658780       1.30324610E-04
   6546.5006640103193       0.867458880       1.23182181E-04
   6548.9578711484810       0.856749654       1.21382080E-04
   6551.4150782866427       0.875764728       1.23949765E-04
   6553.8722854248044       0.928367794       1.31456385E-04
   6556.3294925629671        1.03610432       1.45809026E-04
   6558.7866997011288        1.09786808       1.54179419E-04
   6561.2439068392905        1.01064456       1.43053578E-04
   6563.7011139774522       0.845387340       1.20780001E-04
   6566.1583211156139       0.729276299       1.04306353E-04
   6568.6155282537766       0.717240691       1.01538979E-04
   6571.0727353919374       0.710238993       1.00467078E-04
   6573.5299425301000       0.700582564       9.89923792E-05
   6575.9871496682617       0.668358266       9.46025175E-05
   6578.4443568064235       0.627805412       8.94878103E-05
   6580.9015639445852       0.673388720       9.50693648E-05
   6583.3587710827469       0.726319969       1.02038124E-04
   6585.8159782209095       0.710055470       1.00624282E-04
   6588.2731853590703       0.717008531       1.01063124E-04
   6590.7303924972330       0.681574345       9.67795422E-05
   6593.1875996353947       0.675360799       9.57173688E-05
   6595.6448067735564       0.709222913       9.96919480E-05
   6598.1020139117181       0.665666401       9.47660810E-05
   6600.5592210498799       0.699850976       9.87292733E-05
   6603.0164281880425       0.724996924       1.02202990E-04
   6605.4736353262042       0.710786700       1.00789599E-04
   6607.9308424643659       0.736895323       1.04105318E-04
   6610.3880496025276       0.757927418       1.06668682E-04
   6612.8452567406894       0.710137904       1.00802186E-04
   6615.3024638788520       0.687213302       9.75689836E-05
   6617.7596710170128       0.708910227       9.97971365E-05
   6620.2168781551754       0.663471222       9.40307145E-05
   6622.6740852933372       0.612737417       8.73070094E-05
   6625.1312924314989       0.637165904       9.01677631E-05
   6627.5884995696606       0.682158709       9.59059325E-05
   6630.0457067078223       0.666181803       9.41711260E-05
   6632.5029138459849       0.628159642       8.91017698E-05
   6634.9601209841458       0.610817850       8.68204370E-05
   6637.4173281223084       0.649732411       9.17160651E-05
   6639.8745352604701       0.685221970       9.64375431E-05
   6642.3317423986318       0.672654867       9.51356560E-05
   6644.7889495367936       0.646889627       9.14709672E-05
   6647.2461566749553       0.599649072       8.50622964E-05
   6649.7033638131179       0.545419753       7.76316665E-05
   6652.1605709512796       0.542182803       7.67745514E-05
   6654.6177780894413       0.546467185       7.72677158E-05
   6657.0749852276031       0.556787372       7.86725577E-05
   6659.5321923657648       0.568299890       8.06991739E-05
   6661.9893995039274       0.634155869       8.91118907E-05
   6664.4466066420882       0.659980953       9.31491086E-05
   6666.9038137802509       0.664965332       9.37647274E-05
   6669.3610209184126       0.642646253       9.11621974E-05
   6671.8182280565743       0.640669227       9.09696610E-05
   6674.2754351947360       0.692844212       9.70927358E-05
   6676.7326423328977       0.623098731       8.85365444E-05
   6679.1898494710604       0.556816578       7.92911524E-05
   6681.6470566092212       0.536822379       7.62119453E-05
   6684.1042637473838       0.542198718       7.66574012E-05
   6686.5614708855455       0.553935468       7.83196956E-05
   6689.0186780237073       0.569018304       8.04500451E-05
   6691.4758851618690       0.594748557       8.39356289E-05
   6693.9330923000307       0.610095501       8.62086672E-05
   6696.3902994381933       0.625379980       8.82976019E-05
   6698.8475065763550       0.630087733       8.90496813E-05
   6701.3047137145168       0.631973147       8.94699551E-05
   6703.7619208526785       0.649189174       9.17239959E-05
   6706.2191279908402       0.667450428       9.41314938E-05
   6708.6763351290019       0.650929034       9.20894381E-05
   6711.1335422671636       0.626513720       8.85653062E-05
   6713.5907494053263       0.567343414       8.07649412E-05
   6716.0479565434880       0.548936725       7.77249443E-05
   6718.5051636816497       0.531259358       7.53799541E-05
   6720.9623708198114       0.536668897       7.59912728E-05
   6723.4195779579732       0.561134815       7.91218699E-05
   6725.8767850961358       0.565767646       8.00855705E-05
   6728.3339922342975       0.583465397       8.25162278E-05
   6730.7911993724592       0.612445056       8.61598819E-05
   6733.2484065106210       0.585680366       8.31642392E-05
   6735.7056136487827       0.595868230       8.44720635E-05
   6738.1628207869444       0.642369032       9.03702676E-05
   6740.6200279251061       0.642638564       9.07756912E-05
   6743.0772350632687       0.620841086       8.79126164E-05
   6745.5344422014305       0.603220642       8.54573082E-05
   6747.9916493395922       0.593567729       8.41034853E-05
   6750.4488564777539       0.603977501       8.53379679E-05
   6752.9060636159156       0.610317826       8.64845933E-05
   6755.3632707540773       0.645983517       9.10599774E-05
   6757.8204778922391       0.658829331       9.29595917E-05
   6760.2776850304017       0.645910323       9.18591541E-05
   6762.7348921685634       0.704115391       9.91632987E-05
   6765.1920993067251       0.737395406       1.03970990E-04
   6767.6493064448869       0.741572618       1.05080282E-04
   6770.1065135830486       0.778904378       1.09570887E-04
   6772.5637207212112       0.750136137       1.06365136E-04
   6775.0209278593729       0.734440804       1.04127685E-04
   6777.4781349975347       0.752178073       1.05812796E-04
   6779.9353421356964       0.670541823       9.55469004E-05
   6782.3925492738581       0.643067777       9.12864853E-05
   6784.8497564120198       0.651282251       9.20822495E-05
   6787.3069635501815       0.655470967       9.27266883E-05
   6789.7641706883442       0.669492126       9.47392327E-05
   6792.2213778265059       0.698843658       9.85159204E-05
   6794.6785849646676       0.696738541       9.85251390E-05
   6797.1357921028293       0.692740202       9.81502162E-05
   6799.5929992409910       0.712485611       1.00611927E-04
   6802.0502063791528       0.725066125       1.02409082E-04
   6804.5074135173145       0.720808804       1.02062928E-04
   6806.9646206554771       0.735917389       1.03869803E-04
   6809.4218277936388       0.724055350       1.02476253E-04
   6811.8790349318006       0.716702044       1.01411752E-04
   6814.3362420699623       0.713434577       1.00985111E-04
   6816.7934492081240       0.721546173       1.01995247E-04
   6819.2506563462866       0.728461564       1.02980812E-04
   6821.7078634844484       0.730778992       1.03409089E-04
   6824.1650706226101       0.746685147       1.05685103E-04
   6826.6222777607718       0.784432650       1.10695670E-04
   6829.0794848989335       0.811475754       1.14446724E-04
   6831.5366920370961       0.804724991       1.13755639E-04
   6833.9938991752570       0.787661374       1.11587047E-04
   6836.4511063134196       0.789186001       1.11853049E-04
   6838.9083134515813       0.827927530       1.16697855E-04
   6841.3655205897430       0.831507027       1.17615047E-04
   6843.8227277279047       0.834335148       1.17753465E-04
   6846.2799348660665       0.801778734       1.13515664E-04
   6848.7371420042291       0.756309986       1.07535321E-04
   6851.1943491423908       0.771511316       1.09019042E-04
   6853.6515562805525       0.783881724       1.10916313E-04
   6856.1087634187143       0.810385466       1.14576040E-04
   6858.5659705568760       0.853649318       1.20311226E-04
   6861.0231776950377       0.849137187       1.19727760E-04
   6863.4803848331994       0.774308026       1.09873836E-04
   6865.9375919713621       0.687593639       9.83029749E-05
   6868.3947991095238       0.710507810       1.00566336E-04
   6870.8520062476855       0.764585257       1.07938038E-04
   6873.3092133858472       0.815590799       1.14955823E-04
   6875.7664205240089       0.846851110       1.19431810E-04
   6878.2236276621707       0.840865016       1.18994896E-04
   6880.6808348003324       0.846835554       1.19595337E-04
   6883.1380419384950       0.828431427       1.17362033E-04
   6885.5952490766567       0.826666653       1.16943236E-04
   6888.0524562148184       0.831902623       1.17661184E-04
   6890.5096633529802       0.832505703       1.17695563E-04
   6892.9668704911419       0.829996705       1.17456795E-04
   6895.4240776293036       0.826767683       1.16921154E-04
   6897.8812847674662       0.826611400       1.16986586E-04
   6900.3384919056280       0.836117446       1.18639888E-04
   6902.7956990437897       0.908864617       1.27861553E-04
   6905.2529061819514       0.918042958       1.29761771E-04
   6907.7101133201131       0.915753126       1.29717009E-04
   6910.1673204582748       0.938347459       1.32452798E-04
   6912.6245275964375       0.924391091       1.30548535E-04
   6915.0817347345992       0.859402180       1.22241341E-04
   6917.5389418727609       0.859697819       1.21941834E-04
   6919.9961490109226       0.915860832       1.29503853E-04
   6922.4533561490844       0.992357314       1.39696800E-04
   6924.9105632872470        1.01705337       1.43633821E-04
   6927.3677704254078        1.02384281       1.45266371E-04
   6929.8249775635704        1.10293663       1.55253816E-04
   6932.2821847017321        1.11609375       1.57597635E-04
   6934.7393918398939        1.09421754       1.55348724E-04
   6937.1965989780556        1.15443110       1.63244709E-04
   6939.6538061162173        1.24846971       1.76269139E-04
   6942.1110132543799        1.34640741       1.89945582E-04
   6944.5682203925408        1.42855179       2.00940180E-04
   6947.0254275307034        1.37863255       1.95069864E-04
   6949.4826346688651        1.29666305       1.84163102E-04
   6951.9398418070268        1.27391720       1.80612973E-04
   6954.3970489451885        1.29802740       1.83337834E-04
   6956.8542560833503        1.29804659       1.83977827E-04
   6959.3114632215129        1.35571754       1.91631232E-04
   6961.7686703596746        1.43248117       2.02023308E-04
   6964.2258774978363        1.45980406       2.05969831E-04
   6966.6830846359981        1.42344999       2.01508214E-04
   6969.1402917741598        1.39084005       1.97447749E-04
   6971.5974989123215        1.44783092       2.04413562E-04
   6974.0547060504832        1.48952127       2.10416460E-04
   6976.5119131886458        1.50899267       2.13515465E-04
   6978.9691203268076        1.55991352       2.20065936E-04
   6981.4263274649693        1.54996872       2.19339854E-04
   6983.8835346031310        1.54957163       2.19132882E-04
   6986.3407417412927        1.54258966       2.18143206E-04
   6988.7979488794554        1.51266479       2.14054307E-04
   6991.2551560176171        1.47490132       2.09239734E-04
   6993.7123631557788        1.50455403       2.12993211E-04
   6996.1695702939405        1.57629335       2.22334595E-04
   6998.6267774321022        1.59303713       2.25180876E-04
   7001.0839845702640        1.59082091       2.25225216E-04
   7003.5411917084257        1.63008535       2.30792430E-04
   7005.9983988465883        1.71665752       2.42248803E-04
   7008.4556059847500        1.77232468       2.50148092E-04
   7010.9128131229118        1.77444077       2.51349877E-04
   7013.3700202610735        1.83663547       2.59009248E-04
   7015.8272273992352        1.82825530       2.58794345E-04
   7018.2844345373978        1.84691727       2.61185807E-04
   7020.7416416755586        1.90180886       2.68631673E-04
   7023.1988488137213        1.95018184       2.76323437E-04
   7025.6560559518830        2.12373567       2.99282663E-04
   7028.1132630900447        2.25721407       3.18116538E-04
   7030.5704702282064        2.31683159       3.27292713E-04
   7033.0276773663682        2.38528490       3.36915458E-04
   7035.4848845045308        2.44519591       3.45294102E-04
   7037.9420916426916        2.48492360       3.51392635E-04
   7040.3992987808542        2.55506015       3.61037732E-04
   7042.8565059190159        2.62699437       3.70306661E-04
   7045.3137130571777        2.54049611       3.58999911E-04
   7047.7709201953394        2.29453301       3.25396133E-04
   7050.2281273335011        1.91443360       2.72950099E-04
   7052.6853344716637        1.43363428       2.06545345E-04
   7055.1425416098255        1.05842662       1.53176923E-04
   7057.5997487479872       0.945238411       1.34721224E-04
   7060.0569558861489       0.919270456       1.30344764E-04
   7062.5141630243106       0.936084390       1.32600369E-04
   7064.9713701624732        1.00974846       1.42005330E-04
   7067.4285773006350        1.03078258       1.45410027E-04
   7069.8857844387967        1.02618682       1.45334430E-04
   7072.3429915769584        1.08370864       1.52843932E-04
   7074.8001987151201        1.13097584       1.59542455E-04
   7077.2574058532819        1.17438662       1.65612466E-04
   7079.7146129914436        1.18215215       1.66867685E-04
   7082.1718201296062        1.15962851       1.63409364E-04
   7084.6290272677679        1.00448787       1.42960664E-04
   7087.0862344059296       0.871906102       1.24411759E-04
   7089.5434415440914       0.828553140       1.17753909E-04
   7092.0006486822531       0.855312407       1.20651384E-04
   7094.4578558204148       0.852428198       1.20835270E-04
   7096.9150629585765       0.894884109       1.26213097E-04
   7099.3722700967392       0.916445255       1.29537249E-04
   7101.8294772349009       0.944186330       1.33411741E-04
   7104.2866843730626       0.980668426       1.38592804E-04
   7106.7438915112243        1.03312194       1.45620128E-04
   7109.2010986493860        1.04906356       1.48347492E-04
   7111.6583057875478        1.08254230       1.53140165E-04
   7114.1155129257095        1.14020050       1.60535099E-04
   7116.5727200638721        1.13459611       1.60454918E-04
   7119.0299272020338        1.10853457       1.56632421E-04
   7121.4871343401956        1.04329681       1.47547806E-04
   7123.9443414783573       0.887233973       1.26988409E-04
   7126.4015486165190       0.855490029       1.21178295E-04
   7128.8587557546816       0.835083008       1.18448472E-04
   7131.3159628928424       0.837373853       1.18457501E-04
   7133.7731700310051       0.862973094       1.21835910E-04
   7136.2303771691668       0.856034815       1.21303448E-04
   7138.6875843073285       0.892783165       1.25780163E-04
   7141.1447914454911       0.871452689       1.23693986E-04
   7143.6019985836519       0.913535357       1.29064443E-04
   7146.0592057218146       0.967418313       1.36607487E-04
   7148.5164128599763        1.01925206       1.43479454E-04
   7150.9736199981380        1.00348592       1.42030898E-04
   7153.4308271362997       0.989579916       1.40001968E-04
   7155.8880342744615       0.977096677       1.38336953E-04
   7158.3452414126241       0.972919881       1.37489260E-04
   7160.8024485507858       0.947849989       1.34109199E-04
   7163.2596556889475       0.908093929       1.28918939E-04
   7165.7168628271093       0.922819436       1.30636356E-04
   7168.1740699652710       0.960547447       1.35667724E-04
   7170.6312771034327       0.997981846       1.40961565E-04
   7173.0884842415944        1.02713633       1.45239552E-04
   7175.5456913797570        1.08009577       1.52379202E-04
   7178.0028985179188        1.09857082       1.55393864E-04
   7180.4601056560805        1.13729179       1.60226424E-04
   7182.9173127942422        1.09415126       1.55418733E-04
   7185.3745199324039        1.13410783       1.60513388E-04
   7187.8317270705656        1.20990610       1.70553976E-04
   7190.2889342087274        1.24083388       1.74752058E-04
   7192.7461413468900        1.16344094       1.65419959E-04
   7195.2033484850517        1.16131628       1.63919743E-04
   7197.6605556232134        1.09667146       1.55562710E-04
   7200.1177627613752        1.04170883       1.48296065E-04
   7202.5749698995369        1.10325408       1.55812639E-04
   7205.0321770376986        1.16224265       1.64047044E-04
   7207.4893841758603        1.20224023       1.69936509E-04
   7209.9465913140230        1.25428379       1.77204565E-04
   7212.4037984521847        1.30609846       1.84617471E-04
   7214.8610055903464        1.36730707       1.92771506E-04
   7217.3182127285090        1.36899662       1.93662767E-04
   7219.7754198666698        1.37768924       1.95442102E-04
   7222.2326270048325        1.47559309       2.07935736E-04
   7224.6898341429942        1.50841439       2.12895626E-04
   7227.1470412811559        1.46750033       2.07764751E-04
   7229.6042484193176        1.43752360       2.03951116E-04
   7232.0614555574793        1.47182477       2.08471436E-04
   7234.5186626956420        1.57349622       2.21753857E-04
   7236.9758698338028        1.60528290       2.26863427E-04
   7239.4330769719654        1.63265610       2.31015729E-04
   7241.8902841101271        1.69402969       2.40076202E-04
   7244.3474912482889        1.84913552       2.60372792E-04
   7246.8046983864506        1.92965293       2.72509351E-04
   7249.2619055246123        1.98155749       2.79926549E-04
   7251.7191126627749        2.02561474       2.86228867E-04
   7254.1763198009367        2.03985763       2.88688665E-04
   7256.6335269390984        2.09744477       2.96755810E-04
   7259.0907340772601        2.19956994       3.11200449E-04
   7261.5479412154218        2.35363913       3.30969400E-04
   7264.0051483535835        2.30570722       3.26491863E-04
   7266.4623554917453        2.24573302       3.18445062E-04
   7268.9195626299079        2.27238059       3.20782390E-04
   7271.3767697680696        2.16760302       3.07538663E-04
   7273.8339769062313        2.13330436       3.02795699E-04
   7276.2911840443930        2.23262095       3.16209072E-04
   7278.7483911825548        2.43498945       3.43012769E-04
   7281.2055983207165        2.53590727       3.57909477E-04
   7283.6628054588782        2.56509566       3.62685008E-04
   7286.1200125970408        2.58831096       3.66223336E-04
   7288.5772197352026        2.63737369       3.73391056E-04
   7291.0344268733643        2.77572298       3.92744230E-04
   7293.4916340115260        3.00584579       4.23601334E-04
   7295.9488411496877        3.13852334       4.42964694E-04
   7298.4060482878504        3.19239688       4.51655302E-04
   7300.8632554260121        3.30187488       4.66779893E-04
   7303.3204625641738        3.43243146       4.85026423E-04
   7305.7776697023355        3.56936121       5.03808493E-04
   7308.2348768404972        3.63536644       5.14299900E-04
   7310.6920839786590        3.74848843       5.29589190E-04
   7313.1492911168207        3.85644984       5.45784249E-04
   7315.6064982549833        4.04660606       5.70739037E-04
   7318.0637053931450        4.12888336       5.83684363E-04
   7320.5209125313067        4.19382477       5.93085017E-04
   7322.9781196694685        4.28425980       6.04455417E-04
   7325.4353268076302        4.19062519       5.94420824E-04
   7327.8925339457928        4.25686884       6.02132524E-04
   7330.3497410839536        4.42825556       6.25958026E-04
   7332.8069482221163        4.58406830       6.48699119E-04
   7335.2641553602780        4.93843794       6.94767397E-04
   7337.7213624984397        4.85311890       6.86378684E-04
   7340.1785696366014        4.74322510       6.71152899E-04
   7342.6357767747631        4.51404905       6.41335209E-04
   7345.0929839129258        4.60743380       6.50204427E-04
   7347.5501910510866        4.49086714       6.37574820E-04
   7350.0073981892492        4.66822195       6.58000354E-04
   7352.4646053274109        4.61543894       6.54371514E-04
   7354.9218124655727        4.75284910       6.70916284E-04
   7357.3790196037344        4.83501196       6.84842700E-04
   7359.8362267418961        5.08767271       7.17557559E-04
   7362.2934338800587        5.25403976       7.42090517E-04
   7364.7506410182204        5.33943129       7.54585431E-04
   7367.2078481563822        5.42123508       7.65328470E-04
   7369.6650552945439        5.31274748       7.52370222E-04
   7372.1222624327056        5.27217484       7.45209400E-04
   7374.5794695708682        5.16725397       7.32982066E-04
   7377.0366767090300        5.28469658       7.46236881E-04
   7379.4938838471917        5.36441422       7.57993141E-04
   7381.9510909853534        5.32054090       7.53401313E-04
   7384.4082981235151        5.46891642       7.72373518E-04
   7386.8655052616768        5.47401381       7.73337495E-04
   7389.3227123998386        5.37089491       7.59167538E-04
   7391.7799195380012        5.07137632       7.21592398E-04
   7394.2371266761629        5.26839590       7.43220327E-04
   7396.6943338143246        5.30941868       7.50749023E-04
   7399.1515409524864        5.32624388       7.52122141E-04
   7401.6087480906481        5.20271206       7.37147289E-04
   7404.0659552288098        5.19215536       7.34663859E-04
   7406.5231623669715        5.25811481       7.43422599E-04
   7408.9803695051341        5.33767271       7.54116511E-04
   7411.4375766432959        5.34540987       7.54872686E-04
   7413.8947837814576        5.19508028       7.35578593E-04
   7416.3519909196193        5.04247141       7.14682799E-04
   7418.8091980577810        5.06878805       7.17231771E-04
   7421.2664051959437        5.16428947       7.30255095E-04
   7423.7236123341045        5.33160400       7.52594322E-04
   7426.1808194722671        5.39452410       7.62410171E-04
   7428.6380266104288        5.41301775       7.64549826E-04
   7431.0952337485905        5.28431082       7.47437647E-04
   7433.5524408867523        5.03653097       7.14863709E-04
   7436.0096480249140        5.05067587       7.14212481E-04
   7438.4668551630766        5.03810453       7.12295761E-04
   7440.9240623012374        5.00152683       7.07953295E-04
   7443.3812694394001        4.99852943       7.06764578E-04
   7445.8384765775618        5.01509380       7.09165470E-04
   7448.2956837157235        4.97710228       7.05248967E-04
   7450.7528908538861        5.17518616       7.29507010E-04
   7453.2100979920478        5.09170866       7.21242046E-04
   7455.6673051302096        5.16274357       7.29359395E-04
   7458.1245122683713        5.16006756       7.31060398E-04
   7460.5817194065330        5.33517790       7.52096821E-04
   7463.0389265446947        5.27762985       7.47706974E-04
   7465.4961336828565        5.34272528       7.54793175E-04
   7467.9533408210191        5.37736368       7.59966555E-04
   7470.4105479591808        5.28814125       7.48618797E-04
   7472.8677550973425        5.29484653       7.48788239E-04
   7475.3249622355042        5.27461195       7.47657847E-04
   7477.7821693736660        5.50791025       7.76701316E-04
   7480.2393765118277        5.55239773       7.85515993E-04
   7482.6965836499894        5.64294672       7.97126268E-04
   7485.1537907881520        5.67744875       8.02484574E-04
   7487.6109979263138        5.61540461       7.94050633E-04
   7490.0682050644755        5.51071405       7.80844537E-04
   7492.5254122026372        5.55481529       7.86367047E-04
   7494.9826193407989        5.76352072       8.13574530E-04
   7497.4398264789606        5.85374737       8.27377720E-04
   7499.8970336171224        5.92977571       8.38039792E-04
   7502.3542407552850        5.95204496       8.41404195E-04
   7504.8114478934467        5.93636131       8.40132474E-04
   7507.2686550316084        5.97157145       8.44507187E-04
   7509.7258621697702        6.03584433       8.52337631E-04
   7512.1830693079319        5.90300512       8.36656138E-04
   7514.6402764460936        5.96446896       8.42736743E-04
   7517.0974835842553        5.92017937       8.37520522E-04
   7519.5546907224179        5.86070633       8.29273078E-04
   7522.0118978605797        5.84048080       8.27169861E-04
   7524.4691049987414        5.97763491       8.44731345E-04
   7526.9263121369040        6.12450981       8.65159556E-04
   7529.3835192750648        6.19578266       8.76090606E-04
   7531.8407264132275        6.32700586       8.94652505E-04
   7534.2979335513892        6.51130533       9.19992104E-04
   7536.7551406895509        6.69380951       9.44269472E-04
   7539.2123478277126        6.60457659       9.35469347E-04
   7541.6695549658743        6.69037628       9.45161795E-04
   7544.1267621040370        6.65155506       9.40669852E-04
   7546.5839692421978        6.57537985       9.30750102E-04
   7549.0411763803604        6.56893539       9.29187110E-04
   7551.4983835185221        6.62926960       9.36977623E-04
   7553.9555906566839        6.63587856       9.39154765E-04
   7556.4127977948456        6.79795265       9.58293269E-04
   7558.8700049330073        6.58695173       9.33565490E-04
   7561.3272120711699        6.57906580       9.30057140E-04
   7563.7844192093316        6.56550932       9.28188441E-04
   7566.2416263474934        6.52150106       9.22430190E-04
   7568.6988334856551        6.54996395       9.26382025E-04
   7571.1560406238168        6.66085243       9.40922822E-04
   7573.6132477619785        6.72322321       9.50116664E-04
   7576.0704549001402        6.78642178       9.60105157E-04
   7578.5276620383029        6.96084118       9.82127269E-04
   7580.9848691764637        6.90116930       9.73221438E-04
   7583.4420763146263        6.22101307       8.82602646E-04
   7585.8992834527880        5.32117844       7.57886388E-04
   7588.3564905909498        4.37341070       6.25607441E-04
   7590.8136977291124        3.71762753       5.30348218E-04
   7593.2709048672732        3.21736574       4.58100054E-04
   7595.7281120054358        2.76706600       3.94330913E-04
   7598.1853191435976        2.40563560       3.42451414E-04
   7600.6425262817593        2.17015815       3.08922376E-04
   7603.0997334199219        2.11592484       3.00962769E-04
   7605.5569405580827        2.40383053       3.39865568E-04
   7608.0141476962453        2.85939074       4.03575657E-04
   7610.4713548344071        3.48887038       4.89519793E-04
   7612.9285619725688        3.95668650       5.58156869E-04
   7615.3857691107305        4.50623751       6.30190829E-04
   7617.8429762488922        4.35355043       6.13930111E-04
   7620.3001833870549        3.68840408       5.25113661E-04
   7622.7573905252157        2.99256921       4.28484753E-04
   7625.2145976633783        2.52459359       3.60740058E-04
   7627.6718048015400        2.32229328       3.30296229E-04
   7630.1290119397017        2.26499176       3.20941152E-04
   7632.5862190778635        2.29921842       3.24982102E-04
   7635.0434262160252        2.32890677       3.29394825E-04
   7637.5006333541878        2.40093279       3.38494516E-04
   7639.9578404923486        2.35713863       3.33569216E-04
   7642.4150476305113        2.32488561       3.28366092E-04
   7644.8722547686730        2.20545030       3.13295226E-04
   7647.3294619068347        2.20749950       3.11203883E-04
   7649.7866690449964        2.06042743       2.91987963E-04
   7652.2438761831581        1.85154080       2.63060909E-04
   7654.7010833213208        1.70466530       2.41399466E-04
   7657.1582904594816        1.45286548       2.06975019E-04
   7659.6154975976442        1.24206948       1.77237525E-04
   7662.0727047358059        1.13581598       1.62005090E-04
   7664.5299118739676        1.19487524       1.69368912E-04
   7666.9871190121294        1.35697925       1.91734973E-04
   7669.4443261502911        1.57751346       2.21431299E-04
   7671.9015332884537        1.69984508       2.40024820E-04
   7674.3587404266145        1.84957564       2.60520872E-04
   7676.8159475647772        1.95056462       2.75130005E-04
   7679.2731547029389        2.00737000       2.83423928E-04
   7681.7303618411006        2.03705764       2.87780305E-04
   7684.1875689792632        2.02815771       2.86831229E-04
   7686.6447761174240        1.99048221       2.81279586E-04
   7689.1019832555867        1.85369289       2.62728252E-04
   7691.5591903937484        1.64651752       2.34468258E-04
   7694.0163975319101        1.49508917       2.12631523E-04
   7696.4736046700727        1.39573622       1.99073795E-04
   7698.9308118082336        1.46826124       2.08733924E-04
   7701.3880189463962        1.71837354       2.42258859E-04
   7703.8452260845579        1.96483099       2.76954030E-04
   7706.3024332227196        2.19144893       3.07869195E-04
   7708.7596403608813        2.25697422       3.19388782E-04
   7711.2168474990431        2.37987185       3.36118246E-04
   7713.6740546372057        2.52411056       3.55733238E-04
   7716.1312617753665        2.55838394       3.62471415E-04
   7718.5884689135291        2.72623801       3.84802697E-04
   7721.0456760516909        2.88851976       4.07846033E-04
   7723.5028831898526        3.04638052       4.30284563E-04
   7725.9600903280143        3.22857332       4.55634668E-04
   7728.4172974661760        3.36860085       4.75591776E-04
   7730.8745046043387        3.48089910       4.92287858E-04
   7733.3317117424995        3.64549112       5.14391635E-04
   7735.7889188806621        3.71218777       5.23788156E-04
   7738.2461260188238        3.58223414       5.07108867E-04
   7740.7033331569855        3.37699962       4.78430389E-04
   7743.1605402951473        3.10471892       4.41654382E-04
   7745.6177474333090        3.00166249       4.25613573E-04
   7748.0749545714716        2.98839617       4.22334881E-04
   7750.5321617096324        2.88304877       4.09361208E-04
   7752.9893688477950        2.95546675       4.17955074E-04
   7755.4465759859568        3.07766604       4.34730726E-04
   7757.9037831241185        3.18245077       4.49703541E-04
   7760.3609902622811        3.31550288       4.67614533E-04
   7762.8181974004419        3.33332419       4.71596752E-04
   7765.2754045386046        3.40671849       4.81975178E-04
   7767.7326116767663        3.55516434       5.01987990E-04
   7770.1898188149280        3.67043400       5.18176297E-04
   7772.6470259530906        3.71047020       5.24380419E-04
   7775.1042330912514        3.70382071       5.23108349E-04
   7777.5614402294141        3.55558038       5.04091615E-04
   7780.0186473675749        3.47390032       4.92296298E-04
   7782.4758545057375        3.48241568       4.92585765E-04
   7784.9330616438992        3.49045253       4.94418025E-04
   7787.3902687820610        3.61176395       5.09970821E-04
   7789.8474759202236        3.66683292       5.17442939E-04
   7792.3046830583844        3.55457592       5.03782765E-04
   7794.7618901965470        3.52782297       4.99622955E-04
   7797.2190973347087        3.60691023       5.10532234E-04
   7799.6763044728705        3.80629373       5.38653112E-04
   7802.1335116110322        4.19325876       5.91122895E-04
   7804.5907187491939        4.52535915       6.38024707E-04
   7807.0479258873565        4.76562262       6.71803078E-04
   7809.5051330255174        4.83566570       6.83360035E-04
   7811.9623401636800        4.85946751       6.86855463E-04
   7814.4195473018417        4.83251953       6.83301245E-04
   7816.8767544400034        4.73073435       6.69411325E-04
   7819.3339615781651        4.58041954       6.48422516E-04
   7821.7911687163269        4.38638735       6.22236810E-04
   7824.2483758544895        4.31793165       6.11000170E-04
   7826.7055829926503        4.23444891       5.98958868E-04
   7829.1627901308129        4.08275986       5.79857908E-04
   7831.6199972689747        4.21586752       5.95973397E-04
   7834.0772044071364        4.39664984       6.20130624E-04
   7836.5344115452981        4.42207766       6.25884102E-04
   7838.9916186834598        4.54990387       6.42680563E-04
   7841.4488258216224        4.64061356       6.55634212E-04
   7843.9060329597842        4.69161558       6.63664716E-04
   7846.3632400979459        4.79264307       6.76482625E-04
   7848.8204472361076        4.75583935       6.72567636E-04
   7851.2776543742693        4.68688250       6.64637308E-04
   7853.7348615124320        4.84882832       6.84366969E-04
   7856.1920686505928        4.89003611       6.90487272E-04
   7858.6492757887554        4.74523592       6.71385031E-04
   7861.1064829269171        4.54720211       6.45161024E-04
   7863.5636900650788        4.51102114       6.39123376E-04
   7866.0208972032406        4.63111782       6.53325988E-04
   7868.4781043414023        4.55263853       6.44713466E-04
   7870.9353114795649        4.57379723       6.48810994E-04
   7873.3925186177257        4.93187380       6.95532130E-04
   7875.8497257558884        5.21123743       7.34333647E-04
   7878.3069328940501        5.29311705       7.48797436E-04
   7880.7641400322118        5.45749474       7.70182232E-04
   7883.2213471703744        5.52425909       7.80677423E-04
   7885.6785543085352        5.50380945       7.79498252E-04
   7888.1357614466979        5.68840408       8.01752554E-04
   7890.5929685848587        5.50419426       7.79176480E-04
   7893.0501757230213        5.29370308       7.49455881E-04
   7895.5073828611830        5.01255512       7.12566485E-04
   7897.9645899993448        5.11007547       7.21753924E-04
   7900.4217971375074        5.11128044       7.23010104E-04
   7902.8790042756682        5.11534882       7.22399738E-04
   7905.3362114138308        4.91976070       6.96305069E-04
   7907.7934185519925        4.66352034       6.61795493E-04
   7910.2506256901543        4.54456615       6.45046122E-04
   7912.7078328283160        4.73988676       6.68051711E-04
   7915.1650399664777        4.67328835       6.62600505E-04
   7917.6222471046403        4.85731173       6.85214007E-04
   7920.0794542428021        4.89180994       6.92082569E-04
   7922.5366613809638        5.02037764       7.09561864E-04
   7924.9938685191255        5.17704010       7.31749053E-04
   7927.4510756572872        5.41193771       7.64143944E-04
   7929.9082827954498        5.58375263       7.88650068E-04
   7932.3654899336107        5.72025585       8.06267606E-04
   7934.8226970717733        5.43463612       7.70210987E-04
   7937.2799042099350        5.18348026       7.33885565E-04
   7939.7371113480967        4.80629158       6.82951882E-04
   7942.1943184862585        4.64833403       6.58664329E-04
   7944.6515256244202        4.81870985       6.52034301E-04
   7947.1087327625828        4.92228317       6.96021249E-04
   7949.5659399007436        5.43416071       7.65257922E-04
   7952.0231470389062        5.76163340       8.11775913E-04
   7954.4803541770680        5.81857824       8.21286405E-04
   7956.9375613152297        5.66163397       8.01491027E-04
   7959.3947684533914        5.51193047       7.82817602E-04
   7961.8519755915531        5.81054401       8.21431691E-04
   7964.3091827297158        6.22761822       8.77543702E-04
   7966.7663898678766        6.41694927       9.05393157E-04
   7969.2235970060392        6.35906172       8.98331811E-04
   7971.6808041442009        6.07453966       8.61212902E-04
   7974.1380112823626        5.86016035       8.30845849E-04
   7976.5952184205253        5.79999876       8.19682551E-04
   7979.0524255586861        5.53948116       7.86269375E-04
   7981.5096326968487        5.49586296       7.77991721E-04
   7983.9668398350095        5.52113247       7.81016017E-04
   7986.4240469731722        5.53317213       7.83972908E-04
   7988.8812541113339        5.77561140       8.15569831E-04
   7991.3384612494956        5.94534636       8.39482294E-04
   7993.7956683876582        6.00346184       8.48740572E-04
   7996.2528755258199        6.03705835       8.55219492E-04
   7998.7100826639817        6.30225945       8.90569703E-04
   8001.1672898021434        6.59934044       9.31462098E-04
   8003.6244969403051        6.79910278       9.61016980E-04
   8006.0817040784677        7.02526951       9.92708607E-04
   8008.5389112166285        7.27512121       1.02742563E-03
   8010.9961183547912        7.43284702       1.05090125E-03
   8013.4533254929529        7.63274908       1.07817585E-03
   8015.9105326311146        7.76162529       1.09771953E-03
   8018.3677397692763        7.92701340       1.11976301E-03
   8020.8249469074381        8.03166485       1.13722915E-03
   8023.2821540456007        8.34260750       1.17911410E-03
   8025.7393611837615        8.78245068       1.23881362E-03
   8028.1965683219241        8.94462776       1.26625679E-03
   8030.6537754600859        9.41185760       1.32537400E-03
   8033.1109825982476        1.00000000      -1742748.38    
