   5529.2169088113069        2.85412874E-02   4.68462804E-06
   5531.6741159494686        4.82955724E-02   6.25871871E-06
   5534.1313230876303        3.34836580E-02   5.58889997E-06
   5536.5885302257930        5.45794480E-02   6.59886882E-06
   5539.0457373639547        2.51890849E-02   4.75819525E-06
   5541.5029445021164        1.02647720E-03   2.11456245E-06
   5543.9601516402781        3.66930366E-02   4.32268416E-06
   5546.4173587784398        3.34745422E-02   5.09871506E-06
   5548.8745659166016        3.61423530E-02   4.66988786E-06
   5551.3317730547642        2.74549890E-02   4.48849278E-06
   5553.7889801929259        3.08731459E-02   5.00442411E-06
   5556.2461873310876        5.36304601E-02   7.23934136E-06
   5558.7033944692494        5.16515188E-02   8.42122063E-06
   5561.1606016074111        8.78200531E-02   1.10190776E-05
   5563.6178087455728        5.79672270E-02   1.00448178E-05
   5566.0750158837354       0.100376084       1.23043465E-05
   5568.5322230218972        7.32064620E-02   1.20190407E-05
   5570.9894301600589        7.28979632E-02   1.30593880E-05
   5573.4466372982206       0.155186802       1.96229557E-05
   5575.9038444363823       0.110409290       1.69395807E-05
   5578.3610515745440       0.122255936       1.66612590E-05
   5580.8182587127058       0.112960100       1.64316043E-05
   5583.2754658508684       0.117180407       1.64899484E-05
   5585.7326729890301       0.122890837       1.75344594E-05
   5588.1898801271918       0.133924574       1.87224396E-05
   5590.6470872653535       0.135115832       1.88670856E-05
   5593.1042944035153       0.123399265       1.80999086E-05
   5595.5615015416770       0.138397813       1.89240363E-05
   5598.0187086798396       0.131288126       1.88170470E-05
   5600.4759158180013       0.119506642       1.68760544E-05
   5602.9331229561631       0.116296932       1.65443125E-05
   5605.3903300943248       0.102867909       1.55373891E-05
   5607.8475372324865       0.138507366       1.87906135E-05
   5610.3047443706482       0.136129171       1.91826803E-05
   5612.7619515088109       0.126492113       1.78375103E-05
   5615.2191586469726       0.111037374       1.65611909E-05
   5617.6763657851343       0.135051608       1.80812149E-05
   5620.1335729232960       0.116039388       1.67556100E-05
   5622.5907800614577        9.53414291E-02   1.39499280E-05
   5625.0479871996195       0.104022920       1.49579091E-05
   5627.5051943377821       0.122665480       1.73445933E-05
   5629.9624014759438       0.141698435       1.93119777E-05
   5632.4196086141055       0.121798210       1.78089322E-05
   5634.8768157522672       0.126426995       1.75570367E-05
   5637.3340228904290       0.120929822       1.70888670E-05
   5639.7912300285907       0.106619254       1.54628488E-05
   5642.2484371667524       0.113000549       1.61404332E-05
   5644.7056443049150       0.127536431       1.79813615E-05
   5647.1628514430768       0.140239716       1.99063998E-05
   5649.6200585812385       0.155311197       2.15240962E-05
   5652.0772657194002       0.151375294       2.15021373E-05
   5654.5344728575619       0.146337211       2.09293921E-05
   5656.9916799957236       0.155581787       2.14840020E-05
   5659.4488871338863       0.137063250       2.00709110E-05
   5661.9060942720480       0.148629978       2.08925667E-05
   5664.3633014102097       0.158354014       2.19205103E-05
   5666.8205085483714       0.140472427       2.05647339E-05
   5669.2777156865332       0.152460203       2.07172670E-05
   5671.7349228246949       0.131938696       1.94845197E-05
   5674.1921299628575       0.134457320       1.89659459E-05
   5676.6493371010192       0.146988839       2.07886715E-05
   5679.1065442391809       0.144805387       2.10450853E-05
   5681.5637513773427       0.174910322       2.41728922E-05
   5684.0209585155044       0.172442675       2.48793367E-05
   5686.4781656536661       0.193901524       2.61338719E-05
   5688.9353727918278       0.146716252       2.20694528E-05
   5691.3925799299905       0.152644917       2.19437461E-05
   5693.8497870681522       0.181721285       2.47723165E-05
   5696.3069942063139       0.164483905       2.43351114E-05
   5698.7642013444756       0.190890267       2.61531386E-05
   5701.2214084826373       0.190341294       2.73126607E-05
   5703.6786156207991       0.187736496       2.74543327E-05
   5706.1358227589617       0.234004930       3.14755744E-05
   5708.5930298971234       0.193474084       2.82832880E-05
   5711.0502370352851       0.189358160       2.66576499E-05
   5713.5074441734469       0.185512573       2.65165145E-05
   5715.9646513116086       0.191749468       2.68494459E-05
   5718.4218584497703       0.187290788       2.63175461E-05
   5720.8790655879329       0.171076775       2.48166507E-05
   5723.3362727260946       0.181627363       2.51223664E-05
   5725.7934798642564       0.173132837       2.53080998E-05
   5728.2506870024181       0.193297729       2.70129531E-05
   5730.7078941405798       0.209121212       2.89163181E-05
   5733.1651012787415       0.171996742       2.50690118E-05
   5735.6223084169033       0.175005987       2.47008011E-05
   5738.0795155550659       0.174071968       2.54286206E-05
   5740.5367226932276       0.211108297       2.86834638E-05
   5742.9939298313893       0.194887966       2.79074793E-05
   5745.4511369695510       0.184917554       2.66298703E-05
   5747.9083441077128       0.203565612       2.83399459E-05
   5750.3655512458745       0.201076299       2.81570901E-05
   5752.8227583840371       0.178921312       2.60381421E-05
   5755.2799655221988       0.190356761       2.66410334E-05
   5757.7371726603606       0.195562616       2.81193916E-05
   5760.1943797985223       0.215264857       2.93727026E-05
   5762.6515869366840       0.194201961       2.82741075E-05
   5765.1087940748457       0.190453067       2.70770233E-05
   5767.5660012130083       0.207499936       2.86991835E-05
   5770.0232083511701       0.172162846       2.53696617E-05
   5772.4804154893318       0.191000000       2.65720682E-05
   5774.9376226274935       0.188843906       2.70122564E-05
   5777.3948297656552       0.200454891       2.76292594E-05
   5779.8520369038170       0.174399316       2.61082641E-05
   5782.3092440419787       0.213478208       3.01163964E-05
   5784.7664511801413       0.254778326       3.51104100E-05
   5787.2236583183030       0.245580301       3.44879627E-05
   5789.6808654564647       0.219622597       3.23716049E-05
   5792.1380725946265       0.253923148       3.48780668E-05
   5794.5952797327882       0.249933317       3.51843373E-05
   5797.0524868709508       0.213197112       3.13652345E-05
   5799.5096940091125       0.242682859       3.39095168E-05
   5801.9669011472743       0.253740042       3.52714487E-05
   5804.4241082854360       0.234252617       3.33979442E-05
   5806.8813154235977       0.216673836       3.11005824E-05
   5809.3385225617594       0.227109551       3.12565717E-05
   5811.7957296999211       0.188348800       2.75691618E-05
   5814.2529368380838       0.188562825       2.67448158E-05
   5816.7101439762455       0.199132591       2.80402710E-05
   5819.1673511144072       0.202341110       2.85624083E-05
   5821.6245582525689       0.202091992       2.85843707E-05
   5824.0817653907307       0.203643531       2.93985922E-05
   5826.5389725288924       0.232604712       3.23626628E-05
   5828.9961796670550       0.242527530       3.37889032E-05
   5831.4533868052167       0.216773361       3.10167416E-05
   5833.9105939433784       0.209834456       2.95501140E-05
   5836.3678010815402       0.194546938       2.77223717E-05
   5838.8250082197019       0.188551649       2.69023112E-05
   5841.2822153578636       0.194295555       2.71330864E-05
   5843.7394224960262       0.186406866       2.62319481E-05
   5846.1966296341880       0.163588077       2.36889409E-05
   5848.6538367723497       0.168424278       2.34991894E-05
   5851.1110439105114       0.160342604       2.35325788E-05
   5853.5682510486731       0.189306617       2.56070416E-05
   5856.0254581868348       0.171207622       2.44391340E-05
   5858.4826653249966       0.138026029       2.11650313E-05
   5860.9398724631592       0.185558870       2.45343472E-05
   5863.3970796013209       0.158985615       2.34489053E-05
   5865.8542867394826       0.157600239       2.26713528E-05
   5868.3114938776444       0.187342480       2.58682358E-05
   5870.7687010158061       0.177618757       2.48748256E-05
   5873.2259081539678       0.159377292       2.25327385E-05
   5875.6831152921304       0.124125451       1.81781706E-05
   5878.1403224302921       0.122261800       1.72093787E-05
   5880.5975295684539       0.114296362       1.58188286E-05
   5883.0547367066156        8.93487409E-02   1.32493533E-05
   5885.5119438447773        7.86002427E-02   1.25062552E-05
   5887.9691509829390       0.128589034       1.70317417E-05
   5890.4263581211017       0.125554979       1.74691595E-05
   5892.8835652592634        9.68262628E-02   1.39068879E-05
   5895.3407723974251        6.63726106E-02   1.16574502E-05
   5897.7979795355868       0.131997034       1.76595677E-05
   5900.2551866737485       0.153442293       2.15195396E-05
   5902.7123938119103       0.141593099       2.00855502E-05
   5905.1696009500720       0.145621300       2.05759607E-05
   5907.6268080882346       0.131440207       1.98300204E-05
   5910.0840152263963       0.177002490       2.35760144E-05
   5912.5412223645581       0.151796848       2.18526384E-05
   5914.9984295027198       0.135110021       1.94307704E-05
   5917.4556366408815       0.135895252       1.95401772E-05
   5919.9128437790432       0.152833119       2.13057592E-05
   5922.3700509172058       0.154639274       2.20756483E-05
   5924.8272580553676       0.165690228       2.28242552E-05
   5927.2844651935293       0.146878853       2.13980638E-05
   5929.7416723316910       0.152875692       2.12332852E-05
   5932.1988794698527       0.147002950       2.11615115E-05
   5934.6560866080144       0.151106223       2.16757089E-05
   5937.1132937461771       0.174088433       2.38223311E-05
   5939.5705008843388       0.155397147       2.25222702E-05
   5942.0277080225005       0.158369541       2.24253254E-05
   5944.4849151606622       0.168779776       2.40790851E-05
   5946.9421222988240       0.185721889       2.50593712E-05
   5949.3993294369857       0.146700129       2.16378303E-05
   5951.8565365751474       0.125108868       1.93495853E-05
   5954.3137437133100       0.182727486       2.41971302E-05
   5956.7709508514718       0.165153667       2.38573084E-05
   5959.2281579896335       0.154738069       2.24754349E-05
   5961.6853651277952       0.179835692       2.43957002E-05
   5964.1425722659569       0.152799964       2.24067408E-05
   5966.5997794041186       0.154134348       2.18133628E-05
   5969.0569865422813       0.165313095       2.31748563E-05
   5971.5141936804430       0.158634603       2.29927573E-05
   5973.9714008186047       0.182370007       2.53178478E-05
   5976.4286079567664       0.183100328       2.53609414E-05
   5978.8858150949281       0.154365540       2.27794881E-05
   5981.3430222330899       0.163873971       2.30013884E-05
   5983.8002293712525       0.174723521       2.44602943E-05
   5986.2574365094142       0.160958290       2.33032824E-05
   5988.7146436475759       0.177667394       2.46389991E-05
   5991.1718507857377       0.169327945       2.47383523E-05
   5993.6290579238994       0.195628375       2.66483949E-05
   5996.0862650620611       0.179979235       2.63967358E-05
   5998.5434722002228       0.197920948       2.70664223E-05
   6001.0006793383855       0.186248809       2.68170479E-05
   6003.4578864765472       0.174776211       2.50968678E-05
   6005.9150936147089       0.192325294       2.63837046E-05
   6008.3723007528706       0.154307738       2.34172894E-05
   6010.8295078910323       0.191273496       2.60269735E-05
   6013.2867150291941       0.188177273       2.69077209E-05
   6015.7439221673567       0.187700123       2.69616230E-05
   6018.2011293055184       0.212573901       2.91791384E-05
   6020.6583364436801       0.195106030       2.81953817E-05
   6023.1155435818418       0.197628275       2.78637199E-05
   6025.5727507200036       0.204722300       2.87814364E-05
   6028.0299578581653       0.193965092       2.83192239E-05
   6030.4871649963279       0.228062883       3.13102246E-05
   6032.9443721344896       0.220018074       3.12841221E-05
   6035.4015792726514       0.211737335       2.98405557E-05
   6037.8587864108131       0.201706335       2.87173825E-05
   6040.3159935489748       0.196217790       2.87049716E-05
   6042.7732006871365       0.235500559       3.17836893E-05
   6045.2304078252982       0.208285913       3.04495534E-05
   6047.6876149634609       0.209114909       3.04384321E-05
   6050.1448221016226       0.257545710       3.47684472E-05
   6052.6020292397843       0.220004752       3.26466143E-05
   6055.0592363779460       0.246382698       3.38853970E-05
   6057.5164435161078       0.243361816       3.48085523E-05
   6059.9736506542704       0.238361552       3.38963982E-05
   6062.4308577924321       0.256049365       3.58304751E-05
   6064.8880649305938       0.242966294       3.46969136E-05
   6067.3452720687555       0.252959460       3.58460929E-05
   6069.8024792069173       0.260891557       3.65633496E-05
   6072.2596863450790       0.260459840       3.69681547E-05
   6074.7168934832407       0.253157437       3.63941072E-05
   6077.1741006214033       0.282252431       3.87995642E-05
   6079.6313077595651       0.248185709       3.59369587E-05
   6082.0885148977268       0.252867669       3.59917758E-05
   6084.5457220358885       0.270821095       3.77606193E-05
   6087.0029291740502       0.267507851       3.80366473E-05
   6089.4601363122119       0.262745112       3.71427632E-05
   6091.9173434503737       0.266849309       3.73961011E-05
   6094.3745505885363       0.240391642       3.52083880E-05
   6096.8317577266980       0.275168449       3.75383752E-05
   6099.2889648648597       0.246974945       3.54365293E-05
   6101.7461720030215       0.228760153       3.29676950E-05
   6104.2033791411832       0.247651249       3.49928123E-05
   6106.6605862793458       0.265547991       3.67655339E-05
   6109.1177934175075       0.244876295       3.48777394E-05
   6111.5750005556692       0.227661535       3.28108727E-05
   6114.0322076938310       0.243920296       3.41170853E-05
   6116.4894148319927       0.244700253       3.42494241E-05
   6118.9466219701544       0.223475650       3.17398335E-05
   6121.4038291083161       0.205196112       2.95289719E-05
   6123.8610362464788       0.211355969       2.96377311E-05
   6126.3182433846405       0.209249467       2.97938859E-05
   6128.7754505228022       0.212336123       3.00450829E-05
   6131.2326576609639       0.221941173       3.14122699E-05
   6133.6898647991256       0.230029106       3.17804625E-05
   6136.1470719372874       0.205197811       2.92527930E-05
   6138.6042790754491       0.173398688       2.55505638E-05
   6141.0614862136117       0.195736483       2.67305240E-05
   6143.5186933517734       0.174928561       2.55436316E-05
   6145.9759004899352       0.184893742       2.59446424E-05
   6148.4331076280969       0.193774611       2.65494054E-05
   6150.8903147662586       0.194506779       2.20950751E-05
   6153.3475219044212       0.152414039       2.18497680E-05
   6155.8047290425829       0.179117531       2.51186902E-05
   6158.2619361807447       0.191924095       2.70549899E-05
   6160.7191433189064       0.203563973       2.83853333E-05
   6163.1763504570681       0.193081543       2.72730231E-05
   6165.6335575952298       0.179415241       2.54453444E-05
   6168.0907647333916       0.165886283       2.37760651E-05
   6170.5479718715542       0.168669716       2.39603687E-05
   6173.0051790097159       0.178024575       2.46886138E-05
   6175.4623861478776       0.164804682       2.31711801E-05
   6177.9195932860393       0.133069783       1.99471870E-05
   6180.3768004242011       0.155124038       2.15796554E-05
   6182.8340075623637       0.166549891       2.35956104E-05
   6185.2912147005254       0.173748314       2.47721146E-05
   6187.7484218386871       0.194059521       2.66535699E-05
   6190.2056289768489       0.174629048       2.53258368E-05
   6192.6628361150106       0.179573238       2.50442390E-05
   6195.1200432531723       0.175263986       2.49754430E-05
   6197.5772503913340       0.171575055       2.42296956E-05
   6200.0344575294966       0.172292382       2.40309237E-05
   6202.4916646676584       0.148442507       2.16909521E-05
   6204.9488718058201       0.157815889       2.19645317E-05
   6207.4060789439818       0.154380873       2.22837007E-05
   6209.8632860821435       0.167989939       2.35471107E-05
   6212.3204932203053       0.177318454       2.51250731E-05
   6214.7777003584670       0.184759602       2.64094506E-05
   6217.2349074966296       0.207417578       2.82711408E-05
   6219.6921146347913       0.178048775       2.58931923E-05
   6222.1493217729530       0.171389043       2.41878570E-05
   6224.6065289111148       0.171558574       2.41820508E-05
   6227.0637360492765       0.159049496       2.28366771E-05
   6229.5209431874382       0.166094750       2.32374678E-05
   6231.9781503256008       0.160779729       2.34544277E-05
   6234.4353574637626       0.186624914       2.53868493E-05
   6236.8925646019243       0.171630293       2.51247966E-05
   6239.3497717400860       0.184590250       2.59675253E-05
   6241.8069788782477       0.202489793       2.79741726E-05
   6244.2641860164094       0.172046155       2.48990891E-05
   6246.7213931545721       0.171580389       2.45485771E-05
   6249.1786002927338       0.183965713       2.61149889E-05
   6251.6358074308955       0.203496426       2.80125478E-05
   6254.0930145690572       0.180601686       2.62187623E-05
   6256.5502217072190       0.187642559       2.60513207E-05
   6259.0074288453807       0.175738484       2.54869519E-05
   6261.4646359835424       0.188169211       2.63267812E-05
   6263.9218431217050       0.193776920       2.72143152E-05
   6266.3790502598667       0.182559252       2.66450952E-05
   6268.8362573980285       0.212203711       2.94850597E-05
   6271.2934645361902       0.220695466       3.09369643E-05
   6273.7506716743519       0.209050253       2.99556268E-05
   6276.2078788125136       0.217201471       3.07457449E-05
   6278.6650859506763       0.228705063       3.22904307E-05
   6281.1222930888380       0.236632392       3.31467381E-05
   6283.5795002269997       0.229762837       3.27472990E-05
   6286.0367073651614       0.231307417       3.28940696E-05
   6288.4939145033231       0.244675234       3.40700244E-05
   6290.9511216414849       0.230516747       3.31360097E-05
   6293.4083287796475       0.238179818       3.36741396E-05
   6295.8655359178092       0.250400841       3.53987889E-05
   6298.3227430559709       0.258741051       3.68718029E-05
   6300.7799501941327       0.282148182       3.94261879E-05
   6303.2371573322944       0.283626586       4.01487923E-05
   6305.6943644704561       0.282794833       4.02470141E-05
   6308.1515716086178       0.295988977       4.20136275E-05
   6310.6087787467804       0.316939116       4.46649974E-05
   6313.0659858849422       0.331901640       4.66529600E-05
   6315.5231930231039       0.331190169       4.65642770E-05
   6317.9804001612656       0.315368861       4.50564621E-05
   6320.4376072994273       0.318011880       4.52118366E-05
   6322.8948144375890       0.335929066       4.71530329E-05
   6325.3520215757508       0.335698843       4.78798465E-05
   6327.8092287139134       0.353184760       4.96216016E-05
   6330.2664358520751       0.359126925       5.10522113E-05
   6332.7236429902368       0.373034835       5.26970871E-05
   6335.1808501283986       0.388996243       5.45373950E-05
   6337.6380572665603       0.378002167       5.42175840E-05
   6340.0952644047229       0.402610689       5.66961135E-05
   6342.5524715428846       0.421057433       5.90497402E-05
   6345.0096786810464       0.411204308       5.86726819E-05
   6347.4668858192081       0.425167829       5.97947037E-05
   6349.9240929573698       0.427957237       5.98842780E-05
   6352.3813000955315       0.391672403       5.58048232E-05
   6354.8385072336932       0.368866742       5.30213838E-05
   6357.2957143718559       0.389495969       5.50266486E-05
   6359.7529215100176       0.410852283       5.71130440E-05
   6362.2101286481793       0.380861133       5.49880824E-05
   6364.6673357863410       0.397451580       5.59969412E-05
   6367.1245429245027       0.416047394       5.83239853E-05
   6369.5817500626654       0.398865730       5.64330367E-05
   6372.0389572008271       0.385202885       5.45809853E-05
   6374.4961643389888       0.370576382       5.29737154E-05
   6376.9533714771505       0.386416733       5.38320637E-05
   6379.4105786153123       0.362824559       5.19213063E-05
   6381.8677857534740       0.361214876       5.11571779E-05
   6384.3249928916357       0.370524377       5.27533302E-05
   6386.7822000297983       0.393998384       5.56190171E-05
   6389.2394071679601       0.418057024       5.85640009E-05
   6391.6966143061218       0.412427276       5.87215945E-05
   6394.1538214442835       0.425005883       6.02008404E-05
   6396.6110285824452       0.445500582       6.26161636E-05
   6399.0682357206069       0.447677821       6.34790413E-05
   6401.5254428587687       0.456005096       6.43501844E-05
   6403.9826499969313       0.461028129       6.46602857E-05
   6406.4398571350930       0.435928404       6.19810744E-05
   6408.8970642732547       0.421452343       5.91485950E-05
   6411.3542714114164       0.385326624       5.59638356E-05
   6413.8114785495782       0.411413580       5.78444487E-05
   6416.2686856877408       0.435234874       6.03256995E-05
   6418.7258928259025       0.381382048       5.50256445E-05
   6421.1830999640642       0.376662672       5.35878353E-05
   6423.6403071022260       0.392268836       5.56248124E-05
   6426.0975142403877       0.415876985       5.84458976E-05
   6428.5547213785494       0.422539353       5.96940263E-05
   6431.0119285167111       0.425392419       6.01333959E-05
   6433.4691356548738       0.426912040       6.05854038E-05
   6435.9263427930355       0.439023703       6.16474936E-05
   6438.3835499311972       0.431586087       6.14999517E-05
   6440.8407570693589       0.442500681       6.21378858E-05
   6443.2979642075206       0.439048320       6.23693923E-05
   6445.7551713456824       0.440822095       6.25432585E-05
   6448.2123784838450       0.459819168       6.43463572E-05
   6450.6695856220067       0.441556573       6.25368048E-05
   6453.1267927601684       0.423861504       6.05070782E-05
   6455.5839998983301       0.432854265       6.16194520E-05
   6458.0412070364919       0.464010835       6.45257387E-05
   6460.4984141746536       0.443190545       6.41845254E-05
   6462.9556213128162       0.485407770       6.75748161E-05
   6465.4128284509779       0.493520886       6.97359646E-05
   6467.8700355891397       0.476721853       6.77609496E-05
   6470.3272427273014       0.488077700       6.82001264E-05
   6472.7844498654631       0.448275119       6.45266919E-05
   6475.2416570036248       0.460381031       6.40784347E-05
   6477.6988641417865       0.427770644       6.18113627E-05
   6480.1560712799492       0.445420593       6.28149573E-05
   6482.6132784181109       0.469175130       6.59879588E-05
   6485.0704855562726       0.463679254       6.59912694E-05
   6487.5276926944343       0.482337326       6.84210681E-05
   6489.9848998325961       0.510579884       7.25850550E-05
   6492.4421069707587       0.558466077       7.81235358E-05
   6494.8993141089204       0.566904485       8.03811199E-05
   6497.3565212470821       0.578581154       8.14497180E-05
   6499.8137283852438       0.576916754       8.24473973E-05
   6502.2709355234056       0.609003901       8.54046302E-05
   6504.7281426615673       0.616953611       8.73328536E-05
   6507.1853497997290       0.614840388       8.76309423E-05
   6509.6425569378916       0.652297676       9.10868184E-05
   6512.0997640760534       0.631857157       9.11016105E-05
   6514.5569712142151       0.686529160       9.68497407E-05
   6517.0141783523768       0.744863868       1.05228311E-04
   6519.4713854905385       0.785812318       1.11087094E-04
   6521.9285926287002       0.833456874       1.17907904E-04
   6524.3857997668620       0.874769807       1.22977814E-04
   6526.8430069050246       0.888473868       1.26307350E-04
   6529.3002140431863       0.921677768       1.31637935E-04
   6531.7574211813480        1.02829897       1.43430356E-04
   6534.2146283195098        1.03966808       1.46855571E-04
   6536.6718354576715        1.03321946       1.45870028E-04
   6539.1290425958341        1.01447761       1.43192257E-04
   6541.5862497339958       0.977393568       1.37616342E-04
   6544.0434568721575       0.898773491       1.27757346E-04
   6546.5006640103193       0.838386238       1.19483222E-04
   6548.9578711484810       0.818901002       1.17340795E-04
   6551.4150782866427       0.874804556       1.24483311E-04
   6553.8722854248044       0.973484337       1.40134274E-04
   6556.3294925629671        1.18710840       1.68371684E-04
   6558.7866997011288        1.41574597       1.91413899E-04
   6561.2439068392905        1.21898353       1.72327724E-04
   6563.7011139774522       0.848478377       1.25789593E-04
   6566.1583211156139       0.720862687       1.04079540E-04
   6568.6155282537766       0.704370618       1.00227538E-04
   6571.0727353919374       0.720607817       1.00956488E-04
   6573.5299425301000       0.692034781       9.82943966E-05
   6575.9871496682617       0.675076187       9.52031987E-05
   6578.4443568064235       0.649661541       9.35415374E-05
   6580.9015639445852       0.698463202       9.85370934E-05
   6583.3587710827469       0.753328919       1.04806422E-04
   6585.8159782209095       0.714412391       1.01576406E-04
   6588.2731853590703       0.696512818       9.89259788E-05
   6590.7303924972330       0.702629209       9.94390866E-05
   6593.1875996353947       0.715391338       1.00368474E-04
   6595.6448067735564       0.688368022       9.77964373E-05
   6598.1020139117181       0.679641545       9.65810541E-05
   6600.5592210498799       0.700629294       9.86181694E-05
   6603.0164281880425       0.702933848       9.93688009E-05
   6605.4736353262042       0.698422074       9.93605281E-05
   6607.9308424643659       0.725914001       1.02332786E-04
   6610.3880496025276       0.741659939       1.04677994E-04
   6612.8452567406894       0.745355248       1.04646613E-04
   6615.3024638788520       0.712244928       1.01163096E-04
   6617.7596710170128       0.690581739       9.77668969E-05
   6620.2168781551754       0.678937137       9.54804418E-05
   6622.6740852933372       0.633252740       9.09648443E-05
   6625.1312924314989       0.651956916       9.23152984E-05
   6627.5884995696606       0.687839627       9.66231892E-05
   6630.0457067078223       0.688640356       9.68462191E-05
   6632.5029138459849       0.661733508       9.36133365E-05
   6634.9601209841458       0.628250360       8.99332226E-05
   6637.4173281223084       0.647922456       9.13440454E-05
   6639.8745352604701       0.661602139       9.34680793E-05
   6642.3317423986318       0.666200578       9.38814264E-05
   6644.7889495367936       0.658859551       9.21272804E-05
   6647.2461566749553       0.590560794       8.43446833E-05
   6649.7033638131179       0.547428012       7.85675729E-05
   6652.1605709512796       0.565504968       7.92769861E-05
   6654.6177780894413       0.554913044       7.88215038E-05
   6657.0749852276031       0.552316189       7.92403880E-05
   6659.5321923657648       0.610983670       8.57299819E-05
   6661.9893995039274       0.642488718       9.04487097E-05
   6664.4466066420882       0.649594307       9.16399076E-05
   6666.9038137802509       0.647695363       9.18823862E-05
   6669.3610209184126       0.658199251       9.26018474E-05
   6671.8182280565743       0.649636090       9.13960030E-05
   6674.2754351947360       0.608913302       8.66408809E-05
   6676.7326423328977       0.589691341       8.30954523E-05
   6679.1898494710604       0.556551695       7.95716478E-05
   6681.6470566092212       0.557657599       7.90002669E-05
   6684.1042637473838       0.574940324       8.07657343E-05
   6686.5614708855455       0.561039269       7.98215551E-05
   6689.0186780237073       0.569718838       8.05910095E-05
   6691.4758851618690       0.582589924       8.23102819E-05
   6693.9330923000307       0.591689050       8.38290653E-05
   6696.3902994381933       0.608377516       8.62177039E-05
   6698.8475065763550       0.636717081       8.96935162E-05
   6701.3047137145168       0.649407446       9.19769809E-05
   6703.7619208526785       0.668578982       9.44876519E-05
   6706.2191279908402       0.687579334       9.60565449E-05
   6708.6763351290019       0.648895800       9.16949357E-05
   6711.1335422671636       0.589354277       8.39603381E-05
   6713.5907494053263       0.557582617       7.89750047E-05
   6716.0479565434880       0.526822567       7.53221029E-05
   6718.5051636816497       0.534190834       7.61222545E-05
   6720.9623708198114       0.573335707       8.02821596E-05
   6723.4195779579732       0.577329099       8.17257169E-05
   6725.8767850961358       0.577985525       8.22886504E-05
   6728.3339922342975       0.609902978       8.52521989E-05
   6730.7911993724592       0.595234811       8.49257485E-05
   6733.2484065106210       0.607922554       8.60589134E-05
   6735.7056136487827       0.635665119       8.98745857E-05
   6738.1628207869444       0.657427132       9.25590793E-05
   6740.6200279251061       0.665573835       9.33676929E-05
   6743.0772350632687       0.627419710       8.89118382E-05
   6745.5344422014305       0.593601584       8.48801210E-05
   6747.9916493395922       0.601710796       8.60518921E-05
   6750.4488564777539       0.662503421       9.24520064E-05
   6752.9060636159156       0.666589677       9.43495106E-05
   6755.3632707540773       0.666409969       9.44714702E-05
   6757.8204778922391       0.681662560       9.62199410E-05
   6760.2776850304017       0.687572300       9.72303606E-05
   6762.7348921685634       0.692147732       9.85089719E-05
   6765.1920993067251       0.728001118       1.02704122E-04
   6767.6493064448869       0.756724775       1.06478175E-04
   6770.1065135830486       0.756656528       1.07403313E-04
   6772.5637207212112       0.774425745       1.08772809E-04
   6775.0209278593729       0.760442853       1.06955202E-04
   6777.4781349975347       0.704928875       9.99951881E-05
   6779.9353421356964       0.656159461       9.34820782E-05
   6782.3925492738581       0.636058033       9.05692432E-05
   6784.8497564120198       0.648372352       9.14693228E-05
   6787.3069635501815       0.651095688       9.20553794E-05
   6789.7641706883442       0.649797618       9.23841581E-05
   6792.2213778265059       0.673646629       9.56078802E-05
   6794.6785849646676       0.717108369       1.00607169E-04
   6797.1357921028293       0.724493563       1.02629114E-04
   6799.5929992409910       0.734744132       1.04060826E-04
   6802.0502063791528       0.758313775       1.06703672E-04
   6804.5074135173145       0.754665971       1.06944848E-04
   6806.9646206554771       0.759027898       1.06835723E-04
   6809.4218277936388       0.741514564       1.05098472E-04
   6811.8790349318006       0.727298260       1.03245613E-04
   6814.3362420699623       0.736569881       1.04209503E-04
   6816.7934492081240       0.747407079       1.05538980E-04
   6819.2506563462866       0.752345622       1.06608102E-04
   6821.7078634844484       0.764632344       1.08190696E-04
   6824.1650706226101       0.782902181       1.10034758E-04
   6826.6222777607718       0.765745521       1.09410088E-04
   6829.0794848989335       0.799100220       1.12533438E-04
   6831.5366920370961       0.820258617       1.14833048E-04
   6833.9938991752570       0.773818672       1.10612775E-04
   6836.4511063134196       0.777930677       1.10849447E-04
   6838.9083134515813       0.832075834       1.17050848E-04
   6841.3655205897430       0.858318150       1.20159682E-04
   6843.8227277279047       0.821551681       1.16215335E-04
   6846.2799348660665       0.773365557       1.10134286E-04
   6848.7371420042291       0.761932254       1.08062850E-04
   6851.1943491423908       0.766231418       1.09184752E-04
   6853.6515562805525       0.811304271       1.15065755E-04
   6856.1087634187143       0.878531039       1.23406833E-04
   6858.5659705568760       0.908405602       1.27275474E-04
   6861.0231776950377       0.875938296       1.22640733E-04
   6863.4803848331994       0.767495871       1.09474859E-04
   6865.9375919713621       0.674144566       9.75574003E-05
   6868.3947991095238       0.690638006       9.84027356E-05
   6870.8520062476855       0.751335502       1.05715757E-04
   6873.3092133858472       0.787053883       1.11155248E-04
   6875.7664205240089       0.815278053       1.15866264E-04
   6878.2236276621707       0.871864378       1.21069330E-04
   6880.6808348003324       0.827660084       1.17601288E-04
   6883.1380419384950       0.781565547       1.11992907E-04
   6885.5952490766567       0.819896579       1.14762413E-04
   6888.0524562148184       0.800760090       1.13990194E-04
   6890.5096633529802       0.809547901       1.14252842E-04
   6892.9668704911419       0.814690292       1.14571048E-04
   6895.4240776293036       0.780618012       1.11194240E-04
   6897.8812847674662       0.780302167       1.11405971E-04
   6900.3384919056280       0.836998999       1.18024545E-04
   6902.7956990437897       0.882103443       1.24433398E-04
   6905.2529061819514       0.908768177       1.27912906E-04
   6907.7101133201131       0.907057226       1.28521293E-04
   6910.1673204582748       0.910137475       1.28273110E-04
   6912.6245275964375       0.896049798       1.26152867E-04
   6915.0817347345992       0.839745939       1.20347053E-04
   6917.5389418727609       0.857109725       1.22723635E-04
   6919.9961490109226       0.954283774       1.34015747E-04
   6922.4533561490844        1.01200747       1.42415200E-04
   6924.9105632872470        1.02664936       1.46096776E-04
   6927.3677704254078        1.08717167       1.52499822E-04
   6929.8249775635704        1.09380805       1.54976427E-04
   6932.2821847017321        1.10158014       1.55793969E-04
   6934.7393918398939        1.11789596       1.58485287E-04
   6937.1965989780556        1.14558208       1.63585879E-04
   6939.6538061162173        1.25506914       1.77535534E-04
   6942.1110132543799        1.37114549       1.92305422E-04
   6944.5682203925408        1.41181159       1.97963134E-04
   6947.0254275307034        1.35756373       1.92008229E-04
   6949.4826346688651        1.29077947       1.83340322E-04
   6951.9398418070268        1.25374639       1.77747817E-04
   6954.3970489451885        1.23858905       1.76215544E-04
   6956.8542560833503        1.26898885       1.80245581E-04
   6959.3114632215129        1.34567201       1.89238941E-04
   6961.7686703596746        1.37131119       1.94399981E-04
   6964.2258774978363        1.41516364       1.99242553E-04
   6966.6830846359981        1.42208278       2.00630922E-04
   6969.1402917741598        1.39507699       1.99124697E-04
   6971.5974989123215        1.45464504       2.05121818E-04
   6974.0547060504832        1.50031555       2.12002356E-04
   6976.5119131886458        1.52444351       2.16066604E-04
   6978.9691203268076        1.58179843       2.22661969E-04
   6981.4263274649693        1.58642054       2.23067749E-04
   6983.8835346031310        1.52340806       2.15649910E-04
   6986.3407417412927        1.44851315       2.06210796E-04
   6988.7979488794554        1.44061196       2.04556898E-04
   6991.2551560176171        1.47284889       2.08937679E-04
   6993.7123631557788        1.54051197       2.15721579E-04
   6996.1695702939405        1.50437987       2.13987936E-04
   6998.6267774321022        1.50755763       2.14117172E-04
   7001.0839845702640        1.56973767       2.21654671E-04
   7003.5411917084257        1.61272967       2.29141529E-04
   7005.9983988465883        1.70834172       2.40321315E-04
   7008.4556059847500        1.75066710       2.46411655E-04
   7010.9128131229118        1.72249663       2.45607691E-04
   7013.3700202610735        1.78862035       2.52856291E-04
   7015.8272273992352        1.86706257       2.61343695E-04
   7018.2844345373978        1.80709577       2.56969477E-04
   7020.7416416755586        1.79782712       2.57045787E-04
   7023.1988488137213        1.94035208       2.74288352E-04
   7025.6560559518830        2.08889532       2.94527999E-04
   7028.1132630900447        2.19663215       3.11574462E-04
   7030.5704702282064        2.35192347       3.30531824E-04
   7033.0276773663682        2.42482781       3.41631734E-04
   7035.4848845045308        2.41886592       3.42953805E-04
   7037.9420916426916        2.46082711       3.47714435E-04
   7040.3992987808542        2.49438524       3.52934265E-04
   7042.8565059190159        2.53737879       3.55698168E-04
   7045.3137130571777        2.43219733       3.41789797E-04
   7047.7709201953394        2.17105889       3.05077963E-04
   7050.2281273335011        1.73818684       2.47951917E-04
   7052.6853344716637        1.22695494       1.81114636E-04
   7055.1425416098255       0.983242035       1.42750607E-04
   7057.5997487479872       0.932187974       1.32825226E-04
   7060.0569558861489       0.928726852       1.31362351E-04
   7062.5141630243106       0.934557498       1.32167421E-04
   7064.9713701624732       0.941029072       1.34109461E-04
   7067.4285773006350        1.00690377       1.42011748E-04
   7069.8857844387967        1.06626868       1.49770567E-04
   7072.3429915769584        1.08353519       1.54184832E-04
   7074.8001987151201        1.14905620       1.61613832E-04
   7077.2574058532819        1.19419348       1.68071288E-04
   7079.7146129914436        1.19232988       1.66812111E-04
   7082.1718201296062        1.11374009       1.56263239E-04
   7084.6290272677679       0.927892923       1.33571419E-04
   7087.0862344059296       0.836626410       1.20064484E-04
   7089.5434415440914       0.836374402       1.18948301E-04
   7092.0006486822531       0.877810299       1.22779427E-04
   7094.4578558204148       0.853427649       1.21636382E-04
   7096.9150629585765       0.865903735       1.22352110E-04
   7099.3722700967392       0.884575367       1.26348561E-04
   7101.8294772349009       0.958932400       1.35355876E-04
   7104.2866843730626        1.03415036       1.44706530E-04
   7106.7438915112243        1.03040016       1.46905324E-04
   7109.2010986493860        1.07980275       1.51615837E-04
   7111.6583057875478        1.09225178       1.55528702E-04
   7114.1155129257095        1.14172673       1.60561176E-04
   7116.5727200638721        1.17036295       1.63884062E-04
   7119.0299272020338        1.09732497       1.55167407E-04
   7121.4871343401956        1.01817608       1.43540499E-04
   7123.9443414783573       0.890350342       1.27617925E-04
   7126.4015486165190       0.828689814       1.18073796E-04
   7128.8587557546816       0.810775518       1.15631323E-04
   7131.3159628928424       0.841456950       1.18692034E-04
   7133.7731700310051       0.861865401       1.21695230E-04
   7136.2303771691668       0.871773243       1.23442776E-04
   7138.6875843073285       0.888171852       1.25277031E-04
   7141.1447914454911       0.893486202       1.26922328E-04
   7143.6019985836519       0.921241581       1.30198925E-04
   7146.0592057218146       0.955465615       1.34451388E-04
   7148.5164128599763       0.952004373       1.35636699E-04
   7150.9736199981380       0.998113990       1.40396325E-04
   7153.4308271362997        1.01678038       1.43748752E-04
   7155.8880342744615        1.02567112       1.44241916E-04
   7158.3452414126241        1.00181997       1.41816534E-04
   7160.8024485507858       0.970183790       1.37715004E-04
   7163.2596556889475       0.970007777       1.36781033E-04
   7165.7168628271093       0.944463968       1.33634385E-04
   7168.1740699652710       0.919256747       1.31631488E-04
   7170.6312771034327       0.967704415       1.36757910E-04
   7173.0884842415944        1.02652740       1.45016660E-04
   7175.5456913797570        1.06815672       1.52104301E-04
   7178.0028985179188        1.16726875       1.62291180E-04
   7180.4601056560805        1.13425052       1.61280870E-04
   7182.9173127942422        1.12239504       1.59845891E-04
   7185.3745199324039        1.17687082       1.65484744E-04
   7187.8317270705656        1.18863308       1.67594393E-04
   7190.2889342087274        1.16523135       1.64041558E-04
   7192.7461413468900        1.10486364       1.57140938E-04
   7195.2033484850517        1.06708956       1.50365595E-04
   7197.6605556232134        1.01300275       1.44910315E-04
   7200.1177627613752        1.01234400       1.44381498E-04
   7202.5749698995369        1.09404194       1.54385081E-04
   7205.0321770376986        1.14816022       1.61977019E-04
   7207.4893841758603        1.19436228       1.68862025E-04
   7209.9465913140230        1.22419345       1.74692133E-04
   7212.4037984521847        1.33917749       1.86813850E-04
   7214.8610055903464        1.33118081       1.89518338E-04
   7217.3182127285090        1.36993945       1.93978427E-04
   7219.7754198666698        1.43487048       2.02763214E-04
   7222.2326270048325        1.48856568       2.08796686E-04
   7224.6898341429942        1.45928562       2.06013327E-04
   7227.1470412811559        1.39033890       1.98301757E-04
   7229.6042484193176        1.40012336       1.98906622E-04
   7232.0614555574793        1.45765817       2.04969285E-04
   7234.5186626956420        1.46136630       2.08602680E-04
   7236.9758698338028        1.54413104       2.18128713E-04
   7239.4330769719654        1.63703549       2.31345228E-04
   7241.8902841101271        1.70454967       2.42543509E-04
   7244.3474912482889        1.85379648       2.58784712E-04
   7246.8046983864506        1.84139597       2.61082081E-04
   7249.2619055246123        1.83601356       2.62070273E-04
   7251.7191126627749        1.95980823       2.76434585E-04
   7254.1763198009367        2.05705237       2.89287244E-04
   7256.6335269390984        2.06797218       2.95304199E-04
   7259.0907340772601        2.20534635       3.09258496E-04
   7261.5479412154218        2.24587369       3.18341248E-04
   7264.0051483535835        2.28082991       3.21577623E-04
   7266.4623554917453        2.29995179       3.22855107E-04
   7268.9195626299079        2.15373302       3.05810157E-04
   7271.3767697680696        2.05265880       2.92296027E-04
   7273.8339769062313        2.02688694       2.91601551E-04
   7276.2911840443930        2.24635458       3.15394311E-04
   7278.7483911825548        2.37797832       3.38058046E-04
   7281.2055983207165        2.56784916       3.59123398E-04
   7283.6628054588782        2.59441924       3.65223095E-04
   7286.1200125970408        2.47886372       3.54060874E-04
   7288.5772197352026        2.53751040       3.61772312E-04
   7291.0344268733643        2.74671721       3.89095134E-04
   7293.4916340115260        2.99482250       4.17760486E-04
   7295.9488411496877        2.96478462       4.22377168E-04
   7298.4060482878504        3.03824639       4.31038934E-04
   7300.8632554260121        3.22081184       4.54826513E-04
   7303.3204625641738        3.34843087       4.71640058E-04
   7305.7776697023355        3.40396500       4.83174808E-04
   7308.2348768404972        3.51239038       4.96278633E-04
   7310.6920839786590        3.63809347       5.14936750E-04
   7313.1492911168207        3.74475670       5.30774647E-04
   7315.6064982549833        3.94093227       5.55176230E-04
   7318.0637053931450        4.01261091       5.69380529E-04
   7320.5209125313067        4.18605900       5.87562798E-04
   7322.9781196694685        4.14289951       5.87206974E-04
   7325.4353268076302        4.13113022       5.85147471E-04
   7327.8925339457928        4.16619349       5.92243159E-04
   7330.3497410839536        4.34877110       6.17294572E-04
   7332.8069482221163        4.65443659       6.54894393E-04
   7335.2641553602780        4.82253313       6.77534495E-04
   7337.7213624984397        4.73485041       6.67515502E-04
   7340.1785696366014        4.52254868       6.43481326E-04
   7342.6357767747631        4.44632292       6.30338094E-04
   7345.0929839129258        4.48234177       6.34230440E-04
   7347.5501910510866        4.50248861       6.37573947E-04
   7350.0073981892492        4.58466053       6.45303109E-04
   7352.4646053274109        4.49431419       6.41390448E-04
   7354.9218124655727        4.67288017       6.60707126E-04
   7357.3790196037344        4.88616085       6.88862114E-04
   7359.8362267418961        4.98715067       7.08468375E-04
   7362.2934338800587        5.24383259       7.38070928E-04
   7364.7506410182204        5.36703920       7.53476168E-04
   7367.2078481563822        5.17558813       7.37564522E-04
   7369.6650552945439        5.22700405       7.34967238E-04
   7372.1222624327056        5.12234116       7.27331033E-04
   7374.5794695708682        5.07866430       7.20377662E-04
   7377.0366767090300        5.19977045       7.32429849E-04
   7379.4938838471917        5.14840794       7.33160879E-04
   7381.9510909853534        5.34603596       7.53035245E-04
   7384.4082981235151        5.43452978       7.66382262E-04
   7386.8655052616768        5.38810778       7.59609800E-04
   7389.3227123998386        5.21256113       7.38782925E-04
   7391.7799195380012        5.07768583       7.21472315E-04
   7394.2371266761629        5.11094761       7.23910634E-04
   7396.6943338143246        5.21896648       7.36615097E-04
   7399.1515409524864        5.25581121       7.39902374E-04
   7401.6087480906481        5.12482023       7.28386047E-04
   7404.0659552288098        5.13002491       7.26496626E-04
   7406.5231623669715        5.23757124       7.39574956E-04
   7408.9803695051341        5.26681519       7.42493838E-04
   7411.4375766432959        5.20735216       7.35685579E-04
   7413.8947837814576        5.05846214       7.16184149E-04
   7416.3519909196193        4.96347904       7.05924176E-04
   7418.8091980577810        5.03080893       7.15271628E-04
   7421.2664051959437        5.33650064       7.48873688E-04
   7423.7236123341045        5.36499214       7.58900016E-04
   7426.1808194722671        5.38617325       7.58294947E-04
   7428.6380266104288        5.24408102       7.41642376E-04
   7431.0952337485905        5.06099653       7.18610419E-04
   7433.5524408867523        5.00786543       7.10396562E-04
   7436.0096480249140        5.07888460       7.14595022E-04
   7438.4668551630766        4.97298145       7.03621306E-04
   7440.9240623012374        4.84494543       6.88956061E-04
   7443.3812694394001        4.90301991       6.93494803E-04
   7445.8384765775618        4.99280787       7.06160325E-04
   7448.2956837157235        5.07740641       7.15802074E-04
   7450.7528908538861        5.07242727       7.17152958E-04
   7453.2100979920478        5.02757215       7.12208275E-04
   7455.6673051302096        5.05640125       7.15983566E-04
   7458.1245122683713        5.12300491       7.25958962E-04
   7460.5817194065330        5.27868938       7.42255128E-04
   7463.0389265446947        5.23492718       7.41743192E-04
   7465.4961336828565        5.22888899       7.40432355E-04
   7467.9533408210191        5.29324389       7.45318073E-04
   7470.4105479591808        5.19171333       7.36179296E-04
   7472.8677550973425        5.15163279       7.32003129E-04
   7475.3249622355042        5.30281878       7.49122235E-04
   7477.7821693736660        5.42892361       7.66953453E-04
   7480.2393765118277        5.51293707       7.80041853E-04
   7482.6965836499894        5.62073898       7.93657091E-04
   7485.1537907881520        5.67754507       7.99404865E-04
   7487.6109979263138        5.54920769       7.87752855E-04
   7490.0682050644755        5.53180552       7.84873147E-04
   7492.5254122026372        5.66850281       8.00093403E-04
   7494.9826193407989        5.73296165       8.12454033E-04
   7497.4398264789606        5.87406301       8.28847988E-04
   7499.8970336171224        5.94750834       8.38038803E-04
   7502.3542407552850        5.84453011       8.29315861E-04
   7504.8114478934467        5.85910511       8.31539335E-04
   7507.2686550316084        6.03643703       8.49044707E-04
   7509.7258621697702        6.00656796       8.49205477E-04
   7512.1830693079319        5.91288233       8.36884603E-04
   7514.6402764460936        5.86439848       8.29634897E-04
   7517.0974835842553        5.80664062       8.24772054E-04
   7519.5546907224179        5.92568207       8.34042672E-04
   7522.0118978605797        5.87454605       8.34500766E-04
   7524.4691049987414        5.95712614       8.43812712E-04
   7526.9263121369040        6.16531134       8.69609998E-04
   7529.3835192750648        6.24006748       8.81395361E-04
   7531.8407264132275        6.27630281       8.90788855E-04
   7534.2979335513892        6.44720411       9.11489886E-04
   7536.7551406895509        6.65863752       9.38247715E-04
   7539.2123478277126        6.67716980       9.42967774E-04
   7541.6695549658743        6.63868189       9.34992335E-04
   7544.1267621040370        6.36794472       9.07382695E-04
   7546.5839692421978        6.39734268       9.05001245E-04
   7549.0411763803604        6.48839903       9.18233127E-04
   7551.4983835185221        6.59434843       9.31491028E-04
   7553.9555906566839        6.67495060       9.40964441E-04
   7556.4127977948456        6.59709215       9.33518808E-04
   7558.8700049330073        6.53326750       9.24831489E-04
   7561.3272120711699        6.52154064       9.21163068E-04
   7563.7844192093316        6.46566725       9.16012505E-04
   7566.2416263474934        6.47873306       9.17444529E-04
   7568.6988334856551        6.59219360       9.32573632E-04
   7571.1560406238168        6.72165680       9.47327237E-04
   7573.6132477619785        6.73342896       9.56527540E-04
   7576.0704549001402        6.91950369       9.75796720E-04
   7578.5276620383029        7.06448269       9.92728514E-04
   7580.9848691764637        6.83464241       9.63645754E-04
   7583.4420763146263        6.45699596       9.05644672E-04
   7585.8992834527880        5.55837679       7.92421342E-04
   7588.3564905909498        4.77546358       6.77204400E-04
   7590.8136977291124        3.95834851       5.64358605E-04
   7593.2709048672732        3.14467359       4.49665764E-04
   7595.7281120054358        2.37639976       3.45556648E-04
   7598.1853191435976        1.90308261       2.74908700E-04
   7600.6425262817593        1.70779526       2.45370087E-04
   7603.0997334199219        1.70235956       2.45695905E-04
   7605.5569405580827        1.96613491       2.81842047E-04
   7608.0141476962453        2.42704678       3.52358911E-04
   7610.4713548344071        3.25943303       4.61509451E-04
   7612.9285619725688        4.08489275       5.69497759E-04
   7615.3857691107305        4.50318766       6.21496467E-04
   7617.8429762488922        4.18972969       5.85963775E-04
   7620.3001833870549        3.34511542       4.80749353E-04
   7622.7573905252157        2.69238067       3.86465283E-04
   7625.2145976633783        2.23498034       3.22621287E-04
   7627.6718048015400        2.04568005       2.92295008E-04
   7630.1290119397017        2.03057814       2.88120122E-04
   7632.5862190778635        2.06266713       2.91037024E-04
   7635.0434262160252        2.07407856       2.92257610E-04
   7637.5006333541878        2.02257657       2.87443429E-04
   7639.9578404923486        2.03805351       2.87725736E-04
   7642.4150476305113        2.04199123       2.88939220E-04
   7644.8722547686730        2.04755139       2.89163960E-04
   7647.3294619068347        2.04145312       2.86382419E-04
   7649.7866690449964        1.91536081       2.71098688E-04
   7652.2438761831581        1.77130461       2.48996599E-04
   7654.7010833213208        1.54583848       2.19246125E-04
   7657.1582904594816        1.27662182       1.84381599E-04
   7659.6154975976442        1.18235171       1.67987528E-04
   7662.0727047358059        1.13532352       1.62934331E-04
   7664.5299118739676        1.20051587       1.72450847E-04
   7666.9871190121294        1.40611839       1.98595051E-04
   7669.4443261502911        1.60289752       2.25619850E-04
   7671.9015332884537        1.74628699       2.46043957E-04
   7674.3587404266145        1.85140860       2.60796456E-04
   7676.8159475647772        1.90833008       2.69916636E-04
   7679.2731547029389        1.96924138       2.77894258E-04
   7681.7303618411006        2.00521231       2.82048713E-04
   7684.1875689792632        1.96322131       2.78014370E-04
   7686.6447761174240        1.92485619       2.70829943E-04
   7689.1019832555867        1.81849253       2.54707178E-04
   7691.5591903937484        1.53173399       2.20366594E-04
   7694.0163975319101        1.35551250       1.96260793E-04
   7696.4736046700727        1.41221452       2.03023214E-04
   7698.9308118082336        1.62895334       2.30385136E-04
   7701.3880189463962        1.84805810       2.59967579E-04
   7703.8452260845579        1.98872054       2.82107765E-04
   7706.3024332227196        2.16941595       3.06809001E-04
   7708.7596403608813        2.35435224       3.31737334E-04
   7711.2168474990431        2.48443007       3.51363735E-04
   7713.6740546372057        2.61105061       3.68844107E-04
   7716.1312617753665        2.72867870       3.85207939E-04
   7718.5884689135291        2.80780363       3.98089964E-04
   7721.0456760516909        2.93713903       4.14402748E-04
   7723.5028831898526        3.02818608       4.31086664E-04
   7725.9600903280143        3.24789310       4.58777708E-04
   7728.4172974661760        3.46702266       4.87121870E-04
   7730.8745046043387        3.51806378       4.98311303E-04
   7733.3317117424995        3.59532452       5.06393379E-04
   7735.7889188806621        3.57970881       5.05690754E-04
   7738.2461260188238        3.50529981       4.94888867E-04
   7740.7033331569855        3.38160777       4.76013578E-04
   7743.1605402951473        3.10353303       4.42288612E-04
   7745.6177474333090        2.93325996       4.17509698E-04
   7748.0749545714716        2.90380955       4.13284288E-04
   7750.5321617096324        2.99363780       4.23603895E-04
   7752.9893688477950        3.11769986       4.38910502E-04
   7755.4465759859568        3.13508821       4.44478152E-04
   7757.9037831241185        3.20395112       4.53468150E-04
   7760.3609902622811        3.30169535       4.67565143E-04
   7762.8181974004419        3.43550539       4.85075754E-04
   7765.2754045386046        3.54264808       5.00091992E-04
   7767.7326116767663        3.60423303       5.09168778E-04
   7770.1898188149280        3.64109206       5.14917949E-04
   7772.6470259530906        3.67452168       5.16762317E-04
   7775.1042330912514        3.56776404       5.05104894E-04
   7777.5614402294141        3.44369197       4.88496793E-04
   7780.0186473675749        3.39761019       4.82345466E-04
   7782.4758545057375        3.42793155       4.86638106E-04
   7784.9330616438992        3.56451178       5.02056500E-04
   7787.3902687820610        3.60434461       5.09421807E-04
   7789.8474759202236        3.61807775       5.10777638E-04
   7792.3046830583844        3.58685756       5.06838202E-04
   7794.7618901965470        3.51882839       5.00010268E-04
   7797.2190973347087        3.55671072       5.09353878E-04
   7799.6763044728705        3.91342735       5.53478952E-04
   7802.1335116110322        4.30490351       6.07577269E-04
   7804.5907187491939        4.62546301       6.51562354E-04
   7807.0479258873565        4.84034729       6.80284516E-04
   7809.5051330255174        4.83560038       6.86005689E-04
   7811.9623401636800        4.92332649       6.93239155E-04
   7814.4195473018417        4.88559532       6.86643238E-04
   7816.8767544400034        4.58295250       6.52266142E-04
   7819.3339615781651        4.42587328       6.27830799E-04
   7821.7911687163269        4.38159990       6.19285565E-04
   7824.2483758544895        4.29213762       6.07307244E-04
   7826.7055829926503        4.20905876       5.96322294E-04
   7829.1627901308129        4.16074800       5.92735829E-04
   7831.6199972689747        4.32703495       6.10316871E-04
   7834.0772044071364        4.44624090       6.28721085E-04
   7836.5344115452981        4.53776789       6.40520127E-04
   7838.9916186834598        4.59531498       6.51679817E-04
   7841.4488258216224        4.71789551       6.67328422E-04
   7843.9060329597842        4.88738871       6.88748201E-04
   7846.3632400979459        4.92110872       6.95114199E-04
   7848.8204472361076        4.92468739       6.96724164E-04
   7851.2776543742693        4.92045593       6.95794355E-04
   7853.7348615124320        4.93345737       6.95953611E-04
   7856.1920686505928        4.83554983       6.84501138E-04
   7858.6492757887554        4.76599503       6.71205344E-04
   7861.1064829269171        4.53121471       6.45163644E-04
   7863.5636900650788        4.47276306       6.34308613E-04
   7866.0208972032406        4.52265739       6.38766447E-04
   7868.4781043414023        4.53086996       6.44390471E-04
   7870.9353114795649        4.70444155       6.64646621E-04
   7873.3925186177257        4.89195204       6.91698689E-04
   7875.8497257558884        5.05170584       7.16346898E-04
   7878.3069328940501        5.34014654       7.52607477E-04
   7880.7641400322118        5.50784445       7.77260866E-04
   7883.2213471703744        5.60737705       7.92884501E-04
   7885.6785543085352        5.68931103       8.00761627E-04
   7888.1357614466979        5.61547184       7.92929553E-04
   7890.5929685848587        5.40821409       7.64373632E-04
   7893.0501757230213        5.19190025       7.37147173E-04
   7895.5073828611830        5.03603840       7.13972026E-04
   7897.9645899993448        5.02033901       7.12041860E-04
   7900.4217971375074        5.04879808       7.10945460E-04
   7902.8790042756682        4.99710846       7.05320621E-04
   7905.3362114138308        4.76581240       6.75114687E-04
   7907.7934185519925        4.63122272       6.57099707E-04
   7910.2506256901543        4.52299356       6.48099289E-04
   7912.7078328283160        4.86903381       6.76360505E-04
   7915.1650399664777        4.64468718       6.66291802E-04
   7917.6222471046403        4.78087091       6.71377638E-04
   7920.0794542428021        4.81344891       6.84173428E-04
   7922.5366613809638        4.90328693       6.96354371E-04
   7924.9938685191255        5.23833752       7.40461634E-04
   7927.4510756572872        5.52009726       7.78008194E-04
   7929.9082827954498        5.73751116       8.05062358E-04
   7932.3654899336107        5.58453941       7.88474048E-04
   7934.8226970717733        5.36532402       7.54657376E-04
   7937.2799042099350        4.83910084       6.94743590E-04
   7939.7371113480967        4.77041817       6.72768278E-04
   7942.1943184862585        4.65569115       6.64601394E-04
   7944.6515256244202        4.78849697       6.80764671E-04
   7947.1087327625828        5.15458822       7.30161380E-04
   7949.5659399007436        5.58074570       7.84797943E-04
   7952.0231470389062        5.81527853       8.13445600E-04
   7954.4803541770680        5.59217310       7.96453387E-04
   7956.9375613152297        5.56538725       7.87316007E-04
   7959.3947684533914        5.62856483       8.03292496E-04
   7961.8519755915531        5.98742771       8.43342685E-04
   7964.3091827297158        6.28951836       8.84687179E-04
   7966.7663898678766        6.27037954       8.86601745E-04
   7969.2235970060392        6.28767538       8.82348453E-04
   7971.6808041442009        5.89528084       8.40616238E-04
   7974.1380112823626        5.78990555       8.17026419E-04
   7976.5952184205253        5.61885452       7.99576635E-04
   7979.0524255586861        5.63492680       7.94007676E-04
   7981.5096326968487        5.54959822       7.85424083E-04
   7983.9668398350095        5.41559744       7.69055390E-04
   7986.4240469731722        5.45404530       7.75900611E-04
   7988.8812541113339        5.70654583       8.05027026E-04
   7991.3384612494956        5.90929461       8.32909020E-04
   7993.7956683876582        5.93414354       8.42937501E-04
   7996.2528755258199        6.15479755       8.70249060E-04
   7998.7100826639817        6.37739086       9.00862215E-04
   8001.1672898021434        6.55997276       9.28266207E-04
   8003.6244969403051        6.75797796       9.57660668E-04
   8006.0817040784677        7.07721090       9.96431219E-04
   8008.5389112166285        7.18632460       1.01828028E-03
   8010.9961183547912        7.36960363       1.04185194E-03
   8013.4533254929529        7.56414366       1.07038580E-03
   8015.9105326311146        7.77610540       1.09799672E-03
   8018.3677397692763        7.92586279       1.12231076E-03
   8020.8249469074381        8.11548424       1.14745472E-03
   8023.2821540456007        8.32702637       1.18280540E-03
   8025.7393611837615        8.76371384       1.23782351E-03
   8028.1965683219241        9.19627857      -1.28937990E-03
   8030.6537754600859        0.00000000      -1.00000000    
   8033.1109825982476        0.00000000      -1.00000000    
