   5529.2169088113069        1.00000000      -2.57213286E+09
   5531.6741159494686        7.15999976E-02   1.02242802E-05
   5534.1313230876303        6.36636987E-02   9.00455234E-06
   5536.5885302257930        3.87789980E-02   5.49277593E-06
   5539.0457373639547        3.58648449E-02   5.15362944E-06
   5541.5029445021164        5.03064506E-02   7.07330037E-06
   5543.9601516402781        5.60700223E-02   7.81537165E-06
   5546.4173587784398        7.38930181E-02   1.06034549E-05
   5548.8745659166016        7.83494189E-02   1.07833112E-05
   5551.3317730547642        6.82662278E-02   9.98618088E-06
   5553.7889801929259        8.79159719E-02   1.22389138E-05
   5556.2461873310876        4.24214378E-02   5.94073117E-06
   5558.7033944692494        8.57671350E-02   1.24430026E-05
   5561.1606016074111        9.09520015E-02   1.24937142E-05
   5563.6178087455728        7.88819566E-02   1.12849393E-05
   5566.0750158837354       0.101312414       1.43928783E-05
   5568.5322230218972        9.55544189E-02   1.32087443E-05
   5570.9894301600589       0.100839615       1.44648957E-05
   5573.4466372982206       0.147051662       2.06829500E-05
   5575.9038444363823       0.129636079       1.81568776E-05
   5578.3610515745440       0.145110264       2.06351197E-05
   5580.8182587127058       0.159589887       2.25775148E-05
   5583.2754658508684       0.160073757       2.25404456E-05
   5585.7326729890301       0.133251071       1.89140301E-05
   5588.1898801271918       0.152006492       2.16340304E-05
   5590.6470872653535       0.134269059       1.88208087E-05
   5593.1042944035153       0.132341474       1.89260863E-05
   5595.5615015416770       0.133417889       1.87104924E-05
   5598.0187086798396       0.131312504       1.87225760E-05
   5600.4759158180013       0.140395448       1.97851587E-05
   5602.9331229561631       0.122989886       1.73711178E-05
   5605.3903300943248       0.131657422       1.86594971E-05
   5607.8475372324865       0.141273379       1.99068963E-05
   5610.3047443706482       0.151188940       2.14698466E-05
   5612.7619515088109       0.147547856       2.07677203E-05
   5615.2191586469726       0.126172155       1.78321043E-05
   5617.6763657851343       0.143930554       2.04589960E-05
   5620.1335729232960       0.156710163       2.20428756E-05
   5622.5907800614577       0.153592035       2.18562636E-05
   5625.0479871996195       0.140089810       1.97329155E-05
   5627.5051943377821       0.112284310       1.59002921E-05
   5629.9624014759438       0.134731263       1.92053431E-05
   5632.4196086141055       0.143337965       2.01447983E-05
   5634.8768157522672       0.128468677       1.81733303E-05
   5637.3340228904290       0.124558933       1.76754165E-05
   5639.7912300285907       0.131864741       1.86336638E-05
   5642.2484371667524       0.132298410       1.86448378E-05
   5644.7056443049150       0.140462935       1.99184724E-05
   5647.1628514430768       0.147751197       2.08221700E-05
   5649.6200585812385       0.141416341       1.99779079E-05
   5652.0772657194002       0.149867281       2.11812494E-05
   5654.5344728575619       0.159911200       2.25599288E-05
   5656.9916799957236       0.177220970       2.51269666E-05
   5659.4488871338863       0.171387643       2.41249145E-05
   5661.9060942720480       0.157573447       2.24273390E-05
   5664.3633014102097       0.153858274       2.17072757E-05
   5666.8205085483714       0.145570308       2.07602334E-05
   5669.2777156865332       0.142518505       1.99441838E-05
   5671.7349228246949       0.134471267       1.90754690E-05
   5674.1921299628575       0.185685933       2.63148122E-05
   5676.6493371010192       0.187891096       2.64686114E-05
   5679.1065442391809       0.166024506       2.33961291E-05
   5681.5637513773427       0.155058235       2.22498657E-05
   5684.0209585155044       0.167133570       2.33651590E-05
   5686.4781656536661       0.134499088       1.91855197E-05
   5688.9353727918278       0.180572823       2.56381754E-05
   5691.3925799299905       0.142416447       1.97127411E-05
   5693.8497870681522       0.169062749       2.43510640E-05
   5696.3069942063139       0.204448432       2.86259528E-05
   5698.7642013444756       0.178873494       2.52707250E-05
   5701.2214084826373       0.177601039       2.51001984E-05
   5703.6786156207991       0.201152518       2.84730977E-05
   5706.1358227589617       0.226016745       3.19682877E-05
   5708.5930298971234       0.210748419       2.97517236E-05
   5711.0502370352851       0.180964157       2.56364310E-05
   5713.5074441734469       0.183891848       2.60997986E-05
   5715.9646513116086       0.191155240       2.69691609E-05
   5718.4218584497703       0.198708028       2.81975226E-05
   5720.8790655879329       0.190562800       2.68526910E-05
   5723.3362727260946       0.172098741       2.42877777E-05
   5725.7934798642564       0.196198136       2.78906791E-05
   5728.2506870024181       0.222359031       3.14605313E-05
   5730.7078941405798       0.189106002       2.65367962E-05
   5733.1651012787415       0.161758721       2.30714013E-05
   5735.6223084169033       0.197739884       2.79778942E-05
   5738.0795155550659       0.199595600       2.81274606E-05
   5740.5367226932276       0.199349776       2.82445908E-05
   5742.9939298313893       0.184884548       2.59932949E-05
   5745.4511369695510       0.199486047       2.84941452E-05
   5747.9083441077128       0.211532027       2.95261034E-05
   5750.3655512458745       0.196455985       2.80382501E-05
   5752.8227583840371       0.236418128       3.34283031E-05
   5755.2799655221988       0.192492902       2.70204200E-05
   5757.7371726603606       0.196337029       2.81734901E-05
   5760.1943797985223       0.196148887       2.73904207E-05
   5762.6515869366840       0.178814873       2.55315445E-05
   5765.1087940748457       0.217684776       3.08552226E-05
   5767.5660012130083       0.178115517       2.47901335E-05
   5770.0232083511701       0.186417744       2.68696149E-05
   5772.4804154893318       0.222471744       3.11011572E-05
   5774.9376226274935       0.190550789       2.71317658E-05
   5777.3948297656552       0.208478063       2.92990335E-05
   5779.8520369038170       0.186518312       2.63924194E-05
   5782.3092440419787       0.254547924       3.62061510E-05
   5784.7664511801413       0.222194567       3.09502611E-05
   5787.2236583183030       0.218308240       3.12948250E-05
   5789.6808654564647       0.233515218       3.26509071E-05
   5792.1380725946265       0.238716573       3.39687431E-05
   5794.5952797327882       0.273122758       3.84173654E-05
   5797.0524868709508       0.256664604       3.63637337E-05
   5799.5096940091125       0.269921392       3.81670252E-05
   5801.9669011472743       0.246772096       3.48290814E-05
   5804.4241082854360       0.262678564       3.72403811E-05
   5806.8813154235977       0.272312850       3.85842613E-05
   5809.3385225617594       0.257567108       3.64012376E-05
   5811.7957296999211       0.211573020       2.99254552E-05
   5814.2529368380838       0.214648038       3.06133552E-05
   5816.7101439762455       0.221182391       3.12131524E-05
   5819.1673511144072       0.194707081       2.74077411E-05
   5821.6245582525689       0.197385296       2.81029515E-05
   5824.0817653907307       0.228734717       3.21204243E-05
   5826.5389725288924       0.225909784       3.19906721E-05
   5828.9961796670550       0.256599396       3.62829305E-05
   5831.4533868052167       0.227725923       3.20425061E-05
   5833.9105939433784       0.236043200       3.37600250E-05
   5836.3678010815402       0.215561181       3.01010077E-05
   5838.8250082197019       0.192103297       2.74973427E-05
   5841.2822153578636       0.226244658       3.19215505E-05
   5843.7394224960262       0.199357674       2.81527737E-05
   5846.1966296341880       0.200425312       2.85581245E-05
   5848.6538367723497       0.170788139       2.39088440E-05
   5851.1110439105114       0.163947552       2.34578602E-05
   5853.5682510486731       0.195225522       2.75317634E-05
   5856.0254581868348       0.173908472       2.44890343E-05
   5858.4826653249966       0.169102401       2.39866276E-05
   5860.9398724631592       0.176376358       2.49156674E-05
   5863.3970796013209       0.190082207       2.70313867E-05
   5865.8542867394826       0.167723864       2.34845065E-05
   5868.3114938776444       0.135043815       1.91788931E-05
   5870.7687010158061       0.180425182       2.57684205E-05
   5873.2259081539678       0.176969796       2.47551106E-05
   5875.6831152921304       0.133954659       1.89904331E-05
   5878.1403224302921       0.145648405       2.07306966E-05
   5880.5975295684539       0.166833103       2.36065007E-05
   5883.0547367066156       0.150682017       2.10740382E-05
   5885.5119438447773       0.136579975       1.96844103E-05
   5887.9691509829390       0.156851172       2.21947557E-05
   5890.4263581211017        8.09292942E-02   1.11007821E-05
   5892.8835652592634       0.100567378       1.48972476E-05
   5895.3407723974251       0.144860357       2.01162693E-05
   5897.7979795355868        8.66794661E-02   1.23109494E-05
   5900.2551866737485        8.70157480E-02   1.22891370E-05
   5902.7123938119103       0.103976279       1.47301253E-05
   5905.1696009500720       0.157925829       2.22647541E-05
   5907.6268080882346       0.142935723       2.00627310E-05
   5910.0840152263963       0.144704238       2.04733333E-05
   5912.5412223645581       0.148607939       2.11468196E-05
   5914.9984295027198       0.162424713       2.29326579E-05
   5917.4556366408815       0.120834224       1.69282102E-05
   5919.9128437790432       0.139443964       2.00313771E-05
   5922.3700509172058       0.156944916       2.19437679E-05
   5924.8272580553676       0.143505573       2.03247419E-05
   5927.2844651935293       0.158718616       2.25052099E-05
   5929.7416723316910       0.162377119       2.28424469E-05
   5932.1988794698527       0.160892725       2.27717555E-05
   5934.6560866080144       0.178493366       2.52058398E-05
   5937.1132937461771       0.185244679       2.62181602E-05
   5939.5705008843388       0.187818810       2.65613598E-05
   5942.0277080225005       0.165939912       2.34022937E-05
   5944.4849151606622       0.173009291       2.45338415E-05
   5946.9421222988240       0.191431075       2.70121527E-05
   5949.3993294369857       0.203604400       2.88125793E-05
   5951.8565365751474       0.196104497       2.77429281E-05
   5954.3137437133100       0.176634043       2.49783461E-05
   5956.7709508514718       0.166339457       2.35882399E-05
   5959.2281579896335       0.178837508       2.53050857E-05
   5961.6853651277952       0.182203993       2.57360298E-05
   5964.1425722659569       0.181742311       2.57467527E-05
   5966.5997794041186       0.171150923       2.41017369E-05
   5969.0569865422813       0.174667701       2.48181204E-05
   5971.5141936804430       0.192748487       2.72261350E-05
   5973.9714008186047       0.179234564       2.53001581E-05
   5976.4286079567664       0.171720445       2.44015537E-05
   5978.8858150949281       0.166213915       2.33942937E-05
   5981.3430222330899       0.167619064       2.37926561E-05
   5983.8002293712525       0.188888490       2.66475727E-05
   5986.2574365094142       0.183930576       2.59313256E-05
   5988.7146436475759       0.192126915       2.73429887E-05
   5991.1718507857377       0.183252186       2.56803705E-05
   5993.6290579238994       0.169725373       2.41285125E-05
   5996.0862650620611       0.208181605       2.95546324E-05
   5998.5434722002228       0.191837013       2.68168351E-05
   6001.0006793383855       0.180034190       2.58250802E-05
   6003.4578864765472       0.191491321       2.69344255E-05
   6005.9150936147089       0.154172271       2.17840388E-05
   6008.3723007528706       0.176201627       2.50663797E-05
   6010.8295078910323       0.186129719       2.61141067E-05
   6013.2867150291941       0.196252808       2.78873740E-05
   6015.7439221673567       0.199614629       2.82102210E-05
   6018.2011293055184       0.174502194       2.46589916E-05
   6020.6583364436801       0.162725568       2.30486203E-05
   6023.1155435818418       0.181828335       2.57365991E-05
   6025.5727507200036       0.200768426       2.83355330E-05
   6028.0299578581653       0.200805977       2.83509453E-05
   6030.4871649963279       0.195172593       2.76504270E-05
   6032.9443721344896       0.196485445       2.77784584E-05
   6035.4015792726514       0.192748904       2.71781082E-05
   6037.8587864108131       0.209902480       2.98403174E-05
   6040.3159935489748       0.216028333       3.03573834E-05
   6042.7732006871365       0.197723225       2.80203385E-05
   6045.2304078252982       0.219494641       3.10863397E-05
   6047.6876149634609       0.220283955       3.09412935E-05
   6050.1448221016226       0.238150194       3.38298159E-05
   6052.6020292397843       0.257814676       3.62913415E-05
   6055.0592363779460       0.246693432       3.48528811E-05
   6057.5164435161078       0.261163592       3.70375092E-05
   6059.9736506542704       0.264714450       3.73700168E-05
   6062.4308577924321       0.251973093       3.56735181E-05
   6064.8880649305938       0.245616317       3.47535643E-05
   6067.3452720687555       0.241830617       3.41141131E-05
   6069.8024792069173       0.260933042       3.71159003E-05
   6072.2596863450790       0.266176552       3.73770927E-05
   6074.7168934832407       0.239246339       3.39139297E-05
   6077.1741006214033       0.268774420       3.81143218E-05
   6079.6313077595651       0.269228786       3.79214616E-05
   6082.0885148977268       0.257092386       3.64214538E-05
   6084.5457220358885       0.259822667       3.68358560E-05
   6087.0029291740502       0.248003557       3.48589201E-05
   6089.4601363122119       0.253430516       3.62331230E-05
   6091.9173434503737       0.261759907       3.66247114E-05
   6094.3745505885363       0.219315678       3.12635857E-05
   6096.8317577266980       0.263341546       3.73058356E-05
   6099.2889648648597       0.225070477       3.16988262E-05
   6101.7461720030215       0.224479079       3.17691702E-05
   6104.2033791411832       0.222343922       3.16442383E-05
   6106.6605862793458       0.250793487       3.52710013E-05
   6109.1177934175075       0.196899876       2.77557538E-05
   6111.5750005556692       0.250638276       3.59428668E-05
   6114.0322076938310       0.222253203       3.08222552E-05
   6116.4894148319927       0.193106160       2.78094485E-05
   6118.9466219701544       0.221657991       3.11520525E-05
   6121.4038291083161       0.200272843       2.83436402E-05
   6123.8610362464788       0.213034213       3.01959935E-05
   6126.3182433846405       0.200467259       2.82479705E-05
   6128.7754505228022       0.202016681       2.86194936E-05
   6131.2326576609639       0.212503359       3.00591382E-05
   6133.6898647991256       0.212818816       3.00800839E-05
   6136.1470719372874       0.199434191       2.81333432E-05
   6138.6042790754491       0.198951840       2.82574129E-05
   6141.0614862136117       0.212598309       3.00135198E-05
   6143.5186933517734       0.196925849       2.77528288E-05
   6145.9759004899352       0.207477748       2.94493293E-05
   6148.4331076280969       0.218510598       3.08632734E-05
   6150.8903147662586       0.206461981       2.91768847E-05
   6153.3475219044212       0.192974851       2.73639635E-05
   6155.8047290425829       0.190260783       2.70064811E-05
   6158.2619361807447       0.176171020       2.47627941E-05
   6160.7191433189064       0.167472109       2.37767381E-05
   6163.1763504570681       0.204094827       2.89947002E-05
   6165.6335575952298       0.184806019       2.58939381E-05
   6168.0907647333916       0.158304214       2.24867035E-05
   6170.5479718715542       0.179788798       2.55167488E-05
   6173.0051790097159       0.196470946       2.77869694E-05
   6175.4623861478776       0.165191159       2.31128743E-05
   6177.9195932860393       0.160860717       2.31996164E-05
   6180.3768004242011       0.179917097       2.50922349E-05
   6182.8340075623637       0.139377579       1.98936923E-05
   6185.2912147005254       0.177677035       2.51143229E-05
   6187.7484218386871       0.157039285       2.20822549E-05
   6190.2056289768489       0.181256801       2.58499986E-05
   6192.6628361150106       0.158459455       2.21598420E-05
   6195.1200432531723       0.154002458       2.20472357E-05
   6197.5772503913340       0.157540634       2.21822975E-05
   6200.0344575294966       0.140845522       1.98145372E-05
   6202.4916646676584       0.156514928       2.23457137E-05
   6204.9488718058201       0.179127276       2.51514175E-05
   6207.4060789439818       0.148049697       2.09198479E-05
   6209.8632860821435       0.165667892       2.35567459E-05
   6212.3204932203053       0.164041474       2.30554997E-05
   6214.7777003584670       0.167340308       2.37922086E-05
   6217.2349074966296       0.161755860       2.26864722E-05
   6219.6921146347913       0.165884599       2.37063596E-05
   6222.1493217729530       0.177364916       2.49589884E-05
   6224.6065289111148       0.140173987       1.96201981E-05
   6227.0637360492765       0.174695507       2.52168047E-05
   6229.5209431874382       0.193798348       2.68819676E-05
   6231.9781503256008       0.140553460       2.00898230E-05
   6234.4353574637626       0.190965191       2.71742174E-05
   6236.8925646019243       0.165126860       2.30454116E-05
   6239.3497717400860       0.166360155       2.37772820E-05
   6241.8069788782477       0.175916508       2.47891512E-05
   6244.2641860164094       0.175406456       2.49285258E-05
   6246.7213931545721       0.154009178       2.15755208E-05
   6249.1786002927338       0.150268927       2.14126740E-05
   6251.6358074308955       0.197205260       2.79780379E-05
   6254.0930145690572       0.178017199       2.48466440E-05
   6256.5502217072190       0.161267668       2.30394762E-05
   6259.0074288453807       0.194729790       2.74357153E-05
   6261.4646359835424       0.196455777       2.77742638E-05
   6263.9218431217050       0.209718898       2.95848258E-05
   6266.3790502598667       0.204296231       2.89573272E-05
   6268.8362573980285       0.217378348       3.06618495E-05
   6271.2934645361902       0.202737406       2.86435970E-05
   6273.7506716743519       0.232182726       3.29791874E-05
   6276.2078788125136       0.227933779       3.20575455E-05
   6278.6650859506763       0.213897884       3.01709333E-05
   6281.1222930888380       0.243434310       3.46547713E-05
   6283.5795002269997       0.275100589       3.87198925E-05
   6286.0367073651614       0.234692320       3.32296295E-05
   6288.4939145033231       0.232656106       3.28937276E-05
   6290.9511216414849       0.235682428       3.34743745E-05
   6293.4083287796475       0.266906857       3.75184645E-05
   6295.8655359178092       0.249297142       3.51799354E-05
   6298.3227430559709       0.311967880       4.44528414E-05
   6300.7799501941327       0.291201442       4.06642430E-05
   6303.2371573322944       0.262292117       3.74752126E-05
   6305.6943644704561       0.297461450       4.20704455E-05
   6308.1515716086178       0.278546572       3.91474423E-05
   6310.6087787467804       0.282535642       4.01677025E-05
   6313.0659858849422       0.318880469       4.49569852E-05
   6315.5231930231039       0.311473936       4.40411277E-05
   6317.9804001612656       0.321339369       4.54841102E-05
   6320.4376072994273       0.303718001       4.28411149E-05
   6322.8948144375890       0.326127231       4.63621291E-05
   6325.3520215757508       0.320233822       4.49239451E-05
   6327.8092287139134       0.320604235       4.55872650E-05
   6330.2664358520751       0.359351516       5.06070392E-05
   6332.7236429902368       0.354753584       5.02173934E-05
   6335.1808501283986       0.374340832       5.27397679E-05
   6337.6380572665603       0.376156837       5.33046150E-05
   6340.0952644047229       0.420768678       5.94421108E-05
   6342.5524715428846       0.389226556       5.48695862E-05
   6345.0096786810464       0.408924937       5.83462024E-05
   6347.4668858192081       0.379729867       5.33187012E-05
   6349.9240929573698       0.385312140       4.53169814E-05
   6352.3813000955315       0.371782333       5.27803095E-05
   6354.8385072336932       0.416225314       5.86788956E-05
   6357.2957143718559       0.394651413       5.56956838E-05
   6359.7529215100176       0.381731719       5.41362533E-05
   6362.2101286481793       0.389566839       5.51598932E-05
   6364.6673357863410       0.383570939       5.41359150E-05
   6367.1245429245027       0.368945837       5.21433794E-05
   6369.5817500626654       0.401568890       5.69933509E-05
   6372.0389572008271       0.408067316       5.73866382E-05
   6374.4961643389888       0.391252130       5.55520128E-05
   6376.9533714771505       0.412789226       5.81996865E-05
   6379.4105786153123       0.398002356       5.64138827E-05
   6381.8677857534740       0.426619381       6.05483110E-05
   6384.3249928916357       0.357714444       5.01157156E-05
   6386.7822000297983       0.352482885       5.03683259E-05
   6389.2394071679601       0.411573678       5.78750951E-05
   6391.6966143061218       0.415830463       5.88938055E-05
   6394.1538214442835       0.423705220       5.96205136E-05
   6396.6110285824452       0.410978496       5.83457913E-05
   6399.0682357206069       0.458141327       6.48513596E-05
   6401.5254428587687       0.408708364       5.75546946E-05
   6403.9826499969313       0.395545036       5.60812186E-05
   6406.4398571350930       0.425688446       6.04905472E-05
   6408.8970642732547       0.429464459       6.03319531E-05
   6411.3542714114164       0.374097079       5.32036720E-05
   6413.8114785495782       0.416648388       5.88864641E-05
   6416.2686856877408       0.388030648       5.46826595E-05
   6418.7258928259025       0.435015023       6.19318671E-05
   6421.1830999640642       0.413022071       5.80005508E-05
   6423.6403071022260       0.372958273       5.30433026E-05
   6426.0975142403877       0.383290827       5.41055051E-05
   6428.5547213785494       0.395621121       5.59930959E-05
   6431.0119285167111       0.425208151       6.01877800E-05
   6433.4691356548738       0.396217644       5.56103369E-05
   6435.9263427930355       0.404346377       5.76703278E-05
   6438.3835499311972       0.455828309       6.39308419E-05
   6440.8407570693589       0.432964563       6.14450764E-05
   6443.2979642075206       0.417384058       6.96145726E-05
   6445.7551713456824       0.446046978       6.29132192E-05
   6448.2123784838450       0.478903890       6.81236415E-05
   6450.6695856220067       0.444731921       6.25725297E-05
   6453.1267927601684       0.425592840       6.04960296E-05
   6455.5839998983301       0.427947044       6.05614005E-05
   6458.0412070364919       0.415146381       5.84766531E-05
   6460.4984141746536       0.414437920       5.87811228E-05
   6462.9556213128162       0.476201087       6.73832619E-05
   6465.4128284509779       0.450097501       6.32609881E-05
   6467.8700355891397       0.456450909       6.49420908E-05
   6470.3272427273014       0.476073384       6.71358066E-05
   6472.7844498654631       0.459244519       6.49954600E-05
   6475.2416570036248       0.455112845       6.43529493E-05
   6477.6988641417865       0.468286484       6.63372339E-05
   6480.1560712799492       0.471786082       6.67755667E-05
   6482.6132784181109       0.450550914       6.37762860E-05
   6485.0704855562726       0.410005420       5.78017243E-05
   6487.5276926944343       0.435918629       6.20923456E-05
   6489.9848998325961       0.478945464       6.72912065E-05
   6492.4421069707587       0.455690891       6.45928594E-05
   6494.8993141089204       0.499902695       7.04215054E-05
   6497.3565212470821       0.515170395       7.29098974E-05
   6499.8137283852438       0.602637112       8.52489902E-05
   6502.2709355234056       0.568865120       8.00183188E-05
   6504.7281426615673       0.582793415       8.27833646E-05
   6507.1853497997290       0.609827697       8.60543514E-05
   6509.6425569378916       0.619957268       8.76601916E-05
   6512.0997640760534       0.626345754       8.82176537E-05
   6514.5569712142151       0.683134079       9.68618333E-05
   6517.0141783523768       0.756386876       1.06740881E-04
   6519.4713854905385       0.723529875       1.01974059E-04
   6521.9285926287002       0.737517655       1.04603649E-04
   6524.3857997668620       0.795328379       1.12064474E-04
   6526.8430069050246       0.825899005       1.16739044E-04
   6529.3002140431863       0.902502894       1.27600943E-04
   6531.7574211813480       0.900478303       1.26755855E-04
   6534.2146283195098       0.932924032       1.32318499E-04
   6536.6718354576715        1.00286686       1.41620709E-04
   6539.1290425958341       0.961089432       1.35611190E-04
   6541.5862497339958       0.968567312       1.37666313E-04
   6544.0434568721575       0.954261839       1.34615984E-04
   6546.5006640103193       0.862928569       1.22430210E-04
   6548.9578711484810       0.857828856       1.21435362E-04
   6551.4150782866427       0.824372292       1.16504772E-04
   6553.8722854248044       0.856136620       1.20975827E-04
   6556.3294925629671       0.894770682       1.26304076E-04
   6558.7866997011288       0.975958765       1.38129733E-04
   6561.2439068392905       0.979663253       1.38454314E-04
   6563.7011139774522       0.906353295       1.28344924E-04
   6566.1583211156139       0.823771656       1.16955511E-04
   6568.6155282537766       0.766607642       1.08512322E-04
   6571.0727353919374       0.704373598       9.99671902E-05
   6573.5299425301000       0.698386848       9.88246757E-05
   6575.9871496682617       0.648879588       9.16597710E-05
   6578.4443568064235       0.677309334       9.60951365E-05
   6580.9015639445852       0.677957892       9.54392235E-05
   6583.3587710827469       0.682668567       9.67893939E-05
   6585.8159782209095       0.703066289       9.92585046E-05
   6588.2731853590703       0.683308005       9.66625375E-05
   6590.7303924972330       0.678368688       9.58918463E-05
   6593.1875996353947       0.678708076       9.60571415E-05
   6595.6448067735564       0.688503027       9.73349379E-05
   6598.1020139117181       0.671064556       9.50299218E-05
   6600.5592210498799       0.642654896       9.07185677E-05
   6603.0164281880425       0.614979863       8.71228694E-05
   6605.4736353262042       0.653958440       9.22308172E-05
   6607.9308424643659       0.682708085       9.65445797E-05
   6610.3880496025276       0.743702173       1.05027582E-04
   6612.8452567406894       0.721571565       1.01805701E-04
   6615.3024638788520       0.739976406       1.05097584E-04
   6617.7596710170128       0.718327940       1.01379519E-04
   6620.2168781551754       0.642427564       9.09165974E-05
   6622.6740852933372       0.645253718       9.16843856E-05
   6625.1312924314989       0.650485814       9.17568977E-05
   6627.5884995696606       0.608668506       8.61208755E-05
   6630.0457067078223       0.625578642       8.84708206E-05
   6632.5029138459849       0.647768974       9.18002697E-05
   6634.9601209841458       0.647385120       9.12575633E-05
   6637.4173281223084       0.591486394       8.38136257E-05
   6639.8745352604701       0.630414128       8.91730524E-05
   6642.3317423986318       0.623287022       8.80768421E-05
   6644.7889495367936       0.650915921       9.21919345E-05
   6647.2461566749553       0.607725978       8.58218555E-05
   6649.7033638131179       0.591592491       8.40288703E-05
   6652.1605709512796       0.550876498       7.77596142E-05
   6654.6177780894413       0.531363964       7.53703571E-05
   6657.0749852276031       0.533881903       7.53927961E-05
   6659.5321923657648       0.541688681       7.65729856E-05
   6661.9893995039274       0.558898747       7.89972255E-05
   6664.4466066420882       0.581599057       8.22610018E-05
   6666.9038137802509       0.570127606       8.01888600E-05
   6669.3610209184126       0.597037733       8.48004565E-05
   6671.8182280565743       0.663972974       9.35965145E-05
   6674.2754351947360       0.622954547       8.80457665E-05
   6676.7326423328977       0.631162643       8.94800978E-05
   6679.1898494710604       0.599553168       8.46810217E-05
   6681.6470566092212       0.596795976       8.48231211E-05
   6684.1042637473838       0.555415571       7.81310810E-05
   6686.5614708855455       0.528952777       7.54094217E-05
   6689.0186780237073       0.559664488       7.88252582E-05
   6691.4758851618690       0.510248661       7.22501281E-05
   6693.9330923000307       0.556061327       7.86957316E-05
   6696.3902994381933       0.539151788       7.59094619E-05
   6698.8475065763550       0.589054167       8.36123945E-05
   6701.3047137145168       0.600282133       8.44208625E-05
   6703.7619208526785       0.600702941       8.50240540E-05
   6706.2191279908402       0.638889313       9.03096152E-05
   6708.6763351290019       0.665520966       9.43946579E-05
   6711.1335422671636       0.608920217       8.57311243E-05
   6713.5907494053263       0.538003743       7.67141973E-05
   6716.0479565434880       0.555678010       7.83645737E-05
   6718.5051636816497       0.524231493       7.43983110E-05
   6720.9623708198114       0.557301581       7.85295051E-05
   6723.4195779579732       0.530866981       7.51289044E-05
   6725.8767850961358       0.606043339       8.58657149E-05
   6728.3339922342975       0.571895421       8.04644660E-05
   6730.7911993724592       0.575788021       8.17102118E-05
   6733.2484065106210       0.590594232       8.33935701E-05
   6735.7056136487827       0.605071068       8.55159597E-05
   6738.1628207869444       0.604478598       8.55847320E-05
   6740.6200279251061       0.619204998       8.75595142E-05
   6743.0772350632687       0.575479865       8.11896025E-05
   6745.5344422014305       0.604991019       8.59160136E-05
   6747.9916493395922       0.620228887       8.74182442E-05
   6750.4488564777539       0.605364442       8.58251515E-05
   6752.9060636159156       0.587416649       8.28447228E-05
   6755.3632707540773       0.586299419       8.31809666E-05
   6757.8204778922391       0.623351812       8.79067738E-05
   6760.2776850304017       0.617562890       8.73220270E-05
   6762.7348921685634       0.653434336       9.24383276E-05
   6765.1920993067251       0.646466553       9.11307216E-05
   6767.6493064448869       0.667170227       9.43918203E-05
   6770.1065135830486       0.714468062       1.00998972E-04
   6772.5637207212112       0.737908125       1.04189799E-04
   6775.0209278593729       0.723568320       1.02398160E-04
   6777.4781349975347       0.721679926       1.02184451E-04
   6779.9353421356964       0.687574208       9.72332273E-05
   6782.3925492738581       0.670664668       9.52747796E-05
   6784.8497564120198       0.631290138       8.90809897E-05
   6787.3069635501815       0.580228567       8.22508882E-05
   6789.7641706883442       0.618775189       8.75456753E-05
   6792.2213778265059       0.642236590       9.07171416E-05
   6794.6785849646676       0.656638920       9.27818546E-05
   6797.1357921028293       0.650002182       9.17965081E-05
   6799.5929992409910       0.678514421       9.61305050E-05
   6802.0502063791528       0.691658914       9.74392678E-05
   6804.5074135173145       0.692684054       9.80597615E-05
   6806.9646206554771       0.744761348       1.05440500E-04
   6809.4218277936388       0.725182533       1.02314305E-04
   6811.8790349318006       0.683934450       9.68505919E-05
   6814.3362420699623       0.698771477       9.90353728E-05
   6816.7934492081240       0.694864094       9.80405457E-05
   6819.2506563462866       0.680107057       9.61982005E-05
   6821.7078634844484       0.711369693       1.00713791E-04
   6824.1650706226101       0.729830861       1.03172613E-04
   6826.6222777607718       0.697229743       9.82393758E-05
   6829.0794848989335       0.714625239       1.01633224E-04
   6831.5366920370961       0.761540055       1.07212203E-04
   6833.9938991752570       0.701116264       9.92400819E-05
   6836.4511063134196       0.754222095       1.06829328E-04
   6838.9083134515813       0.730858266       1.02896447E-04
   6841.3655205897430       0.775638342       1.10303365E-04
   6843.8227277279047       0.777663708       1.09522261E-04
   6846.2799348660665       0.714587152       1.01305748E-04
   6848.7371420042291       0.712012589       1.00739337E-04
   6851.1943491423908       0.720114172       1.02003251E-04
   6853.6515562805525       0.723919809       1.02370752E-04
   6856.1087634187143       0.680872798       9.60884208E-05
   6858.5659705568760       0.687665105       9.72334165E-05
   6861.0231776950377       0.779474378       1.10817120E-04
   6863.4803848331994       0.768184662       1.07703294E-04
   6865.9375919713621       0.657974601       9.37179066E-05
   6868.3947991095238       0.742330909       1.05037761E-04
   6870.8520062476855       0.684573412       9.61497644E-05
   6873.3092133858472       0.766723275       1.09119588E-04
   6875.7664205240089       0.812754810       1.14105271E-04
   6878.2236276621707       0.801906765       1.13860755E-04
   6880.6808348003324       0.821133971       1.15745257E-04
   6883.1380419384950       0.787288368       1.11471534E-04
   6885.5952490766567       0.846628010       1.19842378E-04
   6888.0524562148184       0.828206778       1.16831106E-04
   6890.5096633529802       0.831590056       1.17795607E-04
   6892.9668704911419       0.845957935       1.19733864E-04
   6895.4240776293036       0.835789144       1.18149132E-04
   6897.8812847674662       0.795386195       1.12404887E-04
   6900.3384919056280       0.822645068       1.16682531E-04
   6902.7956990437897       0.848454833       1.19527205E-04
   6905.2529061819514       0.848170638       1.20260811E-04
   6907.7101133201131       0.893819451       1.26236657E-04
   6910.1673204582748       0.862255991       1.21878053E-04
   6912.6245275964375       0.890286028       1.26288185E-04
   6915.0817347345992       0.876508057       1.23661564E-04
   6917.5389418727609       0.836749136       1.18425633E-04
   6919.9961490109226       0.885396481       1.25502251E-04
   6922.4533561490844       0.897535026       1.26252358E-04
   6924.9105632872470       0.920406044       1.30653396E-04
   6927.3677704254078       0.997149527       1.40418430E-04
   6929.8249775635704       0.983627915       1.39325100E-04
   6932.2821847017321        1.05031490       1.48295381E-04
   6934.7393918398939        1.01625824       1.43431447E-04
   6937.1965989780556        1.11393809       1.57726216E-04
   6939.6538061162173        1.15893364       1.63498262E-04
   6942.1110132543799        1.18731701       1.67567414E-04
   6944.5682203925408        1.22286141       1.73252221E-04
   6947.0254275307034        1.30706966       1.84490767E-04
   6949.4826346688651        1.24759972       1.76249785E-04
   6951.9398418070268        1.31403446       1.86361111E-04
   6954.3970489451885        1.29709017       1.83025870E-04
   6956.8542560833503        1.27168071       1.80166491E-04
   6959.3114632215129        1.25911236       1.77923386E-04
   6961.7686703596746        1.29375613       1.83171040E-04
   6964.2258774978363        1.31981206       1.86406760E-04
   6966.6830846359981        1.32753265       1.87631609E-04
   6969.1402917741598        1.36067176       1.92393622E-04
   6971.5974989123215        1.42287099       2.01600822E-04
   6974.0547060504832        1.38621235       1.95362707E-04
   6976.5119131886458        1.43879592       1.88095248E-04
   6978.9691203268076        1.44806790       2.05111530E-04
   6981.4263274649693        1.47745490       2.08339072E-04
   6983.8835346031310        1.44331849       2.04475495E-04
   6986.3407417412927        1.45217633       2.05131044E-04
   6988.7979488794554        1.44115269       2.03930947E-04
   6991.2551560176171        1.51365423       2.14423184E-04
   6993.7123631557788        1.47873425       2.08547513E-04
   6996.1695702939405        1.43794787       2.03944743E-04
   6998.6267774321022        1.48514211       2.09677746E-04
   7001.0839845702640        1.49346876       2.11152772E-04
   7003.5411917084257        1.60540640       2.27423574E-04
   7005.9983988465883        1.58640635       2.23414667E-04
   7008.4556059847500        1.57188928       2.22887713E-04
   7010.9128131229118        1.69220960       2.39051791E-04
   7013.3700202610735        1.69477427       2.39327434E-04
   7015.8272273992352        1.74232364       2.46510055E-04
   7018.2844345373978        1.75784004       2.48317810E-04
   7020.7416416755586        1.78382504       2.52304337E-04
   7023.1988488137213        1.78542888       2.51544145E-04
   7025.6560559518830        1.88318443       2.66905496E-04
   7028.1132630900447        2.04211545       2.87839823E-04
   7030.5704702282064        1.98711872       2.80314096E-04
   7033.0276773663682        2.10690379       2.98435945E-04
   7035.4848845045308        2.19155812       3.08631745E-04
   7037.9420916426916        2.23211646       3.15911922E-04
   7040.3992987808542        2.35890794       3.33103060E-04
   7042.8565059190159        2.33260942       3.29322938E-04
   7045.3137130571777        2.40405130       3.41427512E-04
   7047.7709201953394        2.30868578       3.25998524E-04
   7050.2281273335011        1.97867227       2.81583605E-04
   7052.6853344716637        1.77340567       2.52004509E-04
   7055.1425416098255        1.40275574       1.99226663E-04
   7057.5997487479872        1.21652901       1.73779626E-04
   7060.0569558861489        1.00312555       1.41619515E-04
   7062.5141630243106       0.893520534       1.27468214E-04
   7064.9713701624732       0.913767636       1.28663072E-04
   7067.4285773006350       0.905825734       1.28148124E-04
   7069.8857844387967        1.00302470       1.41604789E-04
   7072.3429915769584       0.998220265       1.40726188E-04
   7074.8001987151201        1.02395427       1.44590929E-04
   7077.2574058532819        1.05336392       1.48868523E-04
   7079.7146129914436        1.10911262       1.56703012E-04
   7082.1718201296062        1.06863642       1.51003638E-04
   7084.6290272677679        1.03612208       1.46899125E-04
   7087.0862344059296       0.958598971       1.35496419E-04
   7089.5434415440914       0.883102953       1.25234379E-04
   7092.0006486822531       0.852216780       1.20628458E-04
   7094.4578558204148       0.833265424       1.18004937E-04
   7096.9150629585765       0.801324725       1.13246562E-04
   7099.3722700967392       0.781271577       1.10383495E-04
   7101.8294772349009       0.819872618       1.15945521E-04
   7104.2866843730626       0.898884237       1.27146181E-04
   7106.7438915112243       0.886978745       1.24559228E-04
   7109.2010986493860       0.907060266       1.28812680E-04
   7111.6583057875478        1.02537370       1.44551654E-04
   7114.1155129257095       0.983705699       1.38636868E-04
   7116.5727200638721        1.04793859       1.48750216E-04
   7119.0299272020338        1.06197488       1.49828309E-04
   7121.4871343401956       0.997668028       1.41345779E-04
   7123.9443414783573       0.942325950       1.33450696E-04
   7126.4015486165190       0.912749112       1.29548585E-04
   7128.8587557546816       0.862896562       1.22064666E-04
   7131.3159628928424       0.779416859       1.10479858E-04
   7133.7731700310051       0.757879198       1.07071290E-04
   7136.2303771691668       0.789887130       1.11986650E-04
   7138.6875843073285       0.856714725       1.20875542E-04
   7141.1447914454911       0.825426042       1.16523610E-04
   7143.6019985836519       0.857891858       1.21544675E-04
   7146.0592057218146       0.871284604       1.22982397E-04
   7148.5164128599763       0.874445975       1.23667633E-04
   7150.9736199981380       0.887437761       1.25419232E-04
   7153.4308271362997       0.911685348       1.28934640E-04
   7155.8880342744615       0.925698459       1.30696033E-04
   7158.3452414126241       0.943926215       1.33617752E-04
   7160.8024485507858       0.966774762       1.36698785E-04
   7163.2596556889475       0.934079528       1.32039087E-04
   7165.7168628271093       0.915417969       1.29816966E-04
   7168.1740699652710       0.900407791       1.27049847E-04
   7170.6312771034327       0.885352492       1.25211285E-04
   7173.0884842415944       0.973573089       1.37781812E-04
   7175.5456913797570        1.02248561       1.44288453E-04
   7178.0028985179188        1.01097417       1.42724792E-04
   7180.4601056560805        1.03002954       1.45789527E-04
   7182.9173127942422        1.08991039       1.53892892E-04
   7185.3745199324039        1.12187493       1.58631810E-04
   7187.8317270705656        1.14832878       1.62206532E-04
   7190.2889342087274        1.14921331       1.62611163E-04
   7192.7461413468900        1.17127335       1.65592312E-04
   7195.2033484850517        1.16122091       1.64739438E-04
   7197.6605556232134        1.11937165       1.57769013E-04
   7200.1177627613752        1.03730989       1.47287938E-04
   7202.5749698995369        1.14373207       1.61865129E-04
   7205.0321770376986        1.09185803       1.53640605E-04
   7207.4893841758603        1.16202366       1.65311722E-04
   7209.9465913140230        1.19682670       1.68600294E-04
   7212.4037984521847        1.22987366       1.58652285E-04
   7214.8610055903464        1.25602615       1.65917751E-04
   7217.3182127285090        1.25403774       1.76887974E-04
   7219.7754198666698        1.25437868       1.77102658E-04
   7222.2326270048325        1.35223413       1.91810730E-04
   7224.6898341429942        1.35662031       1.90935258E-04
   7227.1470412811559        1.32682979       1.88306149E-04
   7229.6042484193176        1.41211426       1.99470203E-04
   7232.0614555574793        1.38461447       1.95802073E-04
   7234.5186626956420        1.42055011       2.00577415E-04
   7236.9758698338028        1.44869649       2.05166580E-04
   7239.4330769719654        1.57554829       2.22504052E-04
   7241.8902841101271        1.52820385       2.15246575E-04
   7244.3474912482889        1.67520654       2.37840228E-04
   7246.8046983864506        1.77826428       2.50072946E-04
   7249.2619055246123        1.77718461       2.51539663E-04
   7251.7191126627749        1.92733192       2.72279925E-04
   7254.1763198009367        1.98224604       2.80090229E-04
   7256.6335269390984        2.05423093       2.90228316E-04
   7259.0907340772601        2.06445527       2.91714066E-04
   7261.5479412154218        2.17553496       3.08015791E-04
   7264.0051483535835        2.20672321       3.11649230E-04
   7266.4623554917453        2.18478608       3.09494499E-04
   7268.9195626299079        2.17186928       3.06943723E-04
   7271.3767697680696        2.14210320       3.03233479E-04
   7273.8339769062313        2.23110414       3.16029153E-04
   7276.2911840443930        2.20918679       3.11996875E-04
   7278.7483911825548        2.30761528       3.04714747E-04
   7281.2055983207165        2.25516963       3.19363928E-04
   7283.6628054588782        2.38967133       3.37677397E-04
   7286.1200125970408        2.37595606       3.35074437E-04
   7288.5772197352026        2.45374250       3.47689114E-04
   7291.0344268733643        2.64417410       3.73450341E-04
   7293.4916340115260        2.63360643       3.71532689E-04
   7295.9488411496877        2.74139762       3.88007989E-04
   7298.4060482878504        2.92641473       4.13016125E-04
   7300.8632554260121        3.04638195       4.30437096E-04
   7303.3204625641738        3.19958830       4.52243461E-04
   7305.7776697023355        3.27254820       4.61980759E-04
   7308.2348768404972        3.37828755       4.77998197E-04
   7310.6920839786590        3.51130342       4.95855638E-04
   7313.1492911168207        3.56729317       5.04224910E-04
   7315.6064982549833        3.70752668       5.24269068E-04
   7318.0637053931450        3.77772641       5.33597951E-04
   7320.5209125313067        3.87183762       5.47646079E-04
   7322.9781196694685        3.97349286       5.61844849E-04
   7325.4353268076302        3.99651814       5.64868504E-04
   7327.8925339457928        3.98885465       5.64263843E-04
   7330.3497410839536        4.07361031       5.76002873E-04
   7332.8069482221163        4.12494087       5.82473236E-04
   7335.2641553602780        4.29760790       6.08301780E-04
   7337.7213624984397        4.47429800       6.32111856E-04
   7340.1785696366014        4.42603731       6.26013207E-04
   7342.6357767747631        4.38644457       6.20521430E-04
   7345.0929839129258        4.33472347       6.13500946E-04
   7347.5501910510866        4.36382103       6.17446087E-04
   7350.0073981892492        4.28547430       6.05659909E-04
   7352.4646053274109        4.31138039       6.10001327E-04
   7354.9218124655727        4.42292595       6.25269779E-04
   7357.3790196037344        4.52244043       6.39466045E-04
   7359.8362267418961        4.52242661       6.38559693E-04
   7362.2934338800587        4.59370995       6.50092785E-04
   7364.7506410182204        4.78112268       6.75389951E-04
   7367.2078481563822        4.82040119       6.81108446E-04
   7369.6650552945439        4.93687725       6.98213291E-04
   7372.1222624327056        5.00048923       7.07309810E-04
   7374.5794695708682        4.96326256       7.01837242E-04
   7377.0366767090300        4.81316376       6.80747966E-04
   7379.4938838471917        4.81257391       6.80779049E-04
   7381.9510909853534        4.88897228       6.91236928E-04
   7384.4082981235151        5.00421906       7.07957428E-04
   7386.8655052616768        4.96628952       7.01782817E-04
   7389.3227123998386        4.87729168       6.90065441E-04
   7391.7799195380012        4.91370201       6.95031951E-04
   7394.2371266761629        4.96629906       7.02575489E-04
   7396.6943338143246        4.93448639       6.97794021E-04
   7399.1515409524864        4.81093311       6.80721831E-04
   7401.6087480906481        4.74600029       6.71452784E-04
   7404.0659552288098        4.72104597       6.67494605E-04
   7406.5231623669715        4.77860212       6.75944204E-04
   7408.9803695051341        4.84681845       6.85586769E-04
   7411.4375766432959        4.77773380       6.75194024E-04
   7413.8947837814576        4.67672348       6.61747530E-04
   7416.3519909196193        4.74174690       6.70971873E-04
   7418.8091980577810        4.73252773       6.68627326E-04
   7421.2664051959437        4.71647215       6.67255721E-04
   7423.7236123341045        4.77103376       6.74625975E-04
   7426.1808194722671        4.77899027       6.75933261E-04
   7428.6380266104288        4.75105810       6.71653135E-04
   7431.0952337485905        4.71412992       6.66744541E-04
   7433.5524408867523        4.78397751       6.76944852E-04
   7436.0096480249140        4.76727104       6.74062583E-04
   7438.4668551630766        4.66300869       6.59575860E-04
   7440.9240623012374        4.60181808       6.51318755E-04
   7443.3812694394001        4.60078239       6.50397909E-04
   7445.8384765775618        4.59900331       6.50251866E-04
   7448.2956837157235        4.71809149       6.67961256E-04
   7450.7528908538861        4.70110655       6.63712854E-04
   7453.2100979920478        4.59233427       6.50057977E-04
   7455.6673051302096        4.71356297       6.66808512E-04
   7458.1245122683713        4.69668293       6.63359417E-04
   7460.5817194065330        4.74360943       6.71474147E-04
   7463.0389265446947        4.81333065       6.80040393E-04
   7465.4961336828565        4.80294323       6.79371704E-04
   7467.9533408210191        4.86762762       6.88390632E-04
   7470.4105479591808        4.85886669       6.86923624E-04
   7472.8677550973425        4.88535643       6.91066205E-04
   7475.3249622355042        4.89492226       6.91759342E-04
   7477.7821693736660        4.95695066       7.01283861E-04
   7480.2393765118277        5.05359983       7.14107067E-04
   7482.6965836499894        5.07220507       7.17045448E-04
   7485.1537907881520        5.18301344       7.33161694E-04
   7487.6109979263138        5.22510195       7.38612842E-04
   7490.0682050644755        5.20042706       7.35210313E-04
   7492.5254122026372        5.21121931       7.36780406E-04
   7494.9826193407989        5.35080719       7.57386268E-04
   7497.4398264789606        5.39517212       7.62007607E-04
   7499.8970336171224        5.28601551       7.47515354E-04
   7502.3542407552850        5.42444420       7.67790305E-04
   7504.8114478934467        5.49894476       7.76627334E-04
   7507.2686550316084        5.51149035       7.79753493E-04
   7509.7258621697702        5.60194254       7.92401028E-04
   7512.1830693079319        5.56075048       7.86182180E-04
   7514.6402764460936        5.51333570       7.80196686E-04
   7517.0974835842553        5.49966335       7.77934096E-04
   7519.5546907224179        5.48104382       7.75404740E-04
   7522.0118978605797        5.44993877       7.70648709E-04
   7524.4691049987414        5.44764185       7.70676997E-04
   7526.9263121369040        5.49776554       7.76943227E-04
   7529.3835192750648        5.56115484       7.86419318E-04
   7531.8407264132275        5.71630716       8.08057841E-04
   7534.2979335513892        5.76737881       8.14733561E-04
   7536.7551406895509        5.87046862       8.29892466E-04
   7539.2123478277126        6.05408239       8.56246450E-04
   7541.6695549658743        6.14924097       8.68644274E-04
   7544.1267621040370        6.10638714       8.63356690E-04
   7546.5839692421978        6.23341227       8.82031571E-04
   7549.0411763803604        6.26961946       8.86166992E-04
   7551.4983835185221        6.19246626       8.75557715E-04
   7553.9555906566839        6.15790033       8.70909367E-04
   7556.4127977948456        6.24771166       8.83431989E-04
   7558.8700049330073        6.27955723       8.87846982E-04
   7561.3272120711699        6.27400446       8.87669739E-04
   7563.7844192093316        6.10469532       8.62417452E-04
   7566.2416263474934        6.03099346       8.53647012E-04
   7568.6988334856551        6.15517282       8.70134449E-04
   7571.1560406238168        6.15686798       8.70249351E-04
   7573.6132477619785        6.13311720       8.66716728E-04
   7576.0704549001402        6.17128849       8.73151643E-04
   7578.5276620383029        6.28633308       8.88584414E-04
   7580.9848691764637        6.18180513       8.75436992E-04
   7583.4420763146263        5.98765326       8.48054886E-04
   7585.8992834527880        5.37415743       7.61305797E-04
   7588.3564905909498        4.91591454       6.98680582E-04
   7590.8136977291124        4.41748285       6.26402441E-04
   7593.2709048672732        3.87362027       5.50434052E-04
   7595.7281120054358        3.33090949       4.70930012E-04
   7598.1853191435976        3.10852861       4.42330173E-04
   7600.6425262817593        3.22875953       4.55337809E-04
   7603.0997334199219        3.07028627       4.33611276E-04
   7605.5569405580827        3.26437235       4.60103678E-04
   7608.0141476962453        3.52675128       4.97167232E-04
   7610.4713548344071        4.10229683       5.79319836E-04
   7612.9285619725688        4.26659870       6.01372332E-04
   7615.3857691107305        4.20432281       5.94583515E-04
   7617.8429762488922        4.06012535       5.74588834E-04
   7620.3001833870549        3.94166565       5.57921478E-04
   7622.7573905252157        3.70437479       5.24683972E-04
   7625.2145976633783        3.48572278       4.93758242E-04
   7627.6718048015400        3.16611099       4.49091342E-04
   7630.1290119397017        2.94750953       4.17929696E-04
   7632.5862190778635        2.58296824       3.64817359E-04
   7635.0434262160252        2.56398225       3.64901323E-04
   7637.5006333541878        2.60947514       3.67965462E-04
   7639.9578404923486        2.39666247       3.39085207E-04
   7642.4150476305113        2.39964175       3.40035622E-04
   7644.8722547686730        2.39182878       3.38138314E-04
   7647.3294619068347        2.32281947       3.29047180E-04
   7649.7866690449964        2.16734576       3.06565547E-04
   7652.2438761831581        1.98082066       2.80899869E-04
   7654.7010833213208        1.88946438       2.68196483E-04
   7657.1582904594816        1.68422925       2.38113673E-04
   7659.6154975976442        1.48675609       2.11458915E-04
   7662.0727047358059        1.37790430       1.94827313E-04
   7664.5299118739676        1.25551391       1.77741240E-04
   7666.9871190121294        1.29543507       1.83195836E-04
   7669.4443261502911        1.34261382       1.89238330E-04
   7671.9015332884537        1.43016851       2.01705538E-04
   7674.3587404266145        1.57218647       2.22124188E-04
   7676.8159475647772        1.68753624       2.37327826E-04
   7679.2731547029389        1.77134383       2.50972487E-04
   7681.7303618411006        1.91359079       2.69639044E-04
   7684.1875689792632        1.85141993       2.61920562E-04
   7686.6447761174240        1.95355558       2.76665698E-04
   7689.1019832555867        1.86600280       2.64187431E-04
   7691.5591903937484        1.75717115       2.49091536E-04
   7694.0163975319101        1.54262733       2.18849193E-04
   7696.4736046700727        1.48442733       2.10483078E-04
   7698.9308118082336        1.41874540       2.00797338E-04
   7701.3880189463962        1.49901235       2.11952094E-04
   7703.8452260845579        1.54457521       2.17864552E-04
   7706.3024332227196        1.71784759       2.42538154E-04
   7708.7596403608813        1.88255179       2.65730487E-04
   7711.2168474990431        2.06921363       2.91722856E-04
   7713.6740546372057        2.14296865       3.02359695E-04
   7716.1312617753665        2.35905337       3.33144621E-04
   7718.5884689135291        2.50050116       3.53141746E-04
   7721.0456760516909        2.63861680       3.72985611E-04
   7723.5028831898526        2.57298493       3.62660387E-04
   7725.9600903280143        2.68107486       3.79602774E-04
   7728.4172974661760        2.92047071       4.12307854E-04
   7730.8745046043387        3.03757024       4.28705476E-04
   7733.3317117424995        3.11683965       4.41004231E-04
   7735.7889188806621        3.20687103       4.53386601E-04
   7738.2461260188238        3.14329767       4.44284640E-04
   7740.7033331569855        3.16418338       4.48620762E-04
   7743.1605402951473        3.13427258       4.43472702E-04
   7745.6177474333090        2.92854881       4.14491631E-04
   7748.0749545714716        2.78507447       3.94709612E-04
   7750.5321617096324        2.79096484       3.95329058E-04
   7752.9893688477950        2.75284600       3.89106397E-04
   7755.4465759859568        2.69937158       3.81672784E-04
   7757.9037831241185        2.76420546       3.90902307E-04
   7760.3609902622811        2.90824866       4.10747743E-04
   7762.8181974004419        3.00035787       4.23891412E-04
   7765.2754045386046        3.10886455       4.39446681E-04
   7767.7326116767663        3.14518619       4.44090809E-04
   7770.1898188149280        3.21930742       4.55719390E-04
   7772.6470259530906        3.29179525       4.64758137E-04
   7775.1042330912514        3.28550363       4.65338671E-04
   7777.5614402294141        3.32730007       4.70220897E-04
   7780.0186473675749        3.21006441       4.53924644E-04
   7782.4758545057375        3.30785227       4.68747603E-04
   7784.9330616438992        3.30055070       4.66275989E-04
   7787.3902687820610        3.20901299       4.54128342E-04
   7789.8474759202236        3.19868541       4.52497654E-04
   7792.3046830583844        3.25944233       4.61473013E-04
   7794.7618901965470        3.27234125       4.62158205E-04
   7797.2190973347087        3.38586783       4.53463377E-04
   7799.6763044728705        3.39858532       4.81147057E-04
   7802.1335116110322        3.58631039       5.05352218E-04
   7804.5907187491939        3.69400263       5.22325921E-04
   7807.0479258873565        3.96509409       5.59369102E-04
   7809.5051330255174        4.11024714       5.80236316E-04
   7811.9623401636800        4.44506216       6.28870737E-04
   7814.4195473018417        4.53737879       6.40862214E-04
   7816.8767544400034        4.40275717       6.22969586E-04
   7819.3339615781651        4.26536989       6.04103727E-04
   7821.7911687163269        4.20311785       5.94871701E-04
   7824.2483758544895        4.10579109       5.81339642E-04
   7826.7055829926503        4.02356148       5.69087861E-04
   7829.1627901308129        3.92810488       5.56383166E-04
   7831.6199972689747        3.95454717       5.59185981E-04
   7834.0772044071364        3.85433578       5.44409850E-04
   7836.5344115452981        4.01847267       5.68645890E-04
   7838.9916186834598        4.22355509       5.96761936E-04
   7841.4488258216224        4.30309534       6.08029019E-04
   7843.9060329597842        4.24491215       5.99769759E-04
   7846.3632400979459        4.35054779       6.16305217E-04
   7848.8204472361076        4.41218424       6.22987514E-04
   7851.2776543742693        4.31117678       6.09685958E-04
   7853.7348615124320        4.40546465       6.23601372E-04
   7856.1920686505928        4.46068716       6.30302704E-04
   7858.6492757887554        4.42548990       6.25894987E-04
   7861.1064829269171        4.46094465       6.31034898E-04
   7863.5636900650788        4.47545433       6.33588876E-04
   7866.0208972032406        4.41425562       6.24389504E-04
   7868.4781043414023        4.17622900       5.89980744E-04
   7870.9353114795649        4.23411655       6.00212661E-04
   7873.3925186177257        4.43334818       6.25311048E-04
   7875.8497257558884        4.48097897       6.33597490E-04
   7878.3069328940501        4.71344423       6.65628875E-04
   7880.7641400322118        4.78002596       6.74745126E-04
   7883.2213471703744        5.07866716       7.18719559E-04
   7885.6785543085352        5.19130468       7.32423272E-04
   7888.1357614466979        5.16517687       7.30457192E-04
   7890.5929685848587        5.28072643       7.47539219E-04
   7893.0501757230213        5.29197311       7.48480496E-04
   7895.5073828611830        5.04391670       7.12716661E-04
   7897.9645899993448        4.96008921       7.03676720E-04
   7900.4217971375074        5.02628994       7.10976310E-04
   7902.8790042756682        4.70528030       6.65073516E-04
   7905.3362114138308        4.58240986       6.49543130E-04
   7907.7934185519925        4.63478279       6.55761920E-04
   7910.2506256901543        4.57376719       6.47185196E-04
   7912.7078328283160        4.42086697       6.24815410E-04
   7915.1650399664777        4.34334803       6.14889548E-04
   7917.6222471046403        4.50825500       6.38157537E-04
   7920.0794542428021        4.43693399       6.25738467E-04
   7922.5366613809638        4.41594934       6.25183224E-04
   7924.9938685191255        4.67075157       6.59280864E-04
   7927.4510756572872        4.84411812       6.84346713E-04
   7929.9082827954498        5.12706518       7.24873098E-04
   7932.3654899336107        5.14087296       7.26568513E-04
   7934.8226970717733        5.03805876       7.12643552E-04
   7937.2799042099350        4.91091919       6.95719675E-04
   7939.7371113480967        4.87578964       6.89910143E-04
   7942.1943184862585        4.63935089       6.55946147E-04
   7944.6515256244202        4.64662600       6.58440986E-04
   7947.1087327625828        4.67825460       6.60455378E-04
   7949.5659399007436        4.70746374       6.66344073E-04
   7952.0231470389062        4.83882809       6.83931808E-04
   7954.4803541770680        4.81481504       6.79588004E-04
   7956.9375613152297        4.95933247       7.01094104E-04
   7959.3947684533914        5.32343531       7.52579363E-04
   7961.8519755915531        5.50291109       7.76787754E-04
   7964.3091827297158        5.48289967       7.75578024E-04
   7966.7663898678766        5.51454210       7.79389346E-04
   7969.2235970060392        5.53805113       7.82813062E-04
   7971.6808041442009        5.75894785       8.15249630E-04
   7974.1380112823626        5.80478668       8.20075220E-04
   7976.5952184205253        5.61674166       7.94886728E-04
   7979.0524255586861        5.28002834       7.91168481E-04
   7981.5096326968487        5.17944241       7.68434722E-04
   7983.9668398350095        5.14393806       7.27877370E-04
   7986.4240469731722        5.15805912       7.30956381E-04
   7988.8812541113339        5.25653362       7.43301876E-04
   7991.3384612494956        5.15089750       7.27512117E-04
   7993.7956683876582        5.20645094       7.37235707E-04
   7996.2528755258199        5.47070026       7.72897445E-04
   7998.7100826639817        5.54567957       7.83209747E-04
   8001.1672898021434        5.74837780       8.12709681E-04
   8003.6244969403051        6.00630617       8.48663971E-04
   8006.0817040784677        6.20193577       8.76343343E-04
   8008.5389112166285        6.33436966       8.94948374E-04
   8010.9961183547912        6.50881100       9.20082559E-04
   8013.4533254929529        6.76153326       9.56553093E-04
   8015.9105326311146        6.80492210       9.60311911E-04
   8018.3677397692763        6.85380316       9.70154244E-04
   8020.8249469074381        7.20213795       1.01730949E-03
   8023.2821540456007        7.31936073       1.03465049E-03
   8025.7393611837615        7.57679176       1.07095053E-03
   8028.1965683219241        7.63430929       1.07889809E-03
   8030.6537754600859        7.86427069       1.11042464E-03
   8033.1109825982476        8.17319775       1.15539040E-03
