   5529.2169088113069        3.56538408E-02   5.31081923E-06
   5531.6741159494686        6.69346526E-02   9.37269760E-06
   5534.1313230876303        2.41057798E-02   3.47722835E-06
   5536.5885302257930        3.72113101E-02   5.42477665E-06
   5539.0457373639547        3.31640393E-02   4.50668858E-06
   5541.5029445021164        3.19288783E-02   4.73674527E-06
   5543.9601516402781        6.25159591E-02   8.76011381E-06
   5546.4173587784398        4.11044881E-02   5.82622397E-06
   5548.8745659166016        1.86430495E-02   2.74822673E-06
   5551.3317730547642        2.83336136E-02   4.10449184E-06
   5553.7889801929259        4.07716520E-02   5.63831145E-06
   5556.2461873310876        3.11848093E-02   4.45923479E-06
   5558.7033944692494        5.12428954E-02   7.27049110E-06
   5561.1606016074111        6.80791289E-02   9.53593189E-06
   5563.6178087455728        5.76152243E-02   8.08470668E-06
   5566.0750158837354        6.74132779E-02   9.68029781E-06
   5568.5322230218972        9.54042152E-02   1.32850691E-05
   5570.9894301600589        8.05212706E-02   1.14406348E-05
   5573.4466372982206       0.115437873       1.63680506E-05
   5575.9038444363823       0.116324879       1.62757788E-05
   5578.3610515745440        9.79455560E-02   1.39404965E-05
   5580.8182587127058       0.117570363       1.66526643E-05
   5583.2754658508684       0.148510501       2.09074697E-05
   5585.7326729890301       0.140277848       1.97289519E-05
   5588.1898801271918       0.132110089       1.88390040E-05
   5590.6470872653535       0.148253262       2.08460533E-05
   5593.1042944035153       0.145958424       2.07326902E-05
   5595.5615015416770       0.155451179       2.19362628E-05
   5598.0187086798396       0.123802774       1.75978166E-05
   5600.4759158180013       0.118425734       1.67853523E-05
   5602.9331229561631       0.122818716       1.74508405E-05
   5605.3903300943248       0.144977093       2.03710406E-05
   5607.8475372324865       0.129612684       1.83466036E-05
   5610.3047443706482       0.145219460       2.05706165E-05
   5612.7619515088109       0.148389965       2.09551854E-05
   5615.2191586469726       0.136434242       1.93160777E-05
   5617.6763657851343       0.115261994       1.63878922E-05
   5620.1335729232960       0.118632250       1.68157367E-05
   5622.5907800614577       0.122585692       1.73008666E-05
   5625.0479871996195       0.125304312       1.77363763E-05
   5627.5051943377821       0.122697592       1.73240933E-05
   5629.9624014759438       0.117590986       1.66308619E-05
   5632.4196086141055       0.136770353       1.94032036E-05
   5634.8768157522672       0.146649763       2.05462493E-05
   5637.3340228904290       0.124560274       1.77791717E-05
   5639.7912300285907       0.146856979       2.07245794E-05
   5642.2484371667524       0.129115641       1.82277818E-05
   5644.7056443049150       0.138552845       1.96428155E-05
   5647.1628514430768       0.153610289       2.16925673E-05
   5649.6200585812385       0.156308144       2.20182465E-05
   5652.0772657194002       0.137284532       1.95129833E-05
   5654.5344728575619       0.152548954       2.15343134E-05
   5656.9916799957236       0.153843343       2.17653233E-05
   5659.4488871338863       0.167043731       2.35669922E-05
   5661.9060942720480       0.152412146       2.15477357E-05
   5664.3633014102097       0.171749935       2.43961349E-05
   5666.8205085483714       0.169623688       2.38250668E-05
   5669.2777156865332       0.145830765       2.08048059E-05
   5671.7349228246949       0.161482275       2.28355257E-05
   5674.1921299628575       0.147673458       2.08079528E-05
   5676.6493371010192       0.148102015       2.10731123E-05
   5679.1065442391809       0.176004484       2.48063043E-05
   5681.5637513773427       0.164602518       2.31619451E-05
   5684.0209585155044       0.166037604       2.36465112E-05
   5686.4781656536661       0.191638917       2.69759985E-05
   5688.9353727918278       0.167140529       2.36530996E-05
   5691.3925799299905       0.164301842       2.33412848E-05
   5693.8497870681522       0.163801327       2.30980586E-05
   5696.3069942063139       0.168537214       2.38728044E-05
   5698.7642013444756       0.185498744       2.61418063E-05
   5701.2214084826373       0.191729516       2.71313329E-05
   5703.6786156207991       0.192464367       2.71182234E-05
   5706.1358227589617       0.181404397       2.57642278E-05
   5708.5930298971234       0.207508966       2.93025514E-05
   5711.0502370352851       0.199287266       2.81415341E-05
   5713.5074441734469       0.186776876       2.65181188E-05
   5715.9646513116086       0.173832446       2.46170275E-05
   5718.4218584497703       0.164007351       2.32407783E-05
   5720.8790655879329       0.171241194       2.42223687E-05
   5723.3362727260946       0.187561899       2.64585287E-05
   5725.7934798642564       0.194595680       2.74974645E-05
   5728.2506870024181       0.195809647       2.76462142E-05
   5730.7078941405798       0.185704976       2.63132933E-05
   5733.1651012787415       0.199378699       2.82389465E-05
   5735.6223084169033       0.185929522       2.61872356E-05
   5738.0795155550659       0.176962182       2.51875063E-05
   5740.5367226932276       0.197198674       2.77510171E-05
   5742.9939298313893       0.198315665       2.80704389E-05
   5745.4511369695510       0.219335839       3.09524075E-05
   5747.9083441077128       0.211394861       2.98645373E-05
   5750.3655512458745       0.209686339       2.96395792E-05
   5752.8227583840371       0.227477014       3.22526466E-05
   5755.2799655221988       0.243549392       3.43197389E-05
   5757.7371726603606       0.201596931       2.86174709E-05
   5760.1943797985223       0.192272589       2.73095684E-05
   5762.6515869366840       0.195247397       2.76563060E-05
   5765.1087940748457       0.197196320       2.77939289E-05
   5767.5660012130083       0.186816484       2.65466824E-05
   5770.0232083511701       0.208265603       2.93915637E-05
   5772.4804154893318       0.184804872       2.60910347E-05
   5774.9376226274935       0.198523358       2.81977082E-05
   5777.3948297656552       0.219419062       3.09101815E-05
   5779.8520369038170       0.203572243       2.86992654E-05
   5782.3092440419787       0.200000927       2.84390298E-05
   5784.7664511801413       0.247477055       3.48697504E-05
   5787.2236583183030       0.240354568       3.38328064E-05
   5789.6808654564647       0.241479844       3.42784660E-05
   5792.1380725946265       0.253511578       3.57279860E-05
   5794.5952797327882       0.248545483       3.51905219E-05
   5797.0524868709508       0.254269332       3.59254045E-05
   5799.5096940091125       0.253292739       3.58703910E-05
   5801.9669011472743       0.250701964       3.53863543E-05
   5804.4241082854360       0.239036426       3.39496910E-05
   5806.8813154235977       0.248178527       3.50609334E-05
   5809.3385225617594       0.218683600       3.10033320E-05
   5811.7957296999211       0.205806062       2.92329405E-05
   5814.2529368380838       0.188174561       2.66310562E-05
   5816.7101439762455       0.178568587       2.52841564E-05
   5819.1673511144072       0.193813071       2.74495287E-05
   5821.6245582525689       0.212854847       2.99396088E-05
   5824.0817653907307       0.201909706       2.85736351E-05
   5826.5389725288924       0.220843315       3.12113079E-05
   5828.9961796670550       0.220262110       3.10690921E-05
   5831.4533868052167       0.222768217       3.15469188E-05
   5833.9105939433784       0.219279081       3.09713614E-05
   5836.3678010815402       0.209781304       2.97050246E-05
   5838.8250082197019       0.208379418       2.94952024E-05
   5841.2822153578636       0.208923951       2.95734899E-05
   5843.7394224960262       0.192555979       2.72329835E-05
   5846.1966296341880       0.168527767       2.39599831E-05
   5848.6538367723497       0.164144218       2.32689163E-05
   5851.1110439105114       0.153102711       2.16465487E-05
   5853.5682510486731       0.147587299       2.08966703E-05
   5856.0254581868348       0.157704085       2.22815579E-05
   5858.4826653249966       0.176869363       2.49974419E-05
   5860.9398724631592       0.170037478       2.39767342E-05
   5863.3970796013209       0.140589654       1.99596689E-05
   5865.8542867394826       0.148357809       2.10524922E-05
   5868.3114938776444       0.171905711       2.42717906E-05
   5870.7687010158061       0.153424487       2.15982200E-05
   5873.2259081539678       0.125907183       1.80406169E-05
   5875.6831152921304       0.137806877       1.94411150E-05
   5878.1403224302921       0.117098495       1.66360496E-05
   5880.5975295684539       0.113718651       1.60571872E-05
   5883.0547367066156       0.105508186       1.50276510E-05
   5885.5119438447773       0.127053767       1.78863902E-05
   5887.9691509829390       0.109911084       1.55578637E-05
   5890.4263581211017       0.116072297       1.64730300E-05
   5892.8835652592634       0.107512198       1.51524237E-05
   5895.3407723974251       0.103538163       1.46915545E-05
   5897.7979795355868       0.117525965       1.66132795E-05
   5900.2551866737485       0.127594024       1.79623294E-05
   5902.7123938119103       0.113829330       1.61386852E-05
   5905.1696009500720       0.116885513       1.65155016E-05
   5907.6268080882346       0.120720081       1.70986641E-05
   5910.0840152263963       0.144209698       2.03188756E-05
   5912.5412223645581       0.132070333       1.85839763E-05
   5914.9984295027198       0.149211541       2.12340819E-05
   5917.4556366408815       0.170512930       2.39221117E-05
   5919.9128437790432       0.151207045       2.14583615E-05
   5922.3700509172058       0.155298978       2.19815665E-05
   5924.8272580553676       0.155148730       2.19429221E-05
   5927.2844651935293       0.155019477       2.19248323E-05
   5929.7416723316910       0.150102720       2.12731211E-05
   5932.1988794698527       0.141076162       1.99206897E-05
   5934.6560866080144       0.141161382       2.00526720E-05
   5937.1132937461771       0.161413774       2.26861557E-05
   5939.5705008843388       0.169253796       2.39622204E-05
   5942.0277080225005       0.194129765       2.73750811E-05
   5944.4849151606622       0.172783583       2.44721978E-05
   5946.9421222988240       0.156128317       2.21111441E-05
   5949.3993294369857       0.142937452       2.03525869E-05
   5951.8565365751474       0.176160157       2.48541110E-05
   5954.3137437133100       0.159307793       2.24347459E-05
   5956.7709508514718       0.167050645       2.37608328E-05
   5959.2281579896335       0.171147481       2.40474128E-05
   5961.6853651277952       0.166673988       2.37047861E-05
   5964.1425722659569       0.174694985       2.46191830E-05
   5966.5997794041186       0.155471116       2.20816783E-05
   5969.0569865422813       0.152376577       2.15044256E-05
   5971.5141936804430       0.153472871       2.18552905E-05
   5973.9714008186047       0.176261544       2.47302851E-05
   5976.4286079567664       0.148964256       2.12478335E-05
   5978.8858150949281       0.161987245       2.28193003E-05
   5981.3430222330899       0.174975634       1.82275016E-05
   5983.8002293712525       0.162433878       2.29441139E-05
   5986.2574365094142       0.182790115       1.97528607E-05
   5988.7146436475759       0.170338333       2.42753613E-05
   5991.1718507857377       0.194657132       2.72414654E-05
   5993.6290579238994       0.166732907       2.37467666E-05
   5996.0862650620611       0.163375318       2.30632068E-05
   5998.5434722002228       0.153580055       2.18567729E-05
   6001.0006793383855       0.178870678       2.51500205E-05
   6003.4578864765472       0.171286747       2.42851293E-05
   6005.9150936147089       0.187031865       2.63442053E-05
   6008.3723007528706       0.178080097       2.52972477E-05
   6010.8295078910323       0.190743595       2.68848453E-05
   6013.2867150291941       0.162403017       2.30335008E-05
   6015.7439221673567       0.193094000       2.73749411E-05
   6018.2011293055184       0.202054143       2.84100406E-05
   6020.6583364436801       0.181849852       2.58188102E-05
   6023.1155435818418       0.182206735       2.57944848E-05
   6025.5727507200036       0.184117839       2.60727447E-05
   6028.0299578581653       0.181232259       2.55279047E-05
   6030.4871649963279       0.184924781       2.62550257E-05
   6032.9443721344896       0.230557933       3.25320907E-05
   6035.4015792726514       0.220327601       3.09861207E-05
   6037.8587864108131       0.192987561       2.75032398E-05
   6040.3159935489748       0.225595251       3.19157189E-05
   6042.7732006871365       0.212138817       2.98558680E-05
   6045.2304078252982       0.196818992       2.79493670E-05
   6047.6876149634609       0.232271016       3.28863680E-05
   6050.1448221016226       0.258954436       3.64082625E-05
   6052.6020292397843       0.221465826       3.13784003E-05
   6055.0592363779460       0.235798880       3.34920405E-05
   6057.5164435161078       0.243468478       3.42326603E-05
   6059.9736506542704       0.233902186       3.32341733E-05
   6062.4308577924321       0.253237188       3.56528362E-05
   6064.8880649305938       0.249279439       3.53528158E-05
   6067.3452720687555       0.274667412       3.87138716E-05
   6069.8024792069173       0.250558227       3.55319753E-05
   6072.2596863450790       0.260438114       3.68003384E-05
   6074.7168934832407       0.238963798       3.38578029E-05
   6077.1741006214033       0.254965842       3.60335762E-05
   6079.6313077595651       0.256547004       3.62472383E-05
   6082.0885148977268       0.277712226       3.92837755E-05
   6084.5457220358885       0.264748991       3.73336443E-05
   6087.0029291740502       0.250404775       3.55684315E-05
   6089.4601363122119       0.270294428       3.81900209E-05
   6091.9173434503737       0.256140828       3.61691564E-05
   6094.3745505885363       0.245743200       3.48460089E-05
   6096.8317577266980       0.259875357       3.67720459E-05
   6099.2889648648597       0.255150318       3.60413105E-05
   6101.7461720030215       0.226377904       3.20331856E-05
   6104.2033791411832       0.235980436       3.35377408E-05
   6106.6605862793458       0.261554420       3.67908069E-05
   6109.1177934175075       0.232953295       3.30284856E-05
   6111.5750005556692       0.237691030       3.36477242E-05
   6114.0322076938310       0.225558043       3.19148348E-05
   6116.4894148319927       0.227400869       3.21501939E-05
   6118.9466219701544       0.223770484       3.17444610E-05
   6121.4038291083161       0.224993318       3.17166050E-05
   6123.8610362464788       0.229594946       2.59516255E-05
   6126.3182433846405       0.217702433       3.08270683E-05
   6128.7754505228022       0.228868723       3.21976913E-05
   6131.2326576609639       0.225235105       3.19054525E-05
   6133.6898647991256       0.207254171       2.92690293E-05
   6136.1470719372874       0.211113662       3.00175288E-05
   6138.6042790754491       0.220160812       3.09424031E-05
   6141.0614862136117       0.194862992       2.77671661E-05
   6143.5186933517734       0.210432619       2.96700855E-05
   6145.9759004899352       0.177279413       2.51480687E-05
   6148.4331076280969       0.192785859       2.72581692E-05
   6150.8903147662586       0.200599477       2.83924310E-05
   6153.3475219044212       0.209360734       2.95759965E-05
   6155.8047290425829       0.158371076       2.24124979E-05
   6158.2619361807447       0.158954203       2.27344426E-05
   6160.7191433189064       0.193461016       2.71345070E-05
   6163.1763504570681       0.181008667       2.56251697E-05
   6165.6335575952298       0.188206211       2.65996823E-05
   6168.0907647333916       0.178429782       2.52733480E-05
   6170.5479718715542       0.178845584       2.52909158E-05
   6173.0051790097159       0.165896177       2.34704439E-05
   6175.4623861478776       0.173105597       2.45416031E-05
   6177.9195932860393       0.176429465       2.48809629E-05
   6180.3768004242011       0.156571642       2.22354065E-05
   6182.8340075623637       0.150716290       2.13063304E-05
   6185.2912147005254       0.145388454       2.06273053E-05
   6187.7484218386871       0.167052418       2.35624448E-05
   6190.2056289768489       0.168623507       2.37894437E-05
   6192.6628361150106       0.164878562       2.33256505E-05
   6195.1200432531723       0.165544093       2.34568779E-05
   6197.5772503913340       0.162179977       2.28920653E-05
   6200.0344575294966       0.153980300       2.18181813E-05
   6202.4916646676584       0.162872672       2.30079058E-05
   6204.9488718058201       0.175268158       2.47981498E-05
   6207.4060789439818       0.174923331       2.46467371E-05
   6209.8632860821435       0.151567563       2.15535729E-05
   6212.3204932203053       0.164614081       2.32653838E-05
   6214.7777003584670       0.162196979       2.29492071E-05
   6217.2349074966296       0.163363874       2.30224214E-05
   6219.6921146347913       0.154636636       2.19855974E-05
   6222.1493217729530       0.186732814       2.63554539E-05
   6224.6065289111148       0.164938718       2.32481980E-05
   6227.0637360492765       0.158584058       2.25713356E-05
   6229.5209431874382       0.170280799       2.40348745E-05
   6231.9781503256008       0.167969793       2.37826953E-05
   6234.4353574637626       0.148665950       2.09971222E-05
   6236.8925646019243       0.146733060       2.08812689E-05
   6239.3497717400860       0.175153896       2.46802174E-05
   6241.8069788782477       0.173620373       2.44980292E-05
   6244.2641860164094       0.166261017       2.35691550E-05
   6246.7213931545721       0.165264711       2.34003364E-05
   6249.1786002927338       0.154799730       2.18441546E-05
   6251.6358074308955       0.164529368       2.34247545E-05
   6254.0930145690572       0.187366411       2.63013681E-05
   6256.5502217072190       0.155311063       2.20589300E-05
   6259.0074288453807       0.179489881       2.54120278E-05
   6261.4646359835424       0.189592555       2.66900861E-05
   6263.9218431217050       0.201225430       2.84986054E-05
   6266.3790502598667       0.199476868       2.80984059E-05
   6268.8362573980285       0.195388675       2.77553409E-05
   6271.2934645361902       0.218972772       3.08738054E-05
   6273.7506716743519       0.209622994       2.96252219E-05
   6276.2078788125136       0.220578432       3.12470911E-05
   6278.6650859506763       0.226946652       3.20186300E-05
   6281.1222930888380       0.219547048       3.10477008E-05
   6283.5795002269997       0.241563991       3.42162384E-05
   6286.0367073651614       0.264554560       3.72597860E-05
   6288.4939145033231       0.249902338       3.53500145E-05
   6290.9511216414849       0.256243795       3.63472100E-05
   6293.4083287796475       0.261048228       3.68195360E-05
   6295.8655359178092       0.243373662       3.44797154E-05
   6298.3227430559709       0.266251892       3.76693533E-05
   6300.7799501941327       0.292970836       4.13021953E-05
   6303.2371573322944       0.301783741       4.26639162E-05
   6305.6943644704561       0.297087580       4.19604439E-05
   6308.1515716086178       0.291569561       4.13452872E-05
   6310.6087787467804       0.315579712       4.45936312E-05
   6313.0659858849422       0.304268032       4.29003667E-05
   6315.5231930231039       0.315717757       4.47863786E-05
   6317.9804001612656       0.362059951       5.10708524E-05
   6320.4376072994273       0.347430289       4.90183011E-05
   6322.8948144375890       0.327821463       4.65594567E-05
   6325.3520215757508       0.342411518       4.83630356E-05
   6327.8092287139134       0.336956948       4.76155728E-05
   6330.2664358520751       0.363720596       5.14924541E-05
   6332.7236429902368       0.378194451       5.32577797E-05
   6335.1808501283986       0.364894599       5.17184271E-05
   6337.6380572665603       0.396554917       5.60370827E-05
   6340.0952644047229       0.395827740       5.58357970E-05
   6342.5524715428846       0.402840137       5.70204174E-05
   6345.0096786810464       0.430409253       6.08038172E-05
   6347.4668858192081       0.433368444       6.12505173E-05
   6349.9240929573698       0.405732453       5.74925980E-05
   6352.3813000955315       0.374789119       5.31203332E-05
   6354.8385072336932       0.359255791       5.09021811E-05
   6357.2957143718559       0.378092200       5.34696192E-05
   6359.7529215100176       0.392532527       5.54114558E-05
   6362.2101286481793       0.393249393       5.56582418E-05
   6364.6673357863410       0.385125190       5.44362701E-05
   6367.1245429245027       0.368383080       5.21933180E-05
   6369.5817500626654       0.385405034       5.44784816E-05
   6372.0389572008271       0.396612406       5.60678418E-05
   6374.4961643389888       0.398562372       5.63382237E-05
   6376.9533714771505       0.370720834       5.24781462E-05
   6379.4105786153123       0.366219819       5.19217574E-05
   6381.8677857534740       0.370639801       5.23135677E-05
   6384.3249928916357       0.370759428       5.24328680E-05
   6386.7822000297983       0.405717254       5.73176585E-05
   6389.2394071679601       0.429295659       6.05272617E-05
   6391.6966143061218       0.430530012       6.08951013E-05
   6394.1538214442835       0.437445283       6.18693302E-05
   6396.6110285824452       0.424648583       5.99775885E-05
   6399.0682357206069       0.426818430       6.05014939E-05
   6401.5254428587687       0.455984592       6.43313469E-05
   6403.9826499969313       0.440841705       6.23336746E-05
   6406.4398571350930       0.453420639       6.42418963E-05
   6408.8970642732547       0.442360789       6.24424283E-05
   6411.3542714114164       0.413299024       5.86316710E-05
   6413.8114785495782       0.432605863       6.12149233E-05
   6416.2686856877408       0.422767073       5.97182225E-05
   6418.7258928259025       0.402358711       5.69882213E-05
   6421.1830999640642       0.411928207       5.83428809E-05
   6423.6403071022260       0.423390687       5.97670296E-05
   6426.0975142403877       0.400470138       5.66632953E-05
   6428.5547213785494       0.416318268       5.89266820E-05
   6431.0119285167111       0.437110245       6.17103578E-05
   6433.4691356548738       0.435622871       6.15673489E-05
   6435.9263427930355       0.427572101       6.05113200E-05
   6438.3835499311972       0.435369909       6.16185789E-05
   6440.8407570693589       0.426341951       6.01635729E-05
   6443.2979642075206       0.421192735       5.97539874E-05
   6445.7551713456824       0.458400220       6.46718036E-05
   6448.2123784838450       0.433376342       6.12815420E-05
   6450.6695856220067       0.432414830       6.12480071E-05
   6453.1267927601684       0.435524911       6.15637764E-05
   6455.5839998983301       0.444819748       6.28973066E-05
   6458.0412070364919       0.442248225       6.24884051E-05
   6460.4984141746536       0.453208923       6.41476508E-05
   6462.9556213128162       0.471855938       6.66184860E-05
   6465.4128284509779       0.466813207       6.60200021E-05
   6467.8700355891397       0.476710111       6.74317926E-05
   6470.3272427273014       0.489806533       6.92611866E-05
   6472.7844498654631       0.484358490       6.84512415E-05
   6475.2416570036248       0.470381230       6.66695414E-05
   6477.6988641417865       0.474785686       6.71327871E-05
   6480.1560712799492       0.458528161       6.49267095E-05
   6482.6132784181109       0.461610824       6.52658127E-05
   6485.0704855562726       0.472085178       6.67893037E-05
   6487.5276926944343       0.513836801       7.26127546E-05
   6489.9848998325961       0.516066134       7.28165614E-05
   6492.4421069707587       0.515632451       7.30454994E-05
   6494.8993141089204       0.552685678       7.80908595E-05
   6497.3565212470821       0.560586393       7.91843850E-05
   6499.8137283852438       0.567985058       8.03295770E-05
   6502.2709355234056       0.599756300       8.47643314E-05
   6504.7281426615673       0.637629986       9.00674131E-05
   6507.1853497997290       0.656658709       9.27902147E-05
   6509.6425569378916       0.650445044       9.19404338E-05
   6512.0997640760534       0.653308511       9.24257401E-05
   6514.5569712142151       0.691251755       9.76774099E-05
   6517.0141783523768       0.738827348       1.04323073E-04
   6519.4713854905385       0.764838338       1.07917207E-04
   6521.9285926287002       0.798790693       1.12897593E-04
   6524.3857997668620       0.887525618       1.25345061E-04
   6526.8430069050246       0.939825594       1.32512301E-04
   6529.3002140431863       0.922188878       1.30325046E-04
   6531.7574211813480       0.961634278       1.36064496E-04
   6534.2146283195098        1.02924490       1.45254249E-04
   6536.6718354576715        1.03665209       1.46611928E-04
   6539.1290425958341        1.01194263       1.43135549E-04
   6541.5862497339958       0.942120790       1.33554160E-04
   6544.0434568721575       0.921418011       1.30528919E-04
   6546.5006640103193       0.875416636       1.23901642E-04
   6548.9578711484810       0.852951169       1.20773024E-04
   6551.4150782866427       0.862494409       1.21935896E-04
   6553.8722854248044       0.904916704       1.27773295E-04
   6556.3294925629671       0.970472872       1.37091076E-04
   6558.7866997011288        1.02417386       1.44808873E-04
   6561.2439068392905       0.945195556       1.33674606E-04
   6563.7011139774522       0.788127840       1.12180453E-04
   6566.1583211156139       0.747320414       1.06031861E-04
   6568.6155282537766       0.716207087       1.01335499E-04
   6571.0727353919374       0.727169693       1.03011436E-04
   6573.5299425301000       0.719009221       1.01464459E-04
   6575.9871496682617       0.673415363       9.54810093E-05
   6578.4443568064235       0.708305955       1.00109464E-04
   6580.9015639445852       0.707754612       9.99159820E-05
   6583.3587710827469       0.728935421       1.03098464E-04
   6585.8159782209095       0.745921671       1.05360108E-04
   6588.2731853590703       0.732955337       1.03694154E-04
   6590.7303924972330       0.707181811       1.00050042E-04
   6593.1875996353947       0.687818289       9.73485512E-05
   6595.6448067735564       0.705898941       9.98328178E-05
   6598.1020139117181       0.714432359       1.00898702E-04
   6600.5592210498799       0.693126917       9.80256373E-05
   6603.0164281880425       0.700043261       9.90677072E-05
   6605.4736353262042       0.719938934       1.01648213E-04
   6607.9308424643659       0.734181643       1.03833918E-04
   6610.3880496025276       0.760448337       1.07389635E-04
   6612.8452567406894       0.746093214       1.05563908E-04
   6615.3024638788520       0.731612861       1.03526821E-04
   6617.7596710170128       0.688256979       9.74956201E-05
   6620.2168781551754       0.666422904       9.44283092E-05
   6622.6740852933372       0.634498656       8.96880738E-05
   6625.1312924314989       0.626914918       8.88372670E-05
   6627.5884995696606       0.679326594       9.59690733E-05
   6630.0457067078223       0.666636586       9.41456747E-05
   6632.5029138459849       0.628714919       8.90622832E-05
   6634.9601209841458       0.624530256       8.83600587E-05
   6637.4173281223084       0.653035820       9.22933759E-05
   6639.8745352604701       0.685471356       9.68218737E-05
   6642.3317423986318       0.678143263       9.59215322E-05
   6644.7889495367936       0.633339703       8.96600031E-05
   6647.2461566749553       0.582713187       8.27668046E-05
   6649.7033638131179       0.558879495       7.89996557E-05
   6652.1605709512796       0.522015393       7.40233227E-05
   6654.6177780894413       0.572821200       8.09675985E-05
   6657.0749852276031       0.578506112       8.15303501E-05
   6659.5321923657648       0.580813348       8.22346192E-05
   6661.9893995039274       0.627434790       8.85631671E-05
   6664.4466066420882       0.640977323       9.05117704E-05
   6666.9038137802509       0.648510396       9.17181023E-05
   6669.3610209184126       0.645049870       9.11634488E-05
   6671.8182280565743       0.636975944       9.02118918E-05
   6674.2754351947360       0.638210595       9.02309257E-05
   6676.7326423328977       0.603466213       8.54603350E-05
   6679.1898494710604       0.591258585       8.36931285E-05
   6681.6470566092212       0.569665194       8.06065000E-05
   6684.1042637473838       0.580233455       8.21110152E-05
   6686.5614708855455       0.591652632       8.36055115E-05
   6689.0186780237073       0.583252966       8.24881063E-05
   6691.4758851618690       0.569954634       8.05712261E-05
   6693.9330923000307       0.587463498       8.31821962E-05
   6696.3902994381933       0.622298002       8.77982238E-05
   6698.8475065763550       0.599460363       8.46538096E-05
   6701.3047137145168       0.631673515       8.95045814E-05
   6703.7619208526785       0.693412185       9.76775846E-05
   6706.2191279908402       0.671523154       9.50006579E-05
   6708.6763351290019       0.682565689       9.67472151E-05
   6711.1335422671636       0.618978798       8.75020996E-05
   6713.5907494053263       0.531280100       7.56109657E-05
   6716.0479565434880       0.546293855       7.73628344E-05
   6718.5051636816497       0.553235352       7.81264025E-05
   6720.9623708198114       0.559788465       7.91780694E-05
   6723.4195779579732       0.569772840       8.05473755E-05
   6725.8767850961358       0.574510574       8.11897989E-05
   6728.3339922342975       0.577154398       8.16469692E-05
   6730.7911993724592       0.591376662       8.35870233E-05
   6733.2484065106210       0.596234143       8.42201480E-05
   6735.7056136487827       0.611568630       8.65293696E-05
   6738.1628207869444       0.645685077       9.12098694E-05
   6740.6200279251061       0.638030887       9.01578896E-05
   6743.0772350632687       0.623466313       8.83231769E-05
   6745.5344422014305       0.611286700       8.64029280E-05
   6747.9916493395922       0.589797139       8.35444225E-05
   6750.4488564777539       0.614284158       8.68303468E-05
   6752.9060636159156       0.614055872       8.66995397E-05
   6755.3632707540773       0.645306587       9.13284821E-05
   6757.8204778922391       0.686328828       9.68196546E-05
   6760.2776850304017       0.671405613       9.48250818E-05
   6762.7348921685634       0.696345806       9.85915394E-05
   6765.1920993067251       0.753481627       1.06325962E-04
   6767.6493064448869       0.746355832       1.05371575E-04
   6770.1065135830486       0.753832638       1.06746505E-04
   6772.5637207212112       0.794909894       1.12305264E-04
   6775.0209278593729       0.780349195       1.10432302E-04
   6777.4781349975347       0.725520313       1.02830774E-04
   6779.9353421356964       0.638474047       9.05920388E-05
   6782.3925492738581       0.601605117       8.53806341E-05
   6784.8497564120198       0.622770965       8.80650696E-05
   6787.3069635501815       0.640388727       9.04517874E-05
   6789.7641706883442       0.650701642       9.19505910E-05
   6792.2213778265059       0.672572613       9.50906906E-05
   6794.6785849646676       0.703632236       9.93718058E-05
   6797.1357921028293       0.705697954       9.96936506E-05
   6799.5929992409910       0.719179273       1.01748956E-04
   6802.0502063791528       0.744102538       1.05097832E-04
   6804.5074135173145       0.742225766       1.04932624E-04
   6806.9646206554771       0.752650082       1.06449799E-04
   6809.4218277936388       0.764734507       1.08175649E-04
   6811.8790349318006       0.747328997       1.05613966E-04
   6814.3362420699623       0.705634058       9.99248659E-05
   6816.7934492081240       0.739897907       1.04750958E-04
   6819.2506563462866       0.772445083       1.09017987E-04
   6821.7078634844484       0.746142089       1.05486128E-04
   6824.1650706226101       0.758036554       1.07362815E-04
   6826.6222777607718       0.801348865       1.13122718E-04
   6829.0794848989335       0.786790609       1.11200970E-04
   6831.5366920370961       0.793865323       1.12331698E-04
   6833.9938991752570       0.809310019       1.14342045E-04
   6836.4511063134196       0.826487303       1.16856740E-04
   6838.9083134515813       0.846548021       1.19627832E-04
   6841.3655205897430       0.854967773       1.20975878E-04
   6843.8227277279047       0.836781681       1.18358352E-04
   6846.2799348660665       0.770966232       1.09223780E-04
   6848.7371420042291       0.749724329       1.06192121E-04
   6851.1943491423908       0.772219539       1.09210858E-04
   6853.6515562805525       0.811535239       1.14559254E-04
   6856.1087634187143       0.828622222       1.17110096E-04
   6858.5659705568760       0.859380841       1.21516263E-04
   6861.0231776950377       0.845103204       1.19525488E-04
   6863.4803848331994       0.788648486       1.11807873E-04
   6865.9375919713621       0.717114389       1.01527126E-04
   6868.3947991095238       0.695361316       9.86175146E-05
   6870.8520062476855       0.788241208       1.11271911E-04
   6873.3092133858472       0.844356000       1.19015596E-04
   6875.7664205240089       0.863901198       1.22056052E-04
   6878.2236276621707       0.885368407       1.25248785E-04
   6880.6808348003324       0.877448201       1.24018930E-04
   6883.1380419384950       0.817464769       1.15760813E-04
   6885.5952490766567       0.819185972       1.16077368E-04
   6888.0524562148184       0.846670449       1.19601253E-04
   6890.5096633529802       0.836744547       1.18287098E-04
   6892.9668704911419       0.849433064       1.20260280E-04
   6895.4240776293036       0.869736433       1.22927406E-04
   6897.8812847674662       0.828515828       1.17114534E-04
   6900.3384919056280       0.829583645       1.17523807E-04
   6902.7956990437897       0.911015689       1.28599611E-04
   6905.2529061819514       0.954800308       1.34797723E-04
   6907.7101133201131       0.979012132       1.38550007E-04
   6910.1673204582748       0.954585016       1.35006980E-04
   6912.6245275964375       0.872898579       1.23685488E-04
   6915.0817347345992       0.867044866       1.22864731E-04
   6917.5389418727609       0.931234479       1.31472552E-04
   6919.9961490109226       0.982423782       1.38746560E-04
   6922.4533561490844        1.01963866       1.44057907E-04
   6924.9105632872470        1.03048563       1.45571175E-04
   6927.3677704254078        1.06809616       1.51135639E-04
   6929.8249775635704        1.13129222       1.59657880E-04
   6932.2821847017321        1.12851334       1.59585543E-04
   6934.7393918398939        1.15695930       1.63554098E-04
   6937.1965989780556        1.16372061       1.64372643E-04
   6939.6538061162173        1.24882293       1.76625908E-04
   6942.1110132543799        1.37773979       1.94306573E-04
   6944.5682203925408        1.39903104       1.97651403E-04
   6947.0254275307034        1.39266753       1.97025802E-04
   6949.4826346688651        1.36156476       1.92777443E-04
   6951.9398418070268        1.33378267       1.88770355E-04
   6954.3970489451885        1.28653193       1.82053685E-04
   6956.8542560833503        1.31585610       1.86201811E-04
   6959.3114632215129        1.40015066       1.97674381E-04
   6961.7686703596746        1.45650375       2.05829449E-04
   6964.2258774978363        1.49552846       2.11315870E-04
   6966.6830846359981        1.46114218       2.06658297E-04
   6969.1402917741598        1.46059990       2.06681958E-04
   6971.5974989123215        1.49361825       2.11160019E-04
   6974.0547060504832        1.54437399       2.18261033E-04
   6976.5119131886458        1.56511235       2.21193666E-04
   6978.9691203268076        1.58180523       2.23794064E-04
   6981.4263274649693        1.59212959       2.25104159E-04
   6983.8835346031310        1.55576515       2.20196918E-04
   6986.3407417412927        1.52784717       2.16156375E-04
   6988.7979488794554        1.52193880       2.15517546E-04
   6991.2551560176171        1.55617845       2.19914058E-04
   6993.7123631557788        1.53454721       2.17124325E-04
   6996.1695702939405        1.58214366       2.23803319E-04
   6998.6267774321022        1.60908437       2.27393757E-04
   7001.0839845702640        1.61697090       2.28607852E-04
   7003.5411917084257        1.65459502       2.34025894E-04
   7005.9983988465883        1.73430967       2.45042203E-04
   7008.4556059847500        1.77491140       2.50811165E-04
   7010.9128131229118        1.80110681       2.54622166E-04
   7013.3700202610735        1.83677614       2.59596272E-04
   7015.8272273992352        1.88195622       2.66033283E-04
   7018.2844345373978        1.90604174       2.69226148E-04
   7020.7416416755586        1.89576602       2.67872296E-04
   7023.1988488137213        1.99576092       2.82142079E-04
   7025.6560559518830        2.14553094       3.02373490E-04
   7028.1132630900447        2.24349713       3.16930556E-04
   7030.5704702282064        2.42902231       3.42801504E-04
   7033.0276773663682        2.44700909       3.45460110E-04
   7035.4848845045308        2.44545770       3.45738110E-04
   7037.9420916426916        2.51239371       3.55205673E-04
   7040.3992987808542        2.62104559       3.70190886E-04
   7042.8565059190159        2.61858439       3.70321854E-04
   7045.3137130571777        2.54999542       3.61249491E-04
   7047.7709201953394        2.30505610       3.27124028E-04
   7050.2281273335011        1.89433813       2.70002638E-04
   7052.6853344716637        1.44540346       2.06534198E-04
   7055.1425416098255        1.06540835       1.52399254E-04
   7057.5997487479872       0.903969288       1.28817628E-04
   7060.0569558861489       0.923612237       1.30661108E-04
   7062.5141630243106       0.985157669       1.39000476E-04
   7064.9713701624732        1.03817677       1.46349310E-04
   7067.4285773006350        1.05530381       1.49104802E-04
   7069.8857844387967        1.10203934       1.55443980E-04
   7072.3429915769584        1.08912766       1.53802714E-04
   7074.8001987151201        1.15253973       1.62856450E-04
   7077.2574058532819        1.19167638       1.68033759E-04
   7079.7146129914436        1.19404614       1.69056060E-04
   7082.1718201296062        1.16117597       1.64150013E-04
   7084.6290272677679       0.990940511       1.40635108E-04
   7087.0862344059296       0.905914664       1.28643369E-04
   7089.5434415440914       0.850969315       1.20467994E-04
   7092.0006486822531       0.843548179       1.19359647E-04
   7094.4578558204148       0.866036892       1.22445825E-04
   7096.9150629585765       0.903161645       1.27525418E-04
   7099.3722700967392       0.913974643       1.29075081E-04
   7101.8294772349009       0.964968920       1.36419680E-04
   7104.2866843730626        1.01168060       1.42556164E-04
   7106.7438915112243        1.04465163       1.47836647E-04
   7109.2010986493860        1.11678135       1.57487128E-04
   7111.6583057875478        1.08246017       1.53014873E-04
   7114.1155129257095        1.12641513       1.59379255E-04
   7116.5727200638721        1.16709971       1.64892874E-04
   7119.0299272020338        1.12514782       1.59136951E-04
   7121.4871343401956        1.03642774       1.47128958E-04
   7123.9443414783573       0.962567925       1.36408053E-04
   7126.4015486165190       0.852896631       1.21093959E-04
   7128.8587557546816       0.837258041       1.18597360E-04
   7131.3159628928424       0.844102502       1.19417433E-04
   7133.7731700310051       0.885023952       1.25000966E-04
   7136.2303771691668       0.875006199       1.23632213E-04
   7138.6875843073285       0.907619596       1.28447005E-04
   7141.1447914454911       0.934501648       1.31866705E-04
   7143.6019985836519       0.927605271       1.31214416E-04
   7146.0592057218146       0.961307168       1.35845039E-04
   7148.5164128599763       0.990668178       1.39950818E-04
   7150.9736199981380        1.01850343       1.44037345E-04
   7153.4308271362997        1.01678705       1.43601050E-04
   7155.8880342744615       0.986578703       1.39811556E-04
   7158.3452414126241        1.00636244       1.42259174E-04
   7160.8024485507858       0.956942081       1.35355876E-04
   7163.2596556889475       0.965036094       1.36718780E-04
   7165.7168628271093       0.989111543       1.39726035E-04
   7168.1740699652710       0.961028874       1.35945462E-04
   7170.6312771034327       0.977939725       1.38322488E-04
   7173.0884842415944        1.01120448       1.42782548E-04
   7175.5456913797570        1.09657335       1.55068759E-04
   7178.0028985179188        1.14664555       1.61609743E-04
   7180.4601056560805        1.11818743       1.58319526E-04
   7182.9173127942422        1.17215276       1.65545003E-04
   7185.3745199324039        1.21614707       1.72119369E-04
   7187.8317270705656        1.26264381       1.78152171E-04
   7190.2889342087274        1.17080069       1.65980615E-04
   7192.7461413468900        1.18896067       1.68251558E-04
   7195.2033484850517        1.14263272       1.61819538E-04
   7197.6605556232134        1.14228654       1.61588236E-04
   7200.1177627613752        1.08048272       1.53037108E-04
   7202.5749698995369        1.12291908       1.58783325E-04
   7205.0321770376986        1.15280354       1.62922821E-04
   7207.4893841758603        1.24556291       1.75928639E-04
   7209.9465913140230        1.27702892       1.80335264E-04
   7212.4037984521847        1.31520057       1.85982295E-04
   7214.8610055903464        1.33331299       1.88372709E-04
   7217.3182127285090        1.37551260       1.94588429E-04
   7219.7754198666698        1.43195450       2.02187715E-04
   7222.2326270048325        1.45612633       2.06040175E-04
   7224.6898341429942        1.49736178       2.11587452E-04
   7227.1470412811559        1.46469080       2.07274206E-04
   7229.6042484193176        1.47323060       2.08554062E-04
   7232.0614555574793        1.47162306       2.07812060E-04
   7234.5186626956420        1.52501166       2.16016706E-04
   7236.9758698338028        1.67052722       2.35508458E-04
   7239.4330769719654        1.65994954       2.34633815E-04
   7241.8902841101271        1.78380990       2.52235448E-04
   7244.3474912482889        1.84380198       2.60220084E-04
   7246.8046983864506        1.87718141       2.65457318E-04
   7249.2619055246123        1.95607412       2.76471314E-04
   7251.7191126627749        2.02521777       2.86028167E-04
   7254.1763198009367        2.05979896       2.91117176E-04
   7256.6335269390984        2.18364453       3.08862916E-04
   7259.0907340772601        2.28758335       3.22838430E-04
   7261.5479412154218        2.24786782       3.17957776E-04
   7264.0051483535835        2.32994986       3.29819624E-04
   7266.4623554917453        2.39342451       3.38367885E-04
   7268.9195626299079        2.27838564       3.22264648E-04
   7271.3767697680696        2.17628002       3.08699760E-04
   7273.8339769062313        2.29613948       3.24697787E-04
   7276.2911840443930        2.35118890       3.32014286E-04
   7278.7483911825548        2.41689587       3.41862673E-04
   7281.2055983207165        2.56423354       3.62254825E-04
   7283.6628054588782        2.65426826       3.75311298E-04
   7286.1200125970408        2.65188217       3.74420255E-04
   7288.5772197352026        2.63461351       3.73156945E-04
   7291.0344268733643        2.92831039       4.13639442E-04
   7293.4916340115260        3.03306770       4.27798572E-04
   7295.9488411496877        3.07572889       4.35143389E-04
   7298.4060482878504        3.26429892       4.61081218E-04
   7300.8632554260121        3.39799500       4.80157847E-04
   7303.3204625641738        3.54280877       5.00407885E-04
   7305.7776697023355        3.57467318       5.05264092E-04
   7308.2348768404972        3.72428942       5.26571705E-04
   7310.6920839786590        3.83217049       5.41184272E-04
   7313.1492911168207        3.96338105       5.60643966E-04
   7315.6064982549833        4.10766745       5.79736428E-04
   7318.0637053931450        4.15479660       5.88008785E-04
   7320.5209125313067        4.37449884       6.17947779E-04
   7322.9781196694685        4.30914593       6.09457376E-04
   7325.4353268076302        4.28711176       6.06423651E-04
   7327.8925339457928        4.28682327       6.06614747E-04
   7330.3497410839536        4.50968838       6.37057703E-04
   7332.8069482221163        4.66797590       6.59592915E-04
   7335.2641553602780        4.88298655       6.90016139E-04
   7337.7213624984397        4.88286877       6.90416840E-04
   7340.1785696366014        4.79442739       6.78514712E-04
   7342.6357767747631        4.63252068       6.55887532E-04
   7345.0929839129258        4.60279846       6.51301350E-04
   7347.5501910510866        4.61917210       6.53396884E-04
   7350.0073981892492        4.76187468       6.73393719E-04
   7352.4646053274109        4.73942375       6.69429661E-04
   7354.9218124655727        4.73699093       6.70529553E-04
   7357.3790196037344        4.98047972       7.03339698E-04
   7359.8362267418961        5.12693262       7.24234793E-04
   7362.2934338800587        5.35768127       7.57008500E-04
   7364.7506410182204        5.50363016       7.77599926E-04
   7367.2078481563822        5.53538847       7.82834832E-04
   7369.6650552945439        5.43320036       7.68574595E-04
   7372.1222624327056        5.27631235       7.46956444E-04
   7374.5794695708682        5.22177410       7.38708070E-04
   7377.0366767090300        5.23321533       7.40150805E-04
   7379.4938838471917        5.37572336       7.59773015E-04
   7381.9510909853534        5.51199055       7.79136084E-04
   7384.4082981235151        5.56353617       7.86373275E-04
   7386.8655052616768        5.48711777       7.76424189E-04
   7389.3227123998386        5.43730593       7.69292878E-04
   7391.7799195380012        5.31888771       7.52391876E-04
   7394.2371266761629        5.30047178       7.50024570E-04
   7396.6943338143246        5.40475035       7.64345925E-04
   7399.1515409524864        5.39511871       7.62586540E-04
   7401.6087480906481        5.22053242       7.38703820E-04
   7404.0659552288098        5.26467609       7.44964229E-04
   7406.5231623669715        5.34110689       7.54754758E-04
   7408.9803695051341        5.35140562       7.56769849E-04
   7411.4375766432959        5.32359600       7.52958993E-04
   7413.8947837814576        5.27462816       7.46225589E-04
   7416.3519909196193        5.16686440       7.30529136E-04
   7418.8091980577810        5.20481062       7.36880640E-04
   7421.2664051959437        5.36768675       7.57663045E-04
   7423.7236123341045        5.31529093       7.52124412E-04
   7426.1808194722671        5.48651600       7.75460212E-04
   7428.6380266104288        5.38865423       7.62209354E-04
   7431.0952337485905        5.30915833       7.51163927E-04
   7433.5524408867523        5.13495874       7.26778409E-04
   7436.0096480249140        5.17055416       7.31633743E-04
   7438.4668551630766        5.15538406       7.29033549E-04
   7440.9240623012374        5.07994080       7.18626019E-04
   7443.3812694394001        4.98023558       7.04616890E-04
   7445.8384765775618        5.05606031       7.15215283E-04
   7448.2956837157235        5.13616467       7.25896796E-04
   7450.7528908538861        5.14964199       7.28256477E-04
   7453.2100979920478        5.08340502       7.18763447E-04
   7455.6673051302096        5.08564472       7.19583593E-04
   7458.1245122683713        5.20724392       7.35920039E-04
   7460.5817194065330        5.30569601       7.50052626E-04
   7463.0389265446947        5.36059427       7.57682021E-04
   7465.4961336828565        5.34121370       7.55475136E-04
   7467.9533408210191        5.36595011       7.58839073E-04
   7470.4105479591808        5.36719465       7.59123766E-04
   7472.8677550973425        5.36917210       7.59009679E-04
   7475.3249622355042        5.41057682       7.65428529E-04
   7477.7821693736660        5.58734131       7.89529528E-04
   7480.2393765118277        5.60260344       7.91868486E-04
   7482.6965836499894        5.67000151       8.02147202E-04
   7485.1537907881520        5.70819950       8.06752592E-04
   7487.6109979263138        5.63024616       7.96658394E-04
   7490.0682050644755        5.66163397       8.00699694E-04
   7492.5254122026372        5.67824697       8.02657451E-04
   7494.9826193407989        5.82037497       8.23190087E-04
   7497.4398264789606        6.00394058       8.48149182E-04
   7499.8970336171224        6.00394249       8.49099073E-04
   7502.3542407552850        6.01538563       8.50716431E-04
   7504.8114478934467        5.93885756       8.39799934E-04
   7507.2686550316084        6.05072594       8.56290222E-04
   7509.7258621697702        6.19660187       8.75582104E-04
   7512.1830693079319        6.04168463       8.54594342E-04
   7514.6402764460936        5.94946527       8.42369918E-04
   7517.0974835842553        5.96760893       8.44001421E-04
   7519.5546907224179        5.90886641       8.35666433E-04
   7522.0118978605797        5.94553423       8.40980676E-04
   7524.4691049987414        6.03695869       8.53266101E-04
   7526.9263121369040        6.17177153       8.72471312E-04
   7529.3835192750648        6.28536224       8.88016657E-04
   7531.8407264132275        6.41135502       9.06653586E-04
   7534.2979335513892        6.55926561       9.26439185E-04
   7536.7551406895509        6.61390829       9.35710210E-04
   7539.2123478277126        6.75484657       9.54223098E-04
   7541.6695549658743        6.66029739       9.42562649E-04
   7544.1267621040370        6.77155447       9.57506476E-04
   7546.5839692421978        6.62132549       9.36324534E-04
   7549.0411763803604        6.61196470       9.35418066E-04
   7551.4983835185221        6.69111252       9.46068787E-04
   7553.9555906566839        6.75877619       9.54905234E-04
   7556.4127977948456        6.71127748       9.49350826E-04
   7558.8700049330073        6.79921484       9.61136306E-04
   7561.3272120711699        6.68305445       9.45007603E-04
   7563.7844192093316        6.60740614       9.34419048E-04
   7566.2416263474934        6.51793385       9.21410217E-04
   7568.6988334856551        6.68784761       9.45697655E-04
   7571.1560406238168        6.86426830       9.69331537E-04
   7573.6132477619785        6.81092739       9.62361461E-04
   7576.0704549001402        6.90501976       9.76873329E-04
   7578.5276620383029        7.16740227       1.01309037E-03
   7580.9848691764637        6.88748884       9.74783557E-04
   7583.4420763146263        6.17849016       8.77196318E-04
   7585.8992834527880        5.23599625       7.44711782E-04
   7588.3564905909498        4.34938812       6.19489874E-04
   7590.8136977291124        3.67753577       5.23435883E-04
   7593.2709048672732        3.23084164       4.59463219E-04
   7595.7281120054358        2.80960870       3.98868520E-04
   7598.1853191435976        2.41253495       3.42532236E-04
   7600.6425262817593        2.27920628       3.22873850E-04
   7603.0997334199219        2.40343595       3.38977785E-04
   7605.5569405580827        2.63242865       3.70362017E-04
   7608.0141476962453        3.11316133       4.38658113E-04
   7610.4713548344071        3.79326916       5.32963779E-04
   7612.9285619725688        4.22344446       5.94891608E-04
   7615.3857691107305        4.50574684       6.35844539E-04
   7617.8429762488922        4.35172224       6.15547586E-04
   7620.3001833870549        3.84079671       5.45200252E-04
   7622.7573905252157        3.14978981       4.48200619E-04
   7625.2145976633783        2.62075758       3.73060699E-04
   7627.6718048015400        2.39468694       3.39944381E-04
   7630.1290119397017        2.38675117       3.37800593E-04
   7632.5862190778635        2.40419817       3.39724123E-04
   7635.0434262160252        2.39269185       3.38393234E-04
   7637.5006333541878        2.39134049       3.38221929E-04
   7639.9578404923486        2.34811282       3.31953925E-04
   7642.4150476305113        2.31537008       3.27781891E-04
   7644.8722547686730        2.32629871       3.28992319E-04
   7647.3294619068347        2.20953941       3.12659948E-04
   7649.7866690449964        2.09403944       2.96975428E-04
   7652.2438761831581        1.95233166       2.76665814E-04
   7654.7010833213208        1.66551220       2.36245469E-04
   7657.1582904594816        1.45020831       2.06457480E-04
   7659.6154975976442        1.36797631       1.93547588E-04
   7662.0727047358059        1.21983004       1.72852160E-04
   7664.5299118739676        1.30210853       1.84200791E-04
   7666.9871190121294        1.45286322       2.04670519E-04
   7669.4443261502911        1.59949481       2.25499811E-04
   7671.9015332884537        1.71562588       2.41885020E-04
   7674.3587404266145        1.84336066       2.60282657E-04
   7676.8159475647772        1.96699250       2.77504791E-04
   7679.2731547029389        1.99628580       2.82006687E-04
   7681.7303618411006        2.05310559       2.90405646E-04
   7684.1875689792632        2.10140991       2.97164515E-04
   7686.6447761174240        2.00630569       2.84161506E-04
   7689.1019832555867        1.82064855       2.58442189E-04
   7691.5591903937484        1.63135529       2.31830330E-04
   7694.0163975319101        1.48676252       2.11010833E-04
   7696.4736046700727        1.39773619       1.98049878E-04
   7698.9308118082336        1.51768553       2.14759639E-04
   7701.3880189463962        1.78462958       2.51460326E-04
   7703.8452260845579        1.98713458       2.79991422E-04
   7706.3024332227196        2.18371630       3.08208633E-04
   7708.7596403608813        2.36753607       3.33983917E-04
   7711.2168474990431        2.45771337       3.46940331E-04
   7713.6740546372057        2.56094337       3.61884508E-04
   7716.1312617753665        2.72135115       3.84274492E-04
   7718.5884689135291        2.83217430       3.99804499E-04
   7721.0456760516909        2.94190645       4.15628660E-04
   7723.5028831898526        3.13091993       4.42170771E-04
   7725.9600903280143        3.29766989       4.65627905E-04
   7728.4172974661760        3.39567232       4.79642214E-04
   7730.8745046043387        3.49410486       4.93954169E-04
   7733.3317117424995        3.64829421       5.15666499E-04
   7735.7889188806621        3.69066262       5.21891983E-04
   7738.2461260188238        3.58792138       5.07947698E-04
   7740.7033331569855        3.38676858       4.79927287E-04
   7743.1605402951473        3.20917058       4.54894849E-04
   7745.6177474333090        3.10044980       4.39203024E-04
   7748.0749545714716        3.03535032       4.29702195E-04
   7750.5321617096324        2.98909211       4.22860699E-04
   7752.9893688477950        2.99885654       4.24393453E-04
   7755.4465759859568        3.09246635       4.36934002E-04
   7757.9037831241185        3.12240076       4.41232813E-04
   7760.3609902622811        3.21706128       4.54621419E-04
   7762.8181974004419        3.36897254       4.75809415E-04
   7765.2754045386046        3.54840255       5.01320581E-04
   7767.7326116767663        3.65782905       5.16489963E-04
   7770.1898188149280        3.66257167       5.18139626E-04
   7772.6470259530906        3.74563932       5.29698329E-04
   7775.1042330912514        3.66409206       5.18216635E-04
   7777.5614402294141        3.56281257       5.04630792E-04
   7780.0186473675749        3.51652002       4.97570611E-04
   7782.4758545057375        3.48183107       4.92764288E-04
   7784.9330616438992        3.52603817       4.98434703E-04
   7787.3902687820610        3.60002947       5.09399280E-04
   7789.8474759202236        3.70563960       5.23599156E-04
   7792.3046830583844        3.54877162       5.01984730E-04
   7794.7618901965470        3.52842903       4.99594840E-04
   7797.2190973347087        3.64901733       5.15258871E-04
   7799.6763044728705        3.85252166       5.44100069E-04
   7802.1335116110322        4.23695421       5.97768463E-04
   7804.5907187491939        4.58941269       6.47529727E-04
   7807.0479258873565        4.83256197       6.82192913E-04
   7809.5051330255174        4.91792011       6.95048482E-04
   7811.9623401636800        4.96716261       7.02489691E-04
   7814.4195473018417        4.92147207       6.96311530E-04
   7816.8767544400034        4.74662018       6.72041089E-04
   7819.3339615781651        4.54656029       6.44101063E-04
   7821.7911687163269        4.40531683       6.23878615E-04
   7824.2483758544895        4.32314205       6.12065953E-04
   7826.7055829926503        4.25405407       6.01703068E-04
   7829.1627901308129        4.22461748       5.97818405E-04
   7831.6199972689747        4.33103132       6.12278352E-04
   7834.0772044071364        4.40263605       6.22104621E-04
   7836.5344115452981        4.48886824       6.34490687E-04
   7838.9916186834598        4.65438747       6.57737080E-04
   7841.4488258216224        4.80131006       6.78173325E-04
   7843.9060329597842        4.89517498       6.92208589E-04
   7846.3632400979459        4.93550873       6.97500072E-04
   7848.8204472361076        4.82388306       6.82471378E-04
   7851.2776543742693        4.88416767       6.90866960E-04
   7853.7348615124320        4.98348093       7.04645645E-04
   7856.1920686505928        5.03037882       7.11182191E-04
   7858.6492757887554        4.86212158       6.88325206E-04
   7861.1064829269171        4.71706438       6.67846238E-04
   7863.5636900650788        4.51713181       6.39530714E-04
   7866.0208972032406        4.52898264       6.41156570E-04
   7868.4781043414023        4.56331921       6.44590473E-04
   7870.9353114795649        4.62870598       6.54640142E-04
   7873.3925186177257        4.86315966       6.86473853E-04
   7875.8497257558884        5.08831930       7.18882657E-04
   7878.3069328940501        5.37913275       7.59162125E-04
   7880.7641400322118        5.48037243       7.74579530E-04
   7883.2213471703744        5.59982252       7.91062543E-04
   7885.6785543085352        5.60417843       7.92709587E-04
   7888.1357614466979        5.71139669       8.07471806E-04
   7890.5929685848587        5.60437298       7.92877225E-04
   7893.0501757230213        5.46599579       7.73984939E-04
   7895.5073828611830        5.24432611       7.42334290E-04
   7897.9645899993448        5.07823658       7.18981260E-04
   7900.4217971375074        5.13932562       7.27640174E-04
   7902.8790042756682        5.16341114       7.29816442E-04
   7905.3362114138308        4.82679844       6.83560793E-04
   7907.7934185519925        4.67300701       6.62058766E-04
   7910.2506256901543        4.63376713       6.55577460E-04
   7912.7078328283160        4.70533609       6.65221596E-04
   7915.1650399664777        4.74797726       6.71175309E-04
   7917.6222471046403        4.86976957       6.88180909E-04
   7920.0794542428021        4.92855215       6.96449832E-04
   7922.5366613809638        5.10357380       7.21407705E-04
   7924.9938685191255        5.22447157       7.37329363E-04
   7927.4510756572872        5.41734838       7.66020326E-04
   7929.9082827954498        5.81454182       8.21301830E-04
   7932.3654899336107        5.84049273       8.25540395E-04
   7934.8226970717733        5.46530056       7.74099259E-04
   7937.2799042099350        5.06162882       7.18022289E-04
   7939.7371113480967        4.85642481       6.87670545E-04
   7942.1943184862585        4.78332806       6.77575066E-04
   7944.6515256244202        4.86828041       6.87154010E-04
   7947.1087327625828        4.92574787       6.96839066E-04
   7949.5659399007436        5.54363537       7.82607007E-04
   7952.0231470389062        5.79722214       8.17559252E-04
   7954.4803541770680        5.80531168       8.21217196E-04
   7956.9375613152297        5.74963999       8.12838960E-04
   7959.3947684533914        5.68902493       8.04859796E-04
   7961.8519755915531        5.92659616       8.37706320E-04
   7964.3091827297158        6.19597387       8.75075115E-04
   7966.7663898678766        6.36759043       8.99828388E-04
   7969.2235970060392        6.39682961       9.05101246E-04
   7971.6808041442009        6.20954752       8.78361112E-04
   7974.1380112823626        5.82940722       8.26220843E-04
   7976.5952184205253        5.79670000       8.21320049E-04
   7979.0524255586861        5.69002390       8.04346229E-04
   7981.5096326968487        5.52015495       7.82391056E-04
   7983.9668398350095        5.63063240       7.95842439E-04
   7986.4240469731722        5.57939291       7.89564045E-04
   7988.8812541113339        5.79273129       8.18728644E-04
   7991.3384612494956        5.84679317       8.26199190E-04
   7993.7956683876582        6.08576822       8.60449451E-04
   7996.2528755258199        6.35316467       8.97287624E-04
   7998.7100826639817        6.53575993       9.23627755E-04
   8001.1672898021434        6.71398926       9.48795641E-04
   8003.6244969403051        6.88510561       9.73251241E-04
   8006.0817040784677        7.08105659       1.00057712E-03
   8008.5389112166285        7.25745869       1.02573761E-03
   8010.9961183547912        7.47634411       1.05672388E-03
   8013.4533254929529        7.69383955       1.08716427E-03
   8015.9105326311146        7.83194256       1.10746967E-03
   8018.3677397692763        7.97851849       1.12731731E-03
   8020.8249469074381        8.02322865       1.13440386E-03
   8023.2821540456007        8.49244213       1.20064546E-03
   8025.7393611837615        8.82934475       1.24562206E-03
   8028.1965683219241        9.00661087       1.27406721E-03
   8030.6537754600859        9.54005337       1.34701643E-03
   8033.1109825982476        1.00000000      -1700916.75    
