   5529.2169088113069        5.08985706E-02  -7.19814307E-06
   5531.6741159494686        5.07520512E-02   7.48954790E-06
   5534.1313230876303        6.56234920E-02   8.79064464E-06
   5536.5885302257930        5.90508953E-02   8.59268494E-06
   5539.0457373639547        3.17810997E-02   5.39962548E-06
   5541.5029445021164        6.60687983E-02   8.81640517E-06
   5543.9601516402781        7.03847334E-02   9.97208735E-06
   5546.4173587784398        6.25676885E-02   8.78920127E-06
   5548.8745659166016        4.85784784E-02   7.18179172E-06
   5551.3317730547642        5.54937012E-02   7.77352125E-06
   5553.7889801929259        6.36984408E-02   8.97767404E-06
   5556.2461873310876        6.57234490E-02   9.50110370E-06
   5558.7033944692494        8.05505961E-02   1.13036722E-05
   5561.1606016074111        9.30259973E-02   1.31026263E-05
   5563.6178087455728        9.52636078E-02   1.36476656E-05
   5566.0750158837354       0.110419236       1.54439513E-05
   5568.5322230218972       0.115203068       1.63530767E-05
   5570.9894301600589       0.119661562       1.70035837E-05
   5573.4466372982206       0.131369606       1.82898330E-05
   5575.9038444363823       0.124539122       1.79677809E-05
   5578.3610515745440       0.132386789       1.86881734E-05
   5580.8182587127058       0.150990501       2.12055693E-05
   5583.2754658508684       0.147800565       2.12678206E-05
   5585.7326729890301       0.171933725       2.37528657E-05
   5588.1898801271918       0.160106987       2.31515623E-05
   5590.6470872653535       0.169266000       2.38937700E-05
   5593.1042944035153       0.190725505       2.63962756E-05
   5595.5615015416770       0.160403877       2.30782116E-05
   5598.0187086798396       0.140744522       2.00731629E-05
   5600.4759158180013       0.146614656       2.06296481E-05
   5602.9331229561631       0.144660234       2.04406679E-05
   5605.3903300943248       0.140804693       2.02358333E-05
   5607.8475372324865       0.156669229       2.19889989E-05
   5610.3047443706482       0.171192706       2.38944740E-05
   5612.7619515088109       0.149059087       2.13235762E-05
   5615.2191586469726       0.141237825       2.00684099E-05
   5617.6763657851343       0.143303052       2.03423115E-05
   5620.1335729232960       0.155120626       2.15844957E-05
   5622.5907800614577       0.138878509       2.00864270E-05
   5625.0479871996195       0.146274447       2.06177665E-05
   5627.5051943377821       0.161348000       2.25601725E-05
   5629.9624014759438       0.150628790       2.14201737E-05
   5632.4196086141055       0.143680543       2.03735544E-05
   5634.8768157522672       0.143693611       2.02891169E-05
   5637.3340228904290       0.142776117       2.03587206E-05
   5639.7912300285907       0.151261017       2.09288028E-05
   5642.2484371667524       0.134184495       1.94131444E-05
   5644.7056443049150       0.126322180       1.83059346E-05
   5647.1628514430768       0.164428934       2.28497902E-05
   5649.6200585812385       0.169320211       2.40282043E-05
   5652.0772657194002       0.177025557       2.52752579E-05
   5654.5344728575619       0.196490467       2.75247603E-05
   5656.9916799957236       0.210542455       2.94867477E-05
   5659.4488871338863       0.178887591       2.58297187E-05
   5661.9060942720480       0.189774185       2.63968450E-05
   5664.3633014102097       0.173721492       2.46215113E-05
   5666.8205085483714       0.153026998       2.18379628E-05
   5669.2777156865332       0.140915602       2.02929550E-05
   5671.7349228246949       0.163552150       2.24164942E-05
   5674.1921299628575       0.134412050       2.03518357E-05
   5676.6493371010192       0.178078622       2.45001957E-05
   5679.1065442391809       0.207716256       2.91568340E-05
   5681.5637513773427       0.172629148       2.52032805E-05
   5684.0209585155044       0.204088181       2.80623153E-05
   5686.4781656536661       0.185460314       2.68964977E-05
   5688.9353727918278       0.196491346       2.75129314E-05
   5691.3925799299905       0.207406819       2.91842716E-05
   5693.8497870681522       0.194208756       2.76308801E-05
   5696.3069942063139       0.192192659       2.75200528E-05
   5698.7642013444756       0.216420740       3.00628180E-05
   5701.2214084826373       0.211646363       3.05956564E-05
   5703.6786156207991       0.231898457       3.22915694E-05
   5706.1358227589617       0.245829687       3.45604531E-05
   5708.5930298971234       0.202530354       2.96068683E-05
   5711.0502370352851       0.237720490       3.25552464E-05
   5713.5074441734469       0.208047450       3.00122028E-05
   5715.9646513116086       0.191824570       2.73599017E-05
   5718.4218584497703       0.209591836       2.93397534E-05
   5720.8790655879329       0.209696278       2.96823200E-05
   5723.3362727260946       0.198747650       2.85345413E-05
   5725.7934798642564       0.223442242       3.10856885E-05
   5728.2506870024181       0.218149617       3.10287869E-05
   5730.7078941405798       0.210300177       2.98951472E-05
   5733.1651012787415       0.221656889       3.11634903E-05
   5735.6223084169033       0.220981658       3.10570467E-05
   5738.0795155550659       0.201147527       2.87292714E-05
   5740.5367226932276       0.194660574       2.77238451E-05
   5742.9939298313893       0.211990282       2.97851984E-05
   5745.4511369695510       0.215616748       3.06178044E-05
   5747.9083441077128       0.224405140       3.17401718E-05
   5750.3655512458745       0.236169472       3.31970259E-05
   5752.8227583840371       0.233219296       3.30160510E-05
   5755.2799655221988       0.226393253       3.21056068E-05
   5757.7371726603606       0.228165776       3.18655584E-05
   5760.1943797985223       0.203095019       2.92873519E-05
   5762.6515869366840       0.201216221       2.76516330E-05
   5765.1087940748457       0.169725284       2.56215499E-05
   5767.5660012130083       0.205784351       2.71378540E-05
   5770.0232083511701       0.185649738       2.85447240E-05
   5772.4804154893318       0.207702979       2.65479430E-05
   5774.9376226274935       0.180213451       3.17450576E-05
   5777.3948297656552       0.214168161       5.79226362E-05
   5779.8520369038170       0.219818592       1.00401681E-04
   5782.3092440419787       0.228580415       3.27282069E-05
   5784.7664511801413       0.275130451       3.36036755E-05
   5787.2236583183030       0.219657689       3.39660619E-05
   5789.6808654564647       0.240599111       3.27116941E-05
   5792.1380725946265       0.240252629       3.50033188E-05
   5794.5952797327882       0.283502132       3.90387650E-05
   5797.0524868709508       0.257461965       3.74280462E-05
   5799.5096940091125       0.292813808       4.04054044E-05
   5801.9669011472743       0.265956998       3.83693841E-05
   5804.4241082854360       0.276327938       3.85423082E-05
   5806.8813154235977       0.263795823       3.75303207E-05
   5809.3385225617594       0.254136503       3.56957353E-05
   5811.7957296999211       0.231546447       3.29493341E-05
   5814.2529368380838       0.215466708       3.05727626E-05
   5816.7101439762455       0.212439179       3.00728061E-05
   5819.1673511144072       0.213426545       3.01682521E-05
   5821.6245582525689       0.213579714       3.02640874E-05
   5824.0817653907307       0.217805445       3.10467294E-05
   5826.5389725288924       0.239393875       3.35487603E-05
   5828.9961796670550       0.245956391       3.45282024E-05
   5831.4533868052167       0.219984725       3.15532998E-05
   5833.9105939433784       0.222151205       3.11418989E-05
   5836.3678010815402       0.217436165       3.08931376E-05
   5838.8250082197019       0.210125804       2.97389324E-05
   5841.2822153578636       0.214197248       2.99159128E-05
   5843.7394224960262       0.183805317       2.64786431E-05
   5846.1966296341880       0.179181844       2.52638420E-05
   5848.6538367723497       0.183801532       2.60380330E-05
   5851.1110439105114       0.184703112       2.61133046E-05
   5853.5682510486731       0.189966798       2.67496689E-05
   5856.0254581868348       0.182981819       2.59846092E-05
   5858.4826653249966       0.183247507       2.55170744E-05
   5860.9398724631592       0.154727533       2.27765813E-05
   5863.3970796013209       0.175442457       2.43459435E-05
   5865.8542867394826       0.192370117       2.69462980E-05
   5868.3114938776444       0.152464762       2.24889736E-05
   5870.7687010158061       0.182569548       2.48685574E-05
   5873.2259081539678       0.161383644       2.35794469E-05
   5875.6831152921304       0.164681196       2.29366779E-05
   5878.1403224302921       0.172415078       2.42448423E-05
   5880.5975295684539       0.140591890       2.04353928E-05
   5883.0547367066156       0.154623970       2.12597242E-05
   5885.5119438447773       0.132266790       1.91379440E-05
   5887.9691509829390       0.122684099       1.70172571E-05
   5890.4263581211017       0.104651168       1.52793145E-05
   5892.8835652592634       0.102546349       1.44546548E-05
   5895.3407723974251       0.117204741       1.64223929E-05
   5897.7979795355868       0.103580914       1.51493487E-05
   5900.2551866737485       0.128933698       1.79003200E-05
   5902.7123938119103       0.134100601       1.93435717E-05
   5905.1696009500720       0.158588886       2.19058820E-05
   5907.6268080882346       0.153544456       2.19876001E-05
   5910.0840152263963       0.152108580       2.16420322E-05
   5912.5412223645581       0.169934347       2.36198648E-05
   5914.9984295027198       0.157714456       2.26395277E-05
   5917.4556366408815       0.156995997       2.23295101E-05
   5919.9128437790432       0.177316263       2.47532389E-05
   5922.3700509172058       0.171020135       2.42035458E-05
   5924.8272580553676       0.160057545       2.29201687E-05
   5927.2844651935293       0.168076396       2.36660981E-05
   5929.7416723316910       0.178831831       2.49339864E-05
   5932.1988794698527       0.152696878       2.19571575E-05
   5934.6560866080144       0.146121725       2.10023391E-05
   5937.1132937461771       0.170181677       2.40494155E-05
   5939.5705008843388       0.197617620       2.73901114E-05
   5942.0277080225005       0.178405255       2.57016272E-05
   5944.4849151606622       0.178989381       2.51621605E-05
   5946.9421222988240       0.185681075       2.63044894E-05
   5949.3993294369857       0.183497474       2.62245994E-05
   5951.8565365751474       0.206965819       2.86608756E-05
   5954.3137437133100       0.187969089       2.67436444E-05
   5956.7709508514718       0.161336944       2.31261311E-05
   5959.2281579896335       0.162480175       2.28996996E-05
   5961.6853651277952       0.166059390       2.38063458E-05
   5964.1425722659569       0.185494289       2.60058223E-05
   5966.5997794041186       0.201016352       2.82078745E-05
   5969.0569865422813       0.183409229       2.63198726E-05
   5971.5141936804430       0.195525840       2.72246853E-05
   5973.9714008186047       0.181963190       2.58098717E-05
   5976.4286079567664       0.162140340       2.32201110E-05
   5978.8858150949281       0.163985074       2.33101364E-05
   5981.3430222330899       0.183025241       2.56508665E-05
   5983.8002293712525       0.182730377       2.57501270E-05
   5986.2574365094142       0.173122421       2.47551579E-05
   5988.7146436475759       0.177008688       2.50443263E-05
   5991.1718507857377       0.193303823       2.70611945E-05
   5993.6290579238994       0.181046158       2.60537781E-05
   5996.0862650620611       0.198512599       2.75361308E-05
   5998.5434722002228       0.187805235       2.69678803E-05
   6001.0006793383855       0.188068524       2.63490583E-05
   6003.4578864765472       0.189459160       2.69656357E-05
   6005.9150936147089       0.185119301       2.63478541E-05
   6008.3723007528706       0.206822768       2.90342978E-05
   6010.8295078910323       0.204899192       2.88847750E-05
   6013.2867150291941       0.201118901       2.85328133E-05
   6015.7439221673567       0.189410329       2.71980498E-05
   6018.2011293055184       0.218090832       3.00200791E-05
   6020.6583364436801       0.183804452       2.67862797E-05
   6023.1155435818418       0.188409492       2.67137857E-05
   6025.5727507200036       0.217126697       3.03721954E-05
   6028.0299578581653       0.218407363       3.09805400E-05
   6030.4871649963279       0.216267809       3.05923822E-05
   6032.9443721344896       0.222010478       3.13499877E-05
   6035.4015792726514       0.218893096       3.12683114E-05
   6037.8587864108131       0.240306661       3.36237099E-05
   6040.3159935489748       0.240779430       3.42297171E-05
   6042.7732006871365       0.243784472       3.45550470E-05
   6045.2304078252982       0.259076387       3.63592335E-05
   6047.6876149634609       0.254199564       3.61482416E-05
   6050.1448221016226       0.255236834       3.59864753E-05
   6052.6020292397843       0.257715732       3.65598171E-05
   6055.0592363779460       0.259700328       3.68810688E-05
   6057.5164435161078       0.280409604       3.92506809E-05
   6059.9736506542704       0.270117909       3.85270905E-05
   6062.4308577924321       0.274611771       3.86884567E-05
   6064.8880649305938       0.278796047       3.93837472E-05
   6067.3452720687555       0.272426397       3.86215324E-05
   6069.8024792069173       0.274446160       3.88178814E-05
   6072.2596863450790       0.277984172       3.93334813E-05
   6074.7168934832407       0.283663213       4.04091261E-05
   6077.1741006214033       0.308065057       4.29272295E-05
   6079.6313077595651       0.297796756       4.21579425E-05
   6082.0885148977268       0.260642052       3.73599069E-05
   6084.5457220358885       0.270526022       3.79580233E-05
   6087.0029291740502       0.263938338       3.76139578E-05
   6089.4601363122119       0.272842258       3.80523852E-05
   6091.9173434503737       0.250120699       3.60160193E-05
   6094.3745505885363       0.255503476       3.62182036E-05
   6096.8317577266980       0.288104236       4.01714788E-05
   6099.2889648648597       0.270111173       3.84030609E-05
   6101.7461720030215       0.255966276       3.62294086E-05
   6104.2033791411832       0.248587936       3.54523472E-05
   6106.6605862793458       0.262834281       3.68149231E-05
   6109.1177934175075       0.259697825       3.68467627E-05
   6111.5750005556692       0.251788408       3.56769342E-05
   6114.0322076938310       0.257082134       3.60993254E-05
   6116.4894148319927       0.240837395       3.42883250E-05
   6118.9466219701544       0.235719845       3.32858217E-05
   6121.4038291083161       0.233694583       3.31933843E-05
   6123.8610362464788       0.238681480       3.34509277E-05
   6126.3182433846405       0.228172764       3.24752546E-05
   6128.7754505228022       0.219034493       3.11517906E-05
   6131.2326576609639       0.233621582       3.26362278E-05
   6133.6898647991256       0.217159063       3.13183373E-05
   6136.1470719372874       0.234470874       3.26403388E-05
   6138.6042790754491       0.234651774       3.33189928E-05
   6141.0614862136117       0.219393328       3.10211763E-05
   6143.5186933517734       0.219406530       3.12863049E-05
   6145.9759004899352       0.224906951       3.17731283E-05
   6148.4331076280969       0.245758310       3.42121784E-05
   6150.8903147662586       0.206258059       2.95489044E-05
   6153.3475219044212       0.190549552       2.70510664E-05
   6155.8047290425829       0.181972936       2.58957316E-05
   6158.2619361807447       0.195641279       2.73251262E-05
   6160.7191433189064       0.175668776       2.54175593E-05
   6163.1763504570681       0.195393771       2.69710999E-05
   6165.6335575952298       0.177261040       2.56962085E-05
   6168.0907647333916       0.185496420       2.58143991E-05
   6170.5479718715542       0.186645225       2.68434796E-05
   6173.0051790097159       0.197384253       2.75722887E-05
   6175.4623861478776       0.208049357       2.92021468E-05
   6177.9195932860393       0.169189870       2.46981690E-05
   6180.3768004242011       0.192699939       2.66859697E-05
   6182.8340075623637       0.185143977       2.64618375E-05
   6185.2912147005254       0.186659083       2.61536552E-05
   6187.7484218386871       0.176066697       2.53485468E-05
   6190.2056289768489       0.191540182       2.67872147E-05
   6192.6628361150106       0.197539926       2.77106501E-05
   6195.1200432531723       0.174229935       2.50969315E-05
   6197.5772503913340       0.178730458       2.51310648E-05
   6200.0344575294966       0.187523618       2.63525471E-05
   6202.4916646676584       0.172469378       2.46867494E-05
   6204.9488718058201       0.179383799       2.51305592E-05
   6207.4060789439818       0.174849942       2.49705245E-05
   6209.8632860821435       0.180571422       2.54806218E-05
   6212.3204932203053       0.190751001       2.70469045E-05
   6214.7777003584670       0.200076729       2.80019158E-05
   6217.2349074966296       0.194467813       2.74429658E-05
   6219.6921146347913       0.168539271       2.42690639E-05
   6222.1493217729530       0.177234128       2.49726636E-05
   6224.6065289111148       0.187056556       2.66029037E-05
   6227.0637360492765       0.203711703       2.82825731E-05
   6229.5209431874382       0.186850220       2.66878251E-05
   6231.9781503256008       0.168909892       2.41488051E-05
   6234.4353574637626       0.182167202       2.54586284E-05
   6236.8925646019243       0.174477234       2.48794058E-05
   6239.3497717400860       0.175062492       2.45926713E-05
   6241.8069788782477       0.170227751       2.43906179E-05
   6244.2641860164094       0.181015238       2.55064006E-05
   6246.7213931545721       0.196066380       2.75512539E-05
   6249.1786002927338       0.189477220       2.71003264E-05
   6251.6358074308955       0.203659087       2.83010249E-05
   6254.0930145690572       0.189120024       2.73741425E-05
   6256.5502217072190       0.201577604       2.79260476E-05
   6259.0074288453807       0.199693963       2.84110902E-05
   6261.4646359835424       0.172204629       2.50900739E-05
   6263.9218431217050       0.213176206       2.96189992E-05
   6266.3790502598667       0.217639059       3.10042233E-05
   6268.8362573980285       0.232432455       3.27538000E-05
   6271.2934645361902       0.237322107       3.31462652E-05
   6273.7506716743519       0.218195632       3.14278695E-05
   6276.2078788125136       0.213716999       3.02680182E-05
   6278.6650859506763       0.242999673       3.40243205E-05
   6281.1222930888380       0.218676388       3.16179321E-05
   6283.5795002269997       0.253914863       3.53112591E-05
   6286.0367073651614       0.243788302       3.50287482E-05
   6288.4939145033231       0.270035744       3.78772893E-05
   6290.9511216414849       0.276183128       3.90319983E-05
   6293.4083287796475       0.282631963       3.98610500E-05
   6295.8655359178092       0.266937613       3.83901461E-05
   6298.3227430559709       0.304573745       4.25458820E-05
   6300.7799501941327       0.307757646       4.37573217E-05
   6303.2371573322944       0.320696294       4.48836981E-05
   6305.6943644704561       0.300581843       4.29411011E-05
   6308.1515716086178       0.302384883       4.28450840E-05
   6310.6087787467804       0.319874555       4.50353982E-05
   6313.0659858849422       0.325370103       4.60335541E-05
   6315.5231930231039       0.322496772       4.57396127E-05
   6317.9804001612656       0.335429639       4.73688597E-05
   6320.4376072994273       0.340974063       4.82203759E-05
   6322.8948144375890       0.349314064       4.95608620E-05
   6325.3520215757508       0.363521129       5.14588501E-05
   6327.8092287139134       0.389819264       5.45517942E-05
   6330.2664358520751       0.368052900       5.28476376E-05
   6332.7236429902368       0.390290082       5.43533461E-05
   6335.1808501283986       0.379227042       5.45708353E-05
   6337.6380572665603       0.397835642       5.58631327E-05
   6340.0952644047229       0.431870580       6.10665011E-05
   6342.5524715428846       0.421204001       6.00223502E-05
   6345.0096786810464       0.468907773       6.53378884E-05
   6347.4668858192081       0.426126808       6.13431475E-05
   6349.9240929573698       0.454577684       6.33611926E-05
   6352.3813000955315       0.433244467       6.16632897E-05
   6354.8385072336932       0.419931114       5.92213873E-05
   6357.2957143718559       0.402386039       5.75443009E-05
   6359.7529215100176       0.427516162       5.95446254E-05
   6362.2101286481793       0.403507322       5.77818064E-05
   6364.6673357863410       0.398443818       5.64566253E-05
   6367.1245429245027       0.431353003       6.05613168E-05
   6369.5817500626654       0.418569773       5.94129524E-05
   6372.0389572008271       0.420816451       5.91060234E-05
   6374.4961643389888       0.391938955       5.62669047E-05
   6376.9533714771505       0.415120721       5.82077155E-05
   6379.4105786153123       0.425689250       6.00874628E-05
   6381.8677857534740       0.406428099       5.75467020E-05
   6384.3249928916357       0.396343678       5.61646957E-05
   6386.7822000297983       0.391604275       5.58069332E-05
   6389.2394071679601       0.422280908       5.94777957E-05
   6391.6966143061218       0.442974269       6.27675399E-05
   6394.1538214442835       0.463068932       6.49629874E-05
   6396.6110285824452       0.452391475       6.46433036E-05
   6399.0682357206069       0.468387425       6.57742858E-05
   6401.5254428587687       0.481284261       6.79363075E-05
   6403.9826499969313       0.450863361       6.44481115E-05
   6406.4398571350930       0.483326405       6.71343296E-05
   6408.8970642732547       0.430664480       6.23831947E-05
   6411.3542714114164       0.452261418       6.32499941E-05
   6413.8114785495782       0.471443832       6.64070249E-05
   6416.2686856877408       0.428322852       6.15066965E-05
   6418.7258928259025       0.460031748       6.41023944E-05
   6421.1830999640642       0.440821588       6.29558926E-05
   6423.6403071022260       0.435347348       6.11436117E-05
   6426.0975142403877       0.427797914       6.10506395E-05
   6428.5547213785494       0.432275057       6.10903589E-05
   6431.0119285167111       0.464405507       6.53087191E-05
   6433.4691356548738       0.445509493       6.33767559E-05
   6435.9263427930355       0.462220013       6.49353969E-05
   6438.3835499311972       0.441582263       6.33008822E-05
   6440.8407570693589       0.480200469       6.70454901E-05
   6443.2979642075206       0.472157747       6.70888185E-05
   6445.7551713456824       0.463171482       6.52601157E-05
   6448.2123784838450       0.449505359       6.38324127E-05
   6450.6695856220067       0.443503797       6.26573019E-05
   6453.1267927601684       0.445186585       6.30928480E-05
   6455.5839998983301       0.448297352       6.33216841E-05
   6458.0412070364919       0.456076831       6.46188491E-05
   6460.4984141746536       0.461862624       6.52753151E-05
   6462.9556213128162       0.476889282       6.70660811E-05
   6465.4128284509779       0.451985002       6.48899077E-05
   6467.8700355891397       0.492781252       6.88511718E-05
   6470.3272427273014       0.497310609       7.06137434E-05
   6472.7844498654631       0.491136998       6.97398718E-05
   6475.2416570036248       0.522553623       7.30519605E-05
   6477.6988641417865       0.491391033       7.01272802E-05
   6480.1560712799492       0.482617587       6.82720129E-05
   6482.6132784181109       0.499039888       7.02095203E-05
   6485.0704855562726       0.480031163       6.84228144E-05
   6487.5276926944343       0.494115353       7.02022953E-05
   6489.9848998325961       0.542236269       7.59749018E-05
   6492.4421069707587       0.546020389       7.72249114E-05
   6494.8993141089204       0.524401903       7.51912230E-05
   6497.3565212470821       0.582130730       8.15053791E-05
   6499.8137283852438       0.603278339       8.53757010E-05
   6502.2709355234056       0.597920179       8.52960511E-05
   6504.7281426615673       0.654631436       9.23893822E-05
   6507.1853497997290       0.706526577       9.93303329E-05
   6509.6425569378916       0.709858894       1.00165271E-04
   6512.0997640760534       0.678593993       9.68005625E-05
   6514.5569712142151       0.705620527       1.00059973E-04
   6517.0141783523768       0.769531012       1.08409047E-04
   6519.4713854905385       0.803900361       1.13965842E-04
   6521.9285926287002       0.842394114       1.19031516E-04
   6524.3857997668620       0.886164010       1.25316263E-04
   6526.8430069050246       0.915756643       1.29556021E-04
   6529.3002140431863       0.956926703       1.35575552E-04
   6531.7574211813480        1.00427818       1.41722689E-04
   6534.2146283195098        1.04618740       1.47559898E-04
   6536.6718354576715        1.03499949       1.46776452E-04
   6539.1290425958341        1.05859244       1.49100670E-04
   6541.5862497339958        1.03726006       1.46908424E-04
   6544.0434568721575        1.02364409       1.43807250E-04
   6546.5006640103193       0.939850330       1.33822192E-04
   6548.9578711484810       0.890732050       1.26314742E-04
   6551.4150782866427       0.898099124       1.27224819E-04
   6553.8722854248044       0.920081913       1.32832938E-04
   6556.3294925629671        1.12067103       1.58101320E-04
   6558.7866997011288        1.32647002       1.84107703E-04
   6561.2439068392905        1.23315048       1.74923814E-04
   6563.7011139774522        1.07932866       1.52696040E-04
   6566.1583211156139       0.946443796       1.34107890E-04
   6568.6155282537766       0.795755923       1.14032446E-04
   6571.0727353919374       0.758823395       1.07775610E-04
   6573.5299425301000       0.788151264       1.10400186E-04
   6575.9871496682617       0.751552284       1.06872838E-04
   6578.4443568064235       0.715377748       1.01805796E-04
   6580.9015639445852       0.757510006       1.06278028E-04
   6583.3587710827469       0.736116767       1.04619248E-04
   6585.8159782209095       0.738412082       1.04301311E-04
   6588.2731853590703       0.742144704       1.04933140E-04
   6590.7303924972330       0.743366539       1.04894112E-04
   6593.1875996353947       0.722840250       1.02469254E-04
   6595.6448067735564       0.718235493       1.01747726E-04
   6598.1020139117181       0.729013801       1.03181708E-04
   6600.5592210498799       0.752905786       1.05815772E-04
   6603.0164281880425       0.726984382       1.03467886E-04
   6605.4736353262042       0.730123460       1.03060505E-04
   6607.9308424643659       0.744150281       1.05290252E-04
   6610.3880496025276       0.744394362       1.05244784E-04
   6612.8452567406894       0.756015062       1.06935593E-04
   6615.3024638788520       0.755346119       1.06245294E-04
   6617.7596710170128       0.728602231       1.03716753E-04
   6620.2168781551754       0.714081407       1.00472571E-04
   6622.6740852933372       0.709573627       1.00396937E-04
   6625.1312924314989       0.652458191       9.33687916E-05
   6627.5884995696606       0.708640814       9.90080953E-05
   6630.0457067078223       0.671146393       9.58645105E-05
   6632.5029138459849       0.691708267       9.67675005E-05
   6634.9601209841458       0.646501422       9.26014618E-05
   6637.4173281223084       0.664309263       9.33698830E-05
   6639.8745352604701       0.671299040       9.52899136E-05
   6642.3317423986318       0.682606041       9.61083279E-05
   6644.7889495367936       0.679087341       9.57879383E-05
   6647.2461566749553       0.637864590       9.03535474E-05
   6649.7033638131179       0.605556667       8.58323474E-05
   6652.1605709512796       0.586400211       8.32391815E-05
   6654.6177780894413       0.597630620       8.42801674E-05
   6657.0749852276031       0.596148968       8.44816896E-05
   6659.5321923657648       0.601576447       8.55814505E-05
   6661.9893995039274       0.645255566       9.05155539E-05
   6664.4466066420882       0.652243257       9.23825864E-05
   6666.9038137802509       0.637257218       9.08271322E-05
   6669.3610209184126       0.689111352       9.64667997E-05
   6671.8182280565743       0.676739275       9.60725592E-05
   6674.2754351947360       0.665693700       9.37990990E-05
   6676.7326423328977       0.645136595       9.13462572E-05
   6679.1898494710604       0.615423083       8.74179023E-05
   6681.6470566092212       0.622399390       8.77345301E-05
   6684.1042637473838       0.614992678       8.67691924E-05
   6686.5614708855455       0.584819198       8.33213489E-05
   6689.0186780237073       0.591531098       8.32987134E-05
   6691.4758851618690       0.596401274       8.47274496E-05
   6693.9330923000307       0.604814172       8.57117629E-05
   6696.3902994381933       0.650162995       9.14993216E-05
   6698.8475065763550       0.648536325       9.18773731E-05
   6701.3047137145168       0.661487162       9.32470793E-05
   6703.7619208526785       0.644462228       9.21414903E-05
   6706.2191279908402       0.698294342       9.71680856E-05
   6708.6763351290019       0.661031306       9.42973857E-05
   6711.1335422671636       0.627428412       8.85805493E-05
   6713.5907494053263       0.624828815       8.85281697E-05
   6716.0479565434880       0.605851471       8.53176170E-05
   6718.5051636816497       0.588470042       8.38034321E-05
   6720.9623708198114       0.574577212       8.15036547E-05
   6723.4195779579732       0.621409655       8.70091753E-05
   6725.8767850961358       0.571649313       8.22269503E-05
   6728.3339922342975       0.623922288       8.68173665E-05
   6730.7911993724592       0.591514111       8.50214710E-05
   6733.2484065106210       0.625077248       8.78069914E-05
   6735.7056136487827       0.654560685       9.30522729E-05
   6738.1628207869444       0.690411270       9.70605106E-05
   6740.6200279251061       0.708173215       9.95331866E-05
   6743.0772350632687       0.649529397       9.27316069E-05
   6745.5344422014305       0.647266567       9.13475014E-05
   6747.9916493395922       0.652821302       9.23191838E-05
   6750.4488564777539       0.649483442       9.20735329E-05
   6752.9060636159156       0.663186252       9.33632546E-05
   6755.3632707540773       0.654549181       9.32089897E-05
   6757.8204778922391       0.672832310       9.50036192E-05
   6760.2776850304017       0.708840609       9.98755786E-05
   6762.7348921685634       0.695185423       9.91882698E-05
   6765.1920993067251       0.747358322       1.04962368E-04
   6767.6493064448869       0.760699749       1.08018059E-04
   6770.1065135830486       0.785832584       1.10828601E-04
   6772.5637207212112       0.803692222       1.13345930E-04
   6775.0209278593729       0.786139488       1.11117944E-04
   6777.4781349975347       0.758686960       1.06711581E-04
   6779.9353421356964       0.685382247       9.80011391E-05
   6782.3925492738581       0.664779544       9.39383390E-05
   6784.8497564120198       0.680446982       9.57554294E-05
   6787.3069635501815       0.637589931       9.13208060E-05
   6789.7641706883442       0.677255988       9.47221488E-05
   6792.2213778265059       0.667623222       9.56126096E-05
   6794.6785849646676       0.706041157       9.94583024E-05
   6797.1357921028293       0.761066258       1.06847801E-04
   6799.5929992409910       0.722116768       1.02867874E-04
   6802.0502063791528       0.735105395       1.04109262E-04
   6804.5074135173145       0.767287910       1.07974352E-04
   6806.9646206554771       0.773384869       1.09492423E-04
   6809.4218277936388       0.756871939       1.07390348E-04
   6811.8790349318006       0.788761437       1.10571847E-04
   6814.3362420699623       0.737947404       1.05566694E-04
   6816.7934492081240       0.759355545       1.06665379E-04
   6819.2506563462866       0.759126246       1.07857813E-04
   6821.7078634844484       0.768816054       1.08237145E-04
   6824.1650706226101       0.766955316       1.09124419E-04
   6826.6222777607718       0.785567999       1.10905079E-04
   6829.0794848989335       0.823594809       1.15825947E-04
   6831.5366920370961       0.786923826       1.12169342E-04
   6833.9938991752570       0.813014030       1.14567352E-04
   6836.4511063134196       0.823918343       1.16928910E-04
   6838.9083134515813       0.855201483       1.20232391E-04
   6841.3655205897430       0.845194280       1.20380588E-04
   6843.8227277279047       0.873182952       1.22205762E-04
   6846.2799348660665       0.844418526       1.19710166E-04
   6848.7371420042291       0.774828494       1.10410510E-04
   6851.1943491423908       0.797685802       1.11803507E-04
   6853.6515562805525       0.747820973       1.06794265E-04
   6856.1087634187143       0.754126072       1.06648331E-04
   6858.5659705568760       0.785694301       1.10843168E-04
   6861.0231776950377       0.795302629       1.11863723E-04
   6863.4803848331994       0.750308156       1.07047810E-04
   6865.9375919713621       0.757792413       1.07015694E-04
   6868.3947991095238       0.784543455       1.11148955E-04
   6870.8520062476855       0.808140337       1.14326613E-04
   6873.3092133858472       0.850114405       1.20777186E-04
   6875.7664205240089       0.914565504       1.28655258E-04
   6878.2236276621707       0.957978904       1.34620219E-04
   6880.6808348003324       0.893632352       1.26711820E-04
   6883.1380419384950       0.854131699       1.21313380E-04
   6885.5952490766567       0.840450764       1.19030366E-04
   6888.0524562148184       0.873550236       1.22980680E-04
   6890.5096633529802       0.841613293       1.20163830E-04
   6892.9668704911419       0.897934794       1.25417573E-04
   6895.4240776293036       0.855373383       1.22375379E-04
   6897.8812847674662       0.874248326       1.22798767E-04
   6900.3384919056280       0.880923688       1.25401013E-04
   6902.7956990437897       0.903891981       1.27475927E-04
   6905.2529061819514       0.945329905       1.33705835E-04
   6907.7101133201131       0.947924912       1.34845905E-04
   6910.1673204582748        1.03007543       1.43451893E-04
   6912.6245275964375       0.947168469       1.35458948E-04
   6915.0817347345992       0.917944491       1.29880864E-04
   6917.5389418727609       0.942449689       1.33214082E-04
   6919.9961490109226       0.950563371       1.35299109E-04
   6922.4533561490844        1.02038050       1.43726487E-04
   6924.9105632872470        1.07067835       1.51347427E-04
   6927.3677704254078        1.08713102       1.53711051E-04
   6929.8249775635704        1.11359549       1.57242539E-04
   6932.2821847017321        1.10892117       1.57348579E-04
   6934.7393918398939        1.14592719       1.62487020E-04
   6937.1965989780556        1.21541560       1.71639171E-04
   6939.6538061162173        1.28287971       1.81023846E-04
   6942.1110132543799        1.29816830       1.84871373E-04
   6944.5682203925408        1.40333939       1.97180736E-04
   6947.0254275307034        1.44146633       2.03117364E-04
   6949.4826346688651        1.38585770       1.96671550E-04
   6951.9398418070268        1.36446202       1.93005282E-04
   6954.3970489451885        1.37106860       1.93983142E-04
   6956.8542560833503        1.37268770       1.93997679E-04
   6959.3114632215129        1.37917125       1.96277266E-04
   6961.7686703596746        1.45246673       2.03844189E-04
   6964.2258774978363        1.46989000       2.07897348E-04
   6966.6830846359981        1.40120566       1.99507020E-04
   6969.1402917741598        1.47554839       2.07634410E-04
   6971.5974989123215        1.46847451       2.09175225E-04
   6974.0547060504832        1.56475222       2.19381225E-04
   6976.5119131886458        1.54505348       2.19176320E-04
   6978.9691203268076        1.52829337       2.16349028E-04
   6981.4263274649693        1.54692900       2.18882531E-04
   6983.8835346031310        1.58083057       2.23042211E-04
   6986.3407417412927        1.57221735       2.22786752E-04
   6988.7979488794554        1.58774221       2.24241739E-04
   6991.2551560176171        1.59137130       2.24585325E-04
   6993.7123631557788        1.55419338       2.21179827E-04
   6996.1695702939405        1.59759450       2.24756615E-04
   6998.6267774321022        1.61091399       2.28210396E-04
   7001.0839845702640        1.58625913       2.25193886E-04
   7003.5411917084257        1.66976869       2.34911902E-04
   7005.9983988465883        1.65142369       2.35933127E-04
   7008.4556059847500        1.78572464       2.50209181E-04
   7010.9128131229118        1.81115401       2.57067295E-04
   7013.3700202610735        1.81958807       2.57727981E-04
   7015.8272273992352        1.91030252       2.69228098E-04
   7018.2844345373978        1.91441464       2.70483783E-04
   7020.7416416755586        1.89596760       2.70673772E-04
   7023.1988488137213        2.02861023       2.85550777E-04
   7025.6560559518830        2.15951157       3.04846530E-04
   7028.1132630900447        2.14469433       3.05351539E-04
   7030.5704702282064        2.31973386       3.26057576E-04
   7033.0276773663682        2.34722018       3.33273521E-04
   7035.4848845045308        2.44831634       3.44914879E-04
   7037.9420916426916        2.46465325       3.50814458E-04
   7040.3992987808542        2.61759782       3.68133624E-04
   7042.8565059190159        2.67457318       3.77408782E-04
   7045.3137130571777        2.60466790       3.66984168E-04
   7047.7709201953394        2.42290163       3.41031409E-04
   7050.2281273335011        2.04745269       2.91083765E-04
   7052.6853344716637        1.67258537       2.37754153E-04
   7055.1425416098255        1.38538790       1.97037487E-04
   7057.5997487479872        1.14315426       1.63231671E-04
   7060.0569558861489        1.02902961       1.45970145E-04
   7062.5141630243106       0.970190406       1.38908421E-04
   7064.9713701624732        1.04029059       1.46289603E-04
   7067.4285773006350        1.09470952       1.54633628E-04
   7069.8857844387967        1.09417355       1.54845897E-04
   7072.3429915769584        1.11575747       1.57747767E-04
   7074.8001987151201        1.12135077       1.59296615E-04
   7077.2574058532819        1.18733382       1.66827274E-04
   7079.7146129914436        1.18319917       1.66922269E-04
   7082.1718201296062        1.12225902       1.58806171E-04
   7084.6290272677679        1.05328405       1.48985753E-04
   7087.0862344059296       0.993327200       1.40406817E-04
   7089.5434415440914       0.915070415       1.30202417E-04
   7092.0006486822531       0.896981776       1.26895218E-04
   7094.4578558204148       0.898408473       1.27308565E-04
   7096.9150629585765       0.918563187       1.29699940E-04
   7099.3722700967392       0.929478526       1.31751716E-04
   7101.8294772349009       0.955173373       1.35266702E-04
   7104.2866843730626        1.00244308       1.41399578E-04
   7106.7438915112243        1.02467263       1.45261220E-04
   7109.2010986493860        1.05930316       1.49537256E-04
   7111.6583057875478        1.08898044       1.54012945E-04
   7114.1155129257095        1.10211658       1.56294293E-04
   7116.5727200638721        1.15395188       1.61972508E-04
   7119.0299272020338        1.12343264       1.59164003E-04
   7121.4871343401956        1.07658899       1.51904591E-04
   7123.9443414783573        1.02248073       1.44331294E-04
   7126.4015486165190       0.921033561       1.31334411E-04
   7128.8587557546816       0.894693851       1.26115643E-04
   7131.3159628928424       0.866883993       1.22896628E-04
   7133.7731700310051       0.839694560       1.19447403E-04
   7136.2303771691668       0.877891660       1.23656107E-04
   7138.6875843073285       0.892612398       1.26342435E-04
   7141.1447914454911       0.899058878       1.27245381E-04
   7143.6019985836519       0.920105934       1.29955166E-04
   7146.0592057218146       0.928265393       1.32163579E-04
   7148.5164128599763       0.992457330       1.39705648E-04
   7150.9736199981380        1.03628016       1.46084625E-04
   7153.4308271362997        1.01376009       1.43525162E-04
   7155.8880342744615        1.00545025       1.42126562E-04
   7158.3452414126241       0.986603737       1.40011500E-04
   7160.8024485507858        1.00887203       1.41887882E-04
   7163.2596556889475       0.981220186       1.39256546E-04
   7165.7168628271093       0.967422426       1.37257855E-04
   7168.1740699652710        1.00222600       1.41518511E-04
   7170.6312771034327        1.02919221       1.45635990E-04
   7173.0884842415944        1.05246890       1.49737694E-04
   7175.5456913797570        1.14064455       1.59854681E-04
   7178.0028985179188        1.14811492       1.62422832E-04
   7180.4601056560805        1.10398281       1.58108989E-04
   7182.9173127942422        1.21634722       1.70299099E-04
   7185.3745199324039        1.24750459       1.76985108E-04
   7187.8317270705656        1.25624967       1.78169008E-04
   7190.2889342087274        1.33661973       1.87368103E-04
   7192.7461413468900        1.29062128       1.83327400E-04
   7195.2033484850517        1.26269341       1.77990427E-04
   7197.6605556232134        1.22409534       1.73642722E-04
   7200.1177627613752        1.19234622       1.68820887E-04
   7202.5749698995369        1.20561552       1.70913438E-04
   7205.0321770376986        1.23455513       1.74829751E-04
   7207.4893841758603        1.30500543       1.83567754E-04
   7209.9465913140230        1.29063070       1.83783777E-04
   7212.4037984521847        1.35096419       1.90529434E-04
   7214.8610055903464        1.40335763       1.98358641E-04
   7217.3182127285090        1.42664623       2.01554765E-04
   7219.7754198666698        1.43747044       2.03214877E-04
   7222.2326270048325        1.43552530       2.02983312E-04
   7224.6898341429942        1.43207848       2.02887590E-04
   7227.1470412811559        1.45165610       2.05993900E-04
   7229.6042484193176        1.53023255       2.15525346E-04
   7232.0614555574793        1.56065762       2.20289498E-04
   7234.5186626956420        1.53023708       2.17240900E-04
   7236.9758698338028        1.55664325       2.20679300E-04
   7239.4330769719654        1.64024615       2.32620776E-04
   7241.8902841101271        1.77151763       2.49350473E-04
   7244.3474912482889        1.83317399       2.60080793E-04
   7246.8046983864506        1.90592468       2.69351905E-04
   7249.2619055246123        2.00756478       2.83803529E-04
   7251.7191126627749        2.06245828       2.92613753E-04
   7254.1763198009367        2.20277739       3.09702533E-04
   7256.6335269390984        2.21232128       3.14553530E-04
   7259.0907340772601        2.30028772       3.24666384E-04
   7261.5479412154218        2.39052749       3.36589321E-04
   7264.0051483535835        2.34164429       3.31731542E-04
   7266.4623554917453        2.29965973       3.25936213E-04
   7268.9195626299079        2.33263516       3.29047063E-04
   7271.3767697680696        2.31824541       3.28901689E-04
   7273.8339769062313        2.35105228       3.31969117E-04
   7276.2911840443930        2.39000320       3.38901271E-04
   7278.7483911825548        2.45260262       3.46701796E-04
   7281.2055983207165        2.55552125       3.60631384E-04
   7283.6628054588782        2.56009579       3.64072621E-04
   7286.1200125970408        2.71456861       3.82757251E-04
   7288.5772197352026        2.81683898       3.98899982E-04
   7291.0344268733643        2.92525101       4.13341419E-04
   7293.4916340115260        3.01973724       4.27719671E-04
   7295.9488411496877        3.14676952       4.44534206E-04
   7298.4060482878504        3.25436425       4.60674433E-04
   7300.8632554260121        3.36866546       4.76892630E-04
   7303.3204625641738        3.53155732       4.97671135E-04
   7305.7776697023355        3.57180953       5.06536860E-04
   7308.2348768404972        3.65664792       5.17685316E-04
   7310.6920839786590        3.83538866       5.41075075E-04
   7313.1492911168207        3.90331864       5.54220926E-04
   7315.6064982549833        4.09709311       5.78147010E-04
   7318.0637053931450        4.25906849       6.01355918E-04
   7320.5209125313067        4.28900146       6.06468762E-04
   7322.9781196694685        4.31247473       6.09252776E-04
   7325.4353268076302        4.27547503       6.06275862E-04
   7327.8925339457928        4.34901285       6.15274301E-04
   7330.3497410839536        4.47788143       6.33865886E-04
   7332.8069482221163        4.64135075       6.55847718E-04
   7335.2641553602780        4.78007078       6.73739065E-04
   7337.7213624984397        4.73585320       6.71079033E-04
   7340.1785696366014        4.72234011       6.68382796E-04
   7342.6357767747631        4.80738449       6.78088167E-04
   7345.0929839129258        4.75260067       6.72077411E-04
   7347.5501910510866        4.65944433       6.59691228E-04
   7350.0073981892492        4.61576462       6.55382115E-04
   7352.4646053274109        4.78114939       6.73612987E-04
   7354.9218124655727        4.83273554       6.83978375E-04
   7357.3790196037344        4.82214880       6.84840721E-04
   7359.8362267418961        5.06499100       7.14230293E-04
   7362.2934338800587        5.20500088       7.36303744E-04
   7364.7506410182204        5.29348516       7.47685670E-04
   7367.2078481563822        5.33805943       7.53839849E-04
   7369.6650552945439        5.26654339       7.45196245E-04
   7372.1222624327056        5.20717096       7.37180933E-04
   7374.5794695708682        5.21180916       7.37231167E-04
   7377.0366767090300        5.25277472       7.42113101E-04
   7379.4938838471917        5.23620939       7.42179633E-04
   7381.9510909853534        5.31938839       7.51833606E-04
   7384.4082981235151        5.42323160       7.64815544E-04
   7386.8655052616768        5.34170437       7.56293011E-04
   7389.3227123998386        5.27254629       7.46882753E-04
   7391.7799195380012        5.32359552       7.51737563E-04
   7394.2371266761629        5.32173109       7.52556138E-04
   7396.6943338143246        5.27304745       7.44993682E-04
   7399.1515409524864        5.19177723       7.34900765E-04
   7401.6087480906481        5.11579800       7.24559359E-04
   7404.0659552288098        5.16310930       7.29830062E-04
   7406.5231623669715        5.18487358       7.33041554E-04
   7408.9803695051341        5.20268059       7.34131550E-04
   7411.4375766432959        5.07594919       7.20232027E-04
   7413.8947837814576        5.09066391       7.19394418E-04
   7416.3519909196193        5.13492966       7.25538877E-04
   7418.8091980577810        5.10110474       7.22957077E-04
   7421.2664051959437        5.16797209       7.29719293E-04
   7423.7236123341045        5.20252943       7.35385809E-04
   7426.1808194722671        5.15633678       7.30036467E-04
   7428.6380266104288        5.18508148       7.32780667E-04
   7431.0952337485905        5.18292236       7.33161112E-04
   7433.5524408867523        5.18947649       7.31494685E-04
   7436.0096480249140        5.02350712       7.12389243E-04
   7438.4668551630766        4.92222881       6.96169562E-04
   7440.9240623012374        4.90872383       6.94351911E-04
   7443.3812694394001        4.86797571       6.90121786E-04
   7445.8384765775618        4.98105049       7.02231424E-04
   7448.2956837157235        4.95890474       7.02116289E-04
   7450.7528908538861        4.93871593       6.98034302E-04
   7453.2100979920478        4.92414951       6.97556941E-04
   7455.6673051302096        4.96831417       7.02888647E-04
   7458.1245122683713        5.07657194       7.15730130E-04
   7460.5817194065330        5.01572847       7.11825618E-04
   7463.0389265446947        5.07388401       7.17586605E-04
   7465.4961336828565        5.22161150       7.35925627E-04
   7467.9533408210191        5.15387678       7.30437343E-04
   7470.4105479591808        5.14617538       7.28409621E-04
   7472.8677550973425        5.23393726       7.40010641E-04
   7475.3249622355042        5.31118393       7.50572479E-04
   7477.7821693736660        5.34660816       7.56637775E-04
   7480.2393765118277        5.40014696       7.63622287E-04
   7482.6965836499894        5.47051001       7.73536973E-04
   7485.1537907881520        5.51697159       7.79753609E-04
   7487.6109979263138        5.54013443       7.81866023E-04
   7490.0682050644755        5.42213202       7.70139450E-04
   7492.5254122026372        5.50236702       7.77765119E-04
   7494.9826193407989        5.66014433       7.98555091E-04
   7497.4398264789606        5.62935162       7.98871217E-04
   7499.8970336171224        5.76499557       8.13545368E-04
   7502.3542407552850        5.85482264       8.28276854E-04
   7504.8114478934467        5.88450813       8.30768549E-04
   7507.2686550316084        5.86144352       8.30435136E-04
   7509.7258621697702        5.86076546       8.28814227E-04
   7512.1830693079319        5.95768118       8.39528104E-04
   7514.6402764460936        5.76799965       8.18975677E-04
   7517.0974835842553        5.77883768       8.15637875E-04
   7519.5546907224179        5.74692392       8.15145904E-04
   7522.0118978605797        5.83545876       8.23147886E-04
   7524.4691049987414        5.85635614       8.29938974E-04
   7526.9263121369040        5.90474701       8.35936400E-04
   7529.3835192750648        6.10670328       8.61368433E-04
   7531.8407264132275        6.11880445       8.69100273E-04
   7534.2979335513892        6.35920858       8.96985875E-04
   7536.7551406895509        6.53099728       9.21736879E-04
   7539.2123478277126        6.47030783       9.15345736E-04
   7541.6695549658743        6.41159248       9.08079208E-04
   7544.1267621040370        6.44844246       9.11803741E-04
   7546.5839692421978        6.52317333       9.21311672E-04
   7549.0411763803604        6.48397446       9.18860605E-04
   7551.4983835185221        6.56243229       9.27032670E-04
   7553.9555906566839        6.61780214       9.35430347E-04
   7556.4127977948456        6.59677649       9.32856405E-04
   7558.8700049330073        6.57340336       9.29358823E-04
   7561.3272120711699        6.52279520       9.23717394E-04
   7563.7844192093316        6.55893421       9.27000248E-04
   7566.2416263474934        6.59033346       9.31209594E-04
   7568.6988334856551        6.53658342       9.25305125E-04
   7571.1560406238168        6.53395796       9.24529566E-04
   7573.6132477619785        6.59220743       9.34646290E-04
   7576.0704549001402        6.81540632       9.59949277E-04
   7578.5276620383029        6.83869839       9.62640392E-04
   7580.9848691764637        6.37276506       9.01325955E-04
   7583.4420763146263        5.80447721       8.20267247E-04
   7585.8992834527880        5.11742163       7.25615129E-04
   7588.3564905909498        4.48622274       6.34051859E-04
   7590.8136977291124        3.77923489       5.38345659E-04
   7593.2709048672732        3.22834730       4.59058938E-04
   7595.7281120054358        2.93884850       4.17281553E-04
   7598.1853191435976        2.78360105       3.97093070E-04
   7600.6425262817593        2.92481637       4.14231326E-04
   7603.0997334199219        3.17017460       4.50017920E-04
   7605.5569405580827        3.51127243       5.02509996E-04
   7608.0141476962453        4.22148943       5.97194710E-04
   7610.4713548344071        4.96347523       6.93269481E-04
   7612.9285619725688        4.99397087       7.03854312E-04
   7615.3857691107305        4.62124825       6.54038449E-04
   7617.8429762488922        4.22887945       5.99696359E-04
   7620.3001833870549        3.93959808       5.56042243E-04
   7622.7573905252157        3.60322857       5.09168371E-04
   7625.2145976633783        3.13557839       4.46985156E-04
   7627.6718048015400        2.89667606       4.10114328E-04
   7630.1290119397017        2.77796698       3.94157192E-04
   7632.5862190778635        2.73735571       3.86595813E-04
   7635.0434262160252        2.71298409       3.83931125E-04
   7637.5006333541878        2.66161847       3.77197925E-04
   7639.9578404923486        2.70294237       3.80085432E-04
   7642.4150476305113        2.58276868       3.66199209E-04
   7644.8722547686730        2.47766232       3.50541435E-04
   7647.3294619068347        2.41077638       3.40578088E-04
   7649.7866690449964        2.31676912       3.26891459E-04
   7652.2438761831581        2.14800262       3.03424458E-04
   7654.7010833213208        1.92255902       2.71765224E-04
   7657.1582904594816        1.64362931       2.33959014E-04
   7659.6154975976442        1.44115841       2.05399396E-04
   7662.0727047358059        1.38382363       1.95974862E-04
   7664.5299118739676        1.38373840       1.96407593E-04
   7666.9871190121294        1.43092227       2.02804556E-04
   7669.4443261502911        1.53169572       2.17300665E-04
   7671.9015332884537        1.66951084       2.36034553E-04
   7674.3587404266145        1.81709659       2.56170140E-04
   7676.8159475647772        1.88161242       2.67058087E-04
   7679.2731547029389        1.99922085       2.81095156E-04
   7681.7303618411006        2.02187681       2.86499999E-04
   7684.1875689792632        2.02912736       2.85891525E-04
   7686.6447761174240        1.99913740       2.82599503E-04
   7689.1019832555867        1.89980853       2.67116382E-04
   7691.5591903937484        1.71407413       2.43418195E-04
   7694.0163975319101        1.48512459       2.13027990E-04
   7696.4736046700727        1.54003537       2.17004519E-04
   7698.9308118082336        1.57351875       2.24377931E-04
   7701.3880189463962        1.72645366       2.42595692E-04
   7703.8452260845579        1.79676604       2.56171828E-04
   7706.3024332227196        1.96236706       2.77764688E-04
   7708.7596403608813        2.18773603       3.07694718E-04
   7711.2168474990431        2.26899886       3.22248874E-04
   7713.6740546372057        2.39752722       3.39765975E-04
   7716.1312617753665        2.61395049       3.68064939E-04
   7718.5884689135291        2.70367146       3.83036473E-04
   7721.0456760516909        2.80146217       3.96904565E-04
   7723.5028831898526        2.96744227       4.19257762E-04
   7725.9600903280143        3.10995841       4.40279284E-04
   7728.4172974661760        3.26141739       4.60795040E-04
   7730.8745046043387        3.39643216       4.79259295E-04
   7733.3317117424995        3.42752337       4.85584053E-04
   7735.7889188806621        3.49933910       4.92512365E-04
   7738.2461260188238        3.43118930       4.85766097E-04
   7740.7033331569855        3.31241918       4.68589802E-04
   7743.1605402951473        3.25430441       4.59868432E-04
   7745.6177474333090        3.13614416       4.43811237E-04
   7748.0749545714716        3.05864429       4.32342407E-04
   7750.5321617096324        2.94198251       4.17078525E-04
   7752.9893688477950        2.91891646       4.13543516E-04
   7755.4465759859568        2.94921899       4.17753152E-04
   7757.9037831241185        3.06879592       4.32466157E-04
   7760.3609902622811        3.06344128       4.36358940E-04
   7762.8181974004419        3.25287747       4.58867202E-04
   7765.2754045386046        3.43192339       4.84217773E-04
   7767.7326116767663        3.47235775       4.91311832E-04
   7770.1898188149280        3.51632571       4.97700414E-04
   7772.6470259530906        3.59192586       5.06687851E-04
   7775.1042330912514        3.59209561       5.08210156E-04
   7777.5614402294141        3.55646753       5.02777519E-04
   7780.0186473675749        3.54074526       5.01092931E-04
   7782.4758545057375        3.51632428       4.96662047E-04
   7784.9330616438992        3.49139667       4.93945088E-04
   7787.3902687820610        3.42056179       4.85750410E-04
   7789.8474759202236        3.53959227       4.98242734E-04
   7792.3046830583844        3.50864697       4.96883935E-04
   7794.7618901965470        3.47947812       4.93772386E-04
   7797.2190973347087        3.58289123       5.07867895E-04
   7799.6763044728705        3.81792164       5.37945598E-04
   7802.1335116110322        3.90762591       5.56098064E-04
   7804.5907187491939        4.18611860       5.90640760E-04
   7807.0479258873565        4.45762777       6.29597635E-04
   7809.5051330255174        4.57975912       6.47398818E-04
   7811.9623401636800        4.69959450       6.62021223E-04
   7814.4195473018417        4.59372950       6.51808747E-04
   7816.8767544400034        4.59287357       6.48178975E-04
   7819.3339615781651        4.55997181       6.44138199E-04
   7821.7911687163269        4.41750765       6.25147484E-04
   7824.2483758544895        4.29816866       6.07474998E-04
   7826.7055829926503        4.15910769       5.90316136E-04
   7829.1627901308129        4.15271950       5.86449460E-04
   7831.6199972689747        4.16468191       5.88692259E-04
   7834.0772044071364        4.09460783       5.81478758E-04
   7836.5344115452981        4.22331476       5.98365790E-04
   7838.9916186834598        4.45861149       6.28076261E-04
   7841.4488258216224        4.55698490       6.44429121E-04
   7843.9060329597842        4.54196739       6.43300009E-04
   7846.3632400979459        4.65617132       6.57575787E-04
   7848.8204472361076        4.67366314       6.62843289E-04
   7851.2776543742693        4.84284878       6.82381738E-04
   7853.7348615124320        4.84604883       6.86038344E-04
   7856.1920686505928        4.85105991       6.84179948E-04
   7858.6492757887554        4.73690939       6.71354646E-04
   7861.1064829269171        4.67658329       6.61460799E-04
   7863.5636900650788        4.67311096       6.60484482E-04
   7866.0208972032406        4.63074255       6.55437296E-04
   7868.4781043414023        4.62169790       6.53717492E-04
   7870.9353114795649        4.63817644       6.57267752E-04
   7873.3925186177257        4.74338531       6.71200920E-04
   7875.8497257558884        4.91632080       6.95618917E-04
   7878.3069328940501        5.09694004       7.21131917E-04
   7880.7641400322118        5.31425524       7.50203792E-04
   7883.2213471703744        5.42231750       7.66438490E-04
   7885.6785543085352        5.47398567       7.74647109E-04
   7888.1357614466979        5.54554081       7.82288145E-04
   7890.5929685848587        5.50704575       7.77709356E-04
   7893.0501757230213        5.30427456       7.53198809E-04
   7895.5073828611830        5.32247829       7.52315274E-04
   7897.9645899993448        5.38257837       7.58655195E-04
   7900.4217971375074        5.24144077       7.40469375E-04
   7902.8790042756682        4.95816994       7.02604651E-04
   7905.3362114138308        4.77234888       6.76378608E-04
   7907.7934185519925        4.71345854       6.68002118E-04
   7910.2506256901543        4.80178356       6.76331634E-04
   7912.7078328283160        4.71799707       6.68430352E-04
   7915.1650399664777        4.63537788       6.56610180E-04
   7917.6222471046403        4.69069529       6.64295920E-04
   7920.0794542428021        4.80997849       6.80638652E-04
   7922.5366613809638        4.99573851       7.05431332E-04
   7924.9938685191255        5.08506441       7.21267366E-04
   7927.4510756572872        5.30593252       7.48051156E-04
   7929.9082827954498        5.41317749       7.65113509E-04
   7932.3654899336107        5.40509892       7.65186036E-04
   7934.8226970717733        5.46952105       7.70904473E-04
   7937.2799042099350        5.35703421       7.56926544E-04
   7939.7371113480967        5.11653376       7.24071811E-04
   7942.1943184862585        4.90248203       6.95308670E-04
   7944.6515256244202        4.83455801       6.87075779E-04
   7947.1087327625828        5.05888033       7.14164693E-04
   7949.5659399007436        5.26595163       7.44893390E-04
   7952.0231470389062        5.41484213       7.64231489E-04
   7954.4803541770680        5.49174690       7.77597656E-04
   7956.9375613152297        5.55192423       7.86504941E-04
   7959.3947684533914        5.77975941       8.13961495E-04
   7961.8519755915531        5.74601936       8.17196036E-04
   7964.3091827297158        5.96406269       8.41204135E-04
   7966.7663898678766        6.15528727       8.68609117E-04
   7969.2235970060392        6.09936523       8.63701571E-04
   7971.6808041442009        6.11550617       8.63357040E-04
   7974.1380112823626        6.04080677       8.52920581E-04
   7976.5952184205253        5.82767010       8.23909184E-04
   7979.0524255586861        5.54855061       7.87503843E-04
   7981.5096326968487        5.47221518       7.74956716E-04
   7983.9668398350095        5.54624128       7.83871918E-04
   7986.4240469731722        5.59938145       7.91491300E-04
   7988.8812541113339        5.60930395       7.93527463E-04
   7991.3384612494956        5.63238001       7.98491295E-04
   7993.7956683876582        5.79553747       8.20811663E-04
   7996.2528755258199        6.09098148       8.60011671E-04
   7998.7100826639817        6.29056931       8.88573821E-04
   8001.1672898021434        6.37607670       9.03091859E-04
   8003.6244969403051        6.52963877       9.24928405E-04
   8006.0817040784677        6.82989645       9.64348787E-04
   8008.5389112166285        7.03152657       9.93930269E-04
   8010.9961183547912        7.15268803       1.01184216E-03
   8013.4533254929529        7.28489780       1.02979643E-03
   8015.9105326311146        7.39720964       1.04846724E-03
   8018.3677397692763        7.64287615       1.07945933E-03
   8020.8249469074381        7.87346506       1.11505657E-03
   8023.2821540456007        8.11102676       1.14485680E-03
   8025.7393611837615        8.30226517       1.17388077E-03
   8028.1965683219241        8.31672859       1.17753074E-03
   8030.6537754600859        8.53223419       1.20930059E-03
   8033.1109825982476        8.85163498       1.25417311E-03
