   5529.2169088113069        3.24733853E-02   4.47400862E-06
   5531.6741159494686        2.82398369E-02   3.99661985E-06
   5534.1313230876303        3.45019884E-02   5.24955567E-06
   5536.5885302257930        4.61680740E-02   6.10673078E-06
   5539.0457373639547        4.26772162E-02   6.47735897E-06
   5541.5029445021164        5.76441921E-02   7.67930305E-06
   5543.9601516402781        4.21786569E-02   6.26661949E-06
   5546.4173587784398        4.78613973E-02   6.93483980E-06
   5548.8745659166016        5.58004007E-02   7.75138869E-06
   5551.3317730547642        5.31513989E-02   7.27227052E-06
   5553.7889801929259        3.55628729E-02   5.43079204E-06
   5556.2461873310876        4.76588756E-02   7.08508378E-06
   5558.7033944692494        6.96361512E-02   9.78335356E-06
   5561.1606016074111        8.02550167E-02   1.10297669E-05
   5563.6178087455728        7.21253231E-02   1.05000727E-05
   5566.0750158837354        8.45645294E-02   1.19108308E-05
   5568.5322230218972        9.12036076E-02   1.29683531E-05
   5570.9894301600589        9.38137248E-02   1.28751426E-05
   5573.4466372982206        9.54417065E-02   1.48034760E-05
   5575.9038444363823       0.152802274       2.01265248E-05
   5578.3610515745440       0.112057172       1.71516749E-05
   5580.8182587127058       0.161140859       2.27355522E-05
   5583.2754658508684       0.149805099       2.06804780E-05
   5585.7326729890301       0.136960119       2.00084232E-05
   5588.1898801271918       0.130440012       1.78679729E-05
   5590.6470872653535       0.121091589       1.82419753E-05
   5593.1042944035153       0.155842960       2.10798535E-05
   5595.5615015416770       0.129773334       1.85444169E-05
   5598.0187086798396       0.119053908       1.72721175E-05
   5600.4759158180013       0.135636479       1.91780073E-05
   5602.9331229561631       0.142283171       1.97130830E-05
   5605.3903300943248       0.129255071       1.87850310E-05
   5607.8475372324865       0.155902132       2.21717837E-05
   5610.3047443706482       0.160904288       2.18433215E-05
   5612.7619515088109       0.123859100       1.83519296E-05
   5615.2191586469726       0.133385733       1.86978232E-05
   5617.6763657851343       0.125687629       1.77859238E-05
   5620.1335729232960       0.130714297       1.88459089E-05
   5622.5907800614577       0.143663839       1.98044763E-05
   5625.0479871996195       0.129817083       1.86101461E-05
   5627.5051943377821       0.131150603       1.85326480E-05
   5629.9624014759438       0.129720330       1.83172597E-05
   5632.4196086141055       0.127888009       1.81074447E-05
   5634.8768157522672       0.127250731       1.80130010E-05
   5637.3340228904290       0.126273245       1.77954826E-05
   5639.7912300285907       0.126610577       1.81991854E-05
   5642.2484371667524       0.140792385       1.95387674E-05
   5644.7056443049150       0.127011940       1.80808893E-05
   5647.1628514430768       0.133713618       1.94434433E-05
   5649.6200585812385       0.162005365       2.25138137E-05
   5652.0772657194002       0.160801187       2.26502016E-05
   5654.5344728575619       0.158581108       2.26540669E-05
   5656.9916799957236       0.167198688       2.33933588E-05
   5659.4488871338863       0.154880792       2.18622790E-05
   5661.9060942720480       0.151766866       2.19635076E-05
   5664.3633014102097       0.166696444       2.28960980E-05
   5666.8205085483714       0.139880016       2.00556824E-05
   5669.2777156865332       0.129715979       1.83771645E-05
   5671.7349228246949       0.122193590       1.75789392E-05
   5674.1921299628575       0.138636768       1.97298796E-05
   5676.6493371010192       0.162152961       2.32015136E-05
   5679.1065442391809       0.189966917       2.61344467E-05
   5681.5637513773427       0.169212982       2.43240938E-05
   5684.0209585155044       0.179304451       2.52907175E-05
   5686.4781656536661       0.171652272       2.42380283E-05
   5688.9353727918278       0.177138194       2.53262551E-05
   5691.3925799299905       0.181146741       2.52042391E-05
   5693.8497870681522       0.175743565       2.53565649E-05
   5696.3069942063139       0.190331772       2.65167910E-05
   5698.7642013444756       0.185942650       2.66413463E-05
   5701.2214084826373       0.205053970       2.89310792E-05
   5703.6786156207991       0.206346303       2.88329029E-05
   5706.1358227589617       0.200530946       2.89210511E-05
   5708.5930298971234       0.217236176       3.01850287E-05
   5711.0502370352851       0.209070504       2.99752010E-05
   5713.5074441734469       0.209020838       2.85511687E-05
   5715.9646513116086       0.157690227       2.36273827E-05
   5718.4218584497703       0.195302799       2.76885767E-05
   5720.8790655879329       0.199304849       2.75788789E-05
   5723.3362727260946       0.186688319       2.68860385E-05
   5725.7934798642564       0.192700312       2.71534500E-05
   5728.2506870024181       0.200171456       2.83086047E-05
   5730.7078941405798       0.200012267       2.82367364E-05
   5733.1651012787415       0.201801628       2.85088609E-05
   5735.6223084169033       0.195980221       2.76780502E-05
   5738.0795155550659       0.191300526       2.70481796E-05
   5740.5367226932276       0.185683250       2.64946320E-05
   5742.9939298313893       0.202272967       2.86993964E-05
   5745.4511369695510       0.209613740       2.92514869E-05
   5747.9083441077128       0.205001727       2.94036236E-05
   5750.3655512458745       0.212378994       2.93925023E-05
   5752.8227583840371       0.186451450       2.69326665E-05
   5755.2799655221988       0.199037552       2.81155535E-05
   5757.7371726603606       0.197508052       2.77118615E-05
   5760.1943797985223       0.190022498       2.70234232E-05
   5762.6515869366840       0.188332766       2.66544139E-05
   5765.1087940748457       0.189955711       2.68661170E-05
   5767.5660012130083       0.196257129       2.80520344E-05
   5770.0232083511701       0.212033361       2.94086240E-05
   5772.4804154893318       0.196017936       2.82604142E-05
   5774.9376226274935       0.216660291       3.04417681E-05
   5777.3948297656552       0.215339735       3.06100446E-05
   5779.8520369038170       0.236369073       3.34255819E-05
   5782.3092440419787       0.228913978       3.17600789E-05
   5784.7664511801413       0.212628394       3.12970842E-05
   5787.2236583183030       0.258132875       3.57856916E-05
   5789.6808654564647       0.246214837       3.47168352E-05
   5792.1380725946265       0.241183728       3.45930130E-05
   5794.5952797327882       0.255176038       3.56311139E-05
   5797.0524868709508       0.240266785       3.40477782E-05
   5799.5096940091125       0.239933625       3.44717046E-05
   5801.9669011472743       0.267788440       3.75504715E-05
   5804.4241082854360       0.269310355       3.78824006E-05
   5806.8813154235977       0.249621361       3.48118701E-05
   5809.3385225617594       0.202475369       2.93752983E-05
   5811.7957296999211       0.208895609       2.98476280E-05
   5814.2529368380838       0.215307221       2.98437790E-05
   5816.7101439762455       0.192569047       2.75793936E-05
   5819.1673511144072       0.193653181       2.76453175E-05
   5821.6245582525689       0.208409920       2.92684690E-05
   5824.0817653907307       0.207560107       2.93688372E-05
   5826.5389725288924       0.212121010       3.01158288E-05
   5828.9961796670550       0.221079737       3.11930053E-05
   5831.4533868052167       0.224558502       3.16970400E-05
   5833.9105939433784       0.226857021       3.22027117E-05
   5836.3678010815402       0.228108004       3.16893929E-05
   5838.8250082197019       0.190450773       2.72289999E-05
   5841.2822153578636       0.185724676       2.70693854E-05
   5843.7394224960262       0.216350585       2.98720279E-05
   5846.1966296341880       0.191571847       2.68824842E-05
   5848.6538367723497       0.160972297       2.33976061E-05
   5851.1110439105114       0.169204816       2.39302080E-05
   5853.5682510486731       0.168940410       2.35857333E-05
   5856.0254581868348       0.156230539       2.24022388E-05
   5858.4826653249966       0.158867866       2.22630279E-05
   5860.9398724631592       0.150727943       2.15586733E-05
   5863.3970796013209       0.161762089       2.29147226E-05
   5865.8542867394826       0.167269588       2.34586350E-05
   5868.3114938776444       0.162870303       2.30052556E-05
   5870.7687010158061       0.153272077       2.16993340E-05
   5873.2259081539678       0.152797878       2.18625901E-05
   5875.6831152921304       0.158209994       2.19262220E-05
   5878.1403224302921       0.137801573       1.96520086E-05
   5880.5975295684539       0.122950427       1.72284017E-05
   5883.0547367066156        9.83416885E-02   1.42430372E-05
   5885.5119438447773        9.64222997E-02   1.37928846E-05
   5887.9691509829390       0.104064465       1.47789124E-05
   5890.4263581211017       0.107857466       1.48242407E-05
   5892.8835652592634        9.61663201E-02   1.44302121E-05
   5895.3407723974251       0.138359532       1.93855485E-05
   5897.7979795355868       0.141701087       1.96854544E-05
   5900.2551866737485       0.132412434       1.88384274E-05
   5902.7123938119103       0.125771493       1.79707731E-05
   5905.1696009500720       0.137203172       1.93641663E-05
   5907.6268080882346       0.134376332       1.88781978E-05
   5910.0840152263963       0.137259156       1.98288799E-05
   5912.5412223645581       0.157655239       2.20888833E-05
   5914.9984295027198       0.163578421       2.29744528E-05
   5917.4556366408815       0.155287236       2.19199137E-05
   5919.9128437790432       0.152002186       2.18045461E-05
   5922.3700509172058       0.161429673       2.24777195E-05
   5924.8272580553676       0.147256792       2.09242316E-05
   5927.2844651935293       0.148286685       2.13837702E-05
   5929.7416723316910       0.167421550       2.32556667E-05
   5932.1988794698527       0.151578560       2.12810792E-05
   5934.6560866080144       0.140726596       2.07135454E-05
   5937.1132937461771       0.172865883       2.39452984E-05
   5939.5705008843388       0.162705943       2.29934649E-05
   5942.0277080225005       0.165001363       2.37736367E-05
   5944.4849151606622       0.180944398       2.50963822E-05
   5946.9421222988240       0.167949125       2.38628927E-05
   5949.3993294369857       0.165530831       2.35782427E-05
   5951.8565365751474       0.166771099       2.33161500E-05
   5954.3137437133100       0.159913242       2.30432270E-05
   5956.7709508514718       0.172508329       2.39029905E-05
   5959.2281579896335       0.154435828       2.21776445E-05
   5961.6853651277952       0.163577497       2.31908398E-05
   5964.1425722659569       0.165991172       2.34033869E-05
   5966.5997794041186       0.176973000       2.53315593E-05
   5969.0569865422813       0.189905301       2.62697922E-05
   5971.5141936804430       0.170274928       2.42435653E-05
   5973.9714008186047       0.161091208       2.30275400E-05
   5976.4286079567664       0.175971538       2.51847887E-05
   5978.8858150949281       0.190895528       2.61772730E-05
   5981.3430222330899       0.163223982       2.38183093E-05
   5983.8002293712525       0.188532859       2.67552350E-05
   5986.2574365094142       0.193838969       2.67776359E-05
   5988.7146436475759       0.175931171       2.54575170E-05
   5991.1718507857377       0.184708238       2.57761931E-05
   5993.6290579238994       0.173655942       2.46564086E-05
   5996.0862650620611       0.167780921       2.37492131E-05
   5998.5434722002228       0.171451837       2.46771615E-05
   6001.0006793383855       0.193347722       2.68079020E-05
   6003.4578864765472       0.180498153       2.57391257E-05
   6005.9150936147089       0.179608107       2.50900121E-05
   6008.3723007528706       0.158701271       2.28968183E-05
   6010.8295078910323       0.176540747       2.51620640E-05
   6013.2867150291941       0.191105783       2.67824253E-05
   6015.7439221673567       0.193522170       2.71682493E-05
   6018.2011293055184       0.179121763       2.55251161E-05
   6020.6583364436801       0.184647784       2.62221929E-05
   6023.1155435818418       0.190547600       2.69288921E-05
   6025.5727507200036       0.196655214       2.76662504E-05
   6028.0299578581653       0.194617286       2.76618430E-05
   6030.4871649963279       0.188005999       2.59020835E-05
   6032.9443721344896       0.161789998       2.44590228E-05
   6035.4015792726514       0.228079095       3.14484532E-05
   6037.8587864108131       0.212594748       3.01973469E-05
   6040.3159935489748       0.223274678       3.17040358E-05
   6042.7732006871365       0.222103789       3.14094541E-05
   6045.2304078252982       0.235791042       3.32984564E-05
   6047.6876149634609       0.231666759       3.28824754E-05
   6050.1448221016226       0.249389663       3.52627030E-05
   6052.6020292397843       0.248584419       3.50618648E-05
   6055.0592363779460       0.256010324       3.62332030E-05
   6057.5164435161078       0.247037262       3.47091445E-05
   6059.9736506542704       0.241489410       3.46105589E-05
   6062.4308577924321       0.253213197       3.55522207E-05
   6064.8880649305938       0.252145946       3.56230776E-05
   6067.3452720687555       0.247050300       3.49788861E-05
   6069.8024792069173       0.243983522       3.44517321E-05
   6072.2596863450790       0.245494172       3.51287490E-05
   6074.7168934832407       0.260213673       3.60504418E-05
   6077.1741006214033       0.235599950       3.41024934E-05
   6079.6313077595651       0.265054017       3.72526847E-05
   6082.0885148977268       0.256421298       3.59044789E-05
   6084.5457220358885       0.242769197       3.47936802E-05
   6087.0029291740502       0.247610986       3.48193025E-05
   6089.4601363122119       0.242944852       3.43790889E-05
   6091.9173434503737       0.249024257       3.57909048E-05
   6094.3745505885363       0.276959866       3.81896280E-05
   6096.8317577266980       0.240407512       3.45466942E-05
   6099.2889648648597       0.253109843       3.61463499E-05
   6101.7461720030215       0.260135174       3.60345148E-05
   6104.2033791411832       0.233099788       3.33719436E-05
   6106.6605862793458       0.231182650       3.30011426E-05
   6109.1177934175075       0.251850426       3.55694974E-05
   6111.5750005556692       0.258598000       3.62356295E-05
   6114.0322076938310       0.244460911       3.44588625E-05
   6116.4894148319927       0.222479299       3.17290614E-05
   6118.9466219701544       0.226685479       3.23537279E-05
   6121.4038291083161       0.233856693       3.25170804E-05
   6123.8610362464788       0.220224336       3.18118255E-05
   6126.3182433846405       0.241152540       3.35410623E-05
   6128.7754505228022       0.218893319       3.10498181E-05
   6131.2326576609639       0.214309871       3.05878712E-05
   6133.6898647991256       0.209287152       2.91223059E-05
   6136.1470719372874       0.193366751       2.82017263E-05
   6138.6042790754491       0.228310585       3.21066946E-05
   6141.0614862136117       0.233810455       3.24635148E-05
   6143.5186933517734       0.205559075       2.93565572E-05
   6145.9759004899352       0.200031072       2.86599552E-05
   6148.4331076280969       0.214762077       3.01551718E-05
   6150.8903147662586       0.209530830       2.94456695E-05
   6153.3475219044212       0.198104620       2.82185265E-05
   6155.8047290425829       0.194134444       2.73060559E-05
   6158.2619361807447       0.188412026       2.69941647E-05
   6160.7191433189064       0.197042093       2.73929163E-05
   6163.1763504570681       0.177372724       2.54548850E-05
   6165.6335575952298       0.189207688       2.69144257E-05
   6168.0907647333916       0.193387285       2.67923006E-05
   6170.5479718715542       0.167255715       2.38201992E-05
   6173.0051790097159       0.152002469       2.18117202E-05
   6175.4623861478776       0.159157664       2.26131742E-05
   6177.9195932860393       0.173507258       2.46067048E-05
   6180.3768004242011       0.182291642       2.52743284E-05
   6182.8340075623637       0.164970979       2.38030552E-05
   6185.2912147005254       0.178243056       2.50633839E-05
   6187.7484218386871       0.175799400       2.48420547E-05
   6190.2056289768489       0.173254043       2.42759470E-05
   6192.6628361150106       0.155597880       2.24248597E-05
   6195.1200432531723       0.176343814       2.51038127E-05
   6197.5772503913340       0.178448498       2.44683652E-05
   6200.0344575294966       0.153761953       2.26031261E-05
   6202.4916646676584       0.169501811       2.33297396E-05
   6204.9488718058201       0.144492224       2.08228212E-05
   6207.4060789439818       0.158564582       2.30298956E-05
   6209.8632860821435       0.187442973       2.57481697E-05
   6212.3204932203053       0.172199711       2.45962674E-05
   6214.7777003584670       0.175793871       2.50324756E-05
   6217.2349074966296       0.183412477       2.56579588E-05
   6219.6921146347913       0.175624028       2.49874229E-05
   6222.1493217729530       0.179917365       2.55283539E-05
   6224.6065289111148       0.184541091       2.58271702E-05
   6227.0637360492765       0.168108329       2.37400182E-05
   6229.5209431874382       0.162859008       2.37433669E-05
   6231.9781503256008       0.192671806       2.66325806E-05
   6234.4353574637626       0.174106076       2.46205127E-05
   6236.8925646019243       0.166914016       2.40386325E-05
   6239.3497717400860       0.177498013       2.48340148E-05
   6241.8069788782477       0.174804762       2.48150482E-05
   6244.2641860164094       0.179067194       2.54230708E-05
   6246.7213931545721       0.186849102       2.62214580E-05
   6249.1786002927338       0.180526257       2.56004751E-05
   6251.6358074308955       0.183174998       2.59976205E-05
   6254.0930145690572       0.185008764       2.59583139E-05
   6256.5502217072190       0.179286614       2.56026669E-05
   6259.0074288453807       0.189747036       2.68108997E-05
   6261.4646359835424       0.191553280       2.68204294E-05
   6263.9218431217050       0.181787461       2.59903845E-05
   6266.3790502598667       0.190955192       2.70986729E-05
   6268.8362573980285       0.208580166       2.96550588E-05
   6271.2934645361902       0.226385638       3.15339494E-05
   6273.7506716743519       0.215504438       3.07843329E-05
   6276.2078788125136       0.228546172       3.22630149E-05
   6278.6650859506763       0.223793983       3.13579621E-05
   6281.1222930888380       0.216661572       3.12336160E-05
   6283.5795002269997       0.238373026       3.34166689E-05
   6286.0367073651614       0.244709998       3.48781396E-05
   6288.4939145033231       0.270264298       3.81862592E-05
   6290.9511216414849       0.279382020       3.90431924E-05
   6293.4083287796475       0.264706314       3.76735006E-05
   6295.8655359178092       0.265563011       3.76537610E-05
   6298.3227430559709       0.274423510       3.88645276E-05
   6300.7799501941327       0.280842930       3.94305462E-05
   6303.2371573322944       0.272496819       3.87965119E-05
   6305.6943644704561       0.283158302       4.00282406E-05
   6308.1515716086178       0.285615355       4.02659425E-05
   6310.6087787467804       0.291540146       4.17224292E-05
   6313.0659858849422       0.326759666       4.61923373E-05
   6315.5231930231039       0.350468278       4.91240789E-05
   6317.9804001612656       0.339529395       4.78159091E-05
   6320.4376072994273       0.327075303       4.69156621E-05
   6322.8948144375890       0.358420193       5.05644530E-05
   6325.3520215757508       0.357352555       4.96712128E-05
   6327.8092287139134       0.319999099       4.63089709E-05
   6330.2664358520751       0.354247004       5.02558942E-05
   6332.7236429902368       0.379228383       5.31234800E-05
   6335.1808501283986       0.379490495       5.38767781E-05
   6337.6380572665603       0.389993817       5.50867662E-05
   6340.0952644047229       0.395458281       5.59035507E-05
   6342.5524715428846       0.404395133       5.74540754E-05
   6345.0096786810464       0.424549341       5.96202917E-05
   6347.4668858192081       0.408034086       5.74282349E-05
   6349.9240929573698       0.383691102       5.47205454E-05
   6352.3813000955315       0.386188209       5.45601724E-05
   6354.8385072336932       0.382364839       5.39605790E-05
   6357.2957143718559       0.375620931       5.33942330E-05
   6359.7529215100176       0.391514570       5.55853949E-05
   6362.2101286481793       0.413866341       5.82352368E-05
   6364.6673357863410       0.416633695       5.88724070E-05
   6367.1245429245027       0.413614571       5.83788787E-05
   6369.5817500626654       0.409574747       5.83057335E-05
   6372.0389572008271       0.426939577       5.99897648E-05
   6374.4961643389888       0.406512976       5.72101453E-05
   6376.9533714771505       0.386367381       5.53959871E-05
   6379.4105786153123       0.402454764       5.64254115E-05
   6381.8677857534740       0.390639931       5.55256993E-05
   6384.3249928916357       0.401470602       5.68473552E-05
   6386.7822000297983       0.410274863       5.79582302E-05
   6389.2394071679601       0.422732651       5.99471568E-05
   6391.6966143061218       0.435967177       6.13745360E-05
   6394.1538214442835       0.437795728       6.21108848E-05
   6396.6110285824452       0.445597500       6.27574773E-05
   6399.0682357206069       0.441741288       6.26892070E-05
   6401.5254428587687       0.445117384       6.25488319E-05
   6403.9826499969313       0.425841153       6.05455607E-05
   6406.4398571350930       0.428453118       6.04223860E-05
   6408.8970642732547       0.414516568       5.87145041E-05
   6411.3542714114164       0.418348849       5.94238372E-05
   6413.8114785495782       0.425470650       5.97657017E-05
   6416.2686856877408       0.410950243       5.81852328E-05
   6418.7258928259025       0.402461588       5.71230594E-05
   6421.1830999640642       0.406186193       5.73275647E-05
   6423.6403071022260       0.403234601       5.71143428E-05
   6426.0975142403877       0.401356429       5.64432848E-05
   6428.5547213785494       0.383862168       5.47283489E-05
   6431.0119285167111       0.399200141       5.65029113E-05
   6433.4691356548738       0.414178818       5.87819741E-05
   6435.9263427930355       0.448376358       6.32902884E-05
   6438.3835499311972       0.450328499       6.29980059E-05
   6440.8407570693589       0.430422425       6.17697588E-05
   6443.2979642075206       0.458506167       6.43210442E-05
   6445.7551713456824       0.441288143       6.20993742E-05
   6448.2123784838450       0.419013053       5.99280902E-05
   6450.6695856220067       0.437375844       6.18286504E-05
   6453.1267927601684       0.448687166       6.31894291E-05
   6455.5839998983301       0.442192525       6.25116736E-05
   6458.0412070364919       0.438426971       6.22904845E-05
   6460.4984141746536       0.459290981       6.52125018E-05
   6462.9556213128162       0.483728886       6.77654534E-05
   6465.4128284509779       0.465498865       6.59845391E-05
   6467.8700355891397       0.471532255       6.72986716E-05
   6470.3272427273014       0.506591380       7.11696994E-05
   6472.7844498654631       0.499828309       7.02362522E-05
   6475.2416570036248       0.474296451       6.75777337E-05
   6477.6988641417865       0.476626843       6.71522066E-05
   6480.1560712799492       0.462030977       6.55843469E-05
   6482.6132784181109       0.475375950       6.75313640E-05
   6485.0704855562726       0.488556474       6.84427723E-05
   6487.5276926944343       0.476303160       6.81292513E-05
   6489.9848998325961       0.514056802       7.25837235E-05
   6492.4421069707587       0.527260065       7.41934055E-05
   6494.8993141089204       0.538280487       7.68790123E-05
   6497.3565212470821       0.575834095       8.06067765E-05
   6499.8137283852438       0.576857388       8.25743409E-05
   6502.2709355234056       0.638203144       8.97196587E-05
   6504.7281426615673       0.643484294       9.08093571E-05
   6507.1853497997290       0.662541628       9.43391860E-05
   6509.6425569378916       0.692538977       9.69748362E-05
   6512.0997640760534       0.674998999       9.60030011E-05
   6514.5569712142151       0.696464062       9.88936008E-05
   6517.0141783523768       0.747904003       1.05979794E-04
   6519.4713854905385       0.795635521       1.11964058E-04
   6521.9285926287002       0.823384345       1.17409640E-04
   6524.3857997668620       0.906011701       1.27526175E-04
   6526.8430069050246       0.922935486       1.29958469E-04
   6529.3002140431863       0.927324235       1.31987777E-04
   6531.7574211813480       0.984755158       1.39562020E-04
   6534.2146283195098        1.05256176       1.48265084E-04
   6536.6718354576715        1.05894995       1.48835665E-04
   6539.1290425958341        1.00806856       1.42574630E-04
   6541.5862497339958       0.961862803       1.36472401E-04
   6544.0434568721575       0.940767944       1.32718589E-04
   6546.5006640103193       0.887102127       1.25335195E-04
   6548.9578711484810       0.851419270       1.21600060E-04
   6551.4150782866427       0.876869559       1.23544683E-04
   6553.8722854248044       0.896893919       1.28259227E-04
   6556.3294925629671        1.00425506       1.41581739E-04
   6558.7866997011288        1.04899943       1.47366183E-04
   6561.2439068392905        1.00995958       1.41043885E-04
   6563.7011139774522       0.836084127       1.18893797E-04
   6566.1583211156139       0.725622118       1.04770123E-04
   6568.6155282537766       0.728275597       1.02688507E-04
   6571.0727353919374       0.726697505       1.03191429E-04
   6573.5299425301000       0.738288879       1.03654507E-04
   6575.9871496682617       0.691936672       9.76296142E-05
   6578.4443568064235       0.652401268       9.36178258E-05
   6580.9015639445852       0.711757720       1.01302881E-04
   6583.3587710827469       0.785814226       1.10035617E-04
   6585.8159782209095       0.770598888       1.08294742E-04
   6588.2731853590703       0.725487173       1.03296501E-04
   6590.7303924972330       0.720146358       1.01601268E-04
   6593.1875996353947       0.692706525       9.79251345E-05
   6595.6448067735564       0.681313753       9.71735572E-05
   6598.1020139117181       0.714048982       1.00605830E-04
   6600.5592210498799       0.717901170       1.01411613E-04
   6603.0164281880425       0.720206916       1.02059617E-04
   6605.4736353262042       0.737087131       1.04451719E-04
   6607.9308424643659       0.767564952       1.08332948E-04
   6610.3880496025276       0.765932918       1.07635104E-04
   6612.8452567406894       0.734322608       1.04536506E-04
   6615.3024638788520       0.745419502       1.05159241E-04
   6617.7596710170128       0.721368968       1.01391059E-04
   6620.2168781551754       0.671381235       9.55194482E-05
   6622.6740852933372       0.647505760       9.14414923E-05
   6625.1312924314989       0.639787912       9.18509904E-05
   6627.5884995696606       0.712837517       1.00004130E-04
   6630.0457067078223       0.694698989       9.71916452E-05
   6632.5029138459849       0.641531169       9.20418097E-05
   6634.9601209841458       0.658250988       9.25983113E-05
   6637.4173281223084       0.639718473       9.04618064E-05
   6639.8745352604701       0.636263907       9.06258356E-05
   6642.3317423986318       0.661391914       9.28885274E-05
   6644.7889495367936       0.637171268       8.97950813E-05
   6647.2461566749553       0.595073998       8.42759910E-05
   6649.7033638131179       0.560451806       7.95558226E-05
   6652.1605709512796       0.552868426       7.86288510E-05
   6654.6177780894413       0.572331011       8.08385303E-05
   6657.0749852276031       0.576208770       8.11583595E-05
   6659.5321923657648       0.573428750       8.18803601E-05
   6661.9893995039274       0.620284438       8.74935722E-05
   6664.4466066420882       0.634113908       8.92545650E-05
   6666.9038137802509       0.640428543       9.12904507E-05
   6669.3610209184126       0.680780828       9.57638185E-05
   6671.8182280565743       0.681003511       9.59968238E-05
   6674.2754351947360       0.657093942       9.25513377E-05
   6676.7326423328977       0.602018297       8.51313162E-05
   6679.1898494710604       0.558251917       7.97582106E-05
   6681.6470566092212       0.566212177       8.00991693E-05
   6684.1042637473838       0.565694809       7.96245076E-05
   6686.5614708855455       0.555365205       7.93630024E-05
   6689.0186780237073       0.602946937       8.52833400E-05
   6691.4758851618690       0.622592151       8.70623044E-05
   6693.9330923000307       0.596763074       8.52209632E-05
   6696.3902994381933       0.625025630       8.83277389E-05
   6698.8475065763550       0.635003865       8.95002158E-05
   6701.3047137145168       0.644185841       9.17347934E-05
   6703.7619208526785       0.675590217       9.47525550E-05
   6706.2191279908402       0.659268022       9.34550699E-05
   6708.6763351290019       0.655023694       9.22572217E-05
   6711.1335422671636       0.612640619       8.62459347E-05
   6713.5907494053263       0.549852192       7.81405251E-05
   6716.0479565434880       0.519160628       7.44622012E-05
   6718.5051636816497       0.569796622       8.09621342E-05
   6720.9623708198114       0.606352687       8.44390670E-05
   6723.4195779579732       0.578540981       8.27661352E-05
   6725.8767850961358       0.613738120       8.67528506E-05
   6728.3339922342975       0.627963603       8.83025496E-05
   6730.7911993724592       0.619457543       8.78057253E-05
   6733.2484065106210       0.618763089       8.74934267E-05
   6735.7056136487827       0.626404464       8.89404182E-05
   6738.1628207869444       0.652737141       9.21790052E-05
   6740.6200279251061       0.666088164       9.39085148E-05
   6743.0772350632687       0.653626502       9.21296014E-05
   6745.5344422014305       0.628189325       8.92456228E-05
   6747.9916493395922       0.630754948       8.92567841E-05
   6750.4488564777539       0.633205056       8.95183985E-05
   6752.9060636159156       0.640852213       9.09097362E-05
   6755.3632707540773       0.665722549       9.42094703E-05
   6757.8204778922391       0.692081392       9.76657684E-05
   6760.2776850304017       0.696286619       9.82206184E-05
   6762.7348921685634       0.698871911       9.95186201E-05
   6765.1920993067251       0.740272403       1.04377039E-04
   6767.6493064448869       0.752491176       1.06230233E-04
   6770.1065135830486       0.760287762       1.07723863E-04
   6772.5637207212112       0.776008964       1.09554705E-04
   6775.0209278593729       0.770035446       1.08265835E-04
   6777.4781349975347       0.719248235       1.01733553E-04
   6779.9353421356964       0.676657915       9.61589103E-05
   6782.3925492738581       0.664397776       9.41535909E-05
   6784.8497564120198       0.662408352       9.35505595E-05
   6787.3069635501815       0.659327924       9.37881268E-05
   6789.7641706883442       0.697121561       9.85676306E-05
   6792.2213778265059       0.709753811       9.96727904E-05
   6794.6785849646676       0.702192843       1.00275014E-04
   6797.1357921028293       0.738601923       1.03536891E-04
   6799.5929992409910       0.717470407       1.01887512E-04
   6802.0502063791528       0.733941615       1.03886065E-04
   6804.5074135173145       0.738921642       1.04161743E-04
   6806.9646206554771       0.734878004       1.04078048E-04
   6809.4218277936388       0.727335513       1.02655795E-04
   6811.8790349318006       0.725743711       1.03310580E-04
   6814.3362420699623       0.754562020       1.06213010E-04
   6816.7934492081240       0.753276885       1.06635023E-04
   6819.2506563462866       0.757506073       1.06959655E-04
   6821.7078634844484       0.750331998       1.06293657E-04
   6824.1650706226101       0.764092863       1.08404965E-04
   6826.6222777607718       0.799234986       1.13209077E-04
   6829.0794848989335       0.840447485       1.18263430E-04
   6831.5366920370961       0.819103181       1.15071620E-04
   6833.9938991752570       0.777213335       1.11342604E-04
   6836.4511063134196       0.822017252       1.15785406E-04
   6838.9083134515813       0.809447050       1.13705770E-04
   6841.3655205897430       0.781194627       1.11884023E-04
   6843.8227277279047       0.825615466       1.15825111E-04
   6846.2799348660665       0.796746910       1.12482718E-04
   6848.7371420042291       0.779059768       1.11009824E-04
   6851.1943491423908       0.794216454       1.11581372E-04
   6853.6515562805525       0.774761438       1.10251873E-04
   6856.1087634187143       0.807883501       1.14604518E-04
   6858.5659705568760       0.851765990       1.20004159E-04
   6861.0231776950377       0.852800429       1.19810240E-04
   6863.4803848331994       0.802295804       1.13651120E-04
   6865.9375919713621       0.770597458       1.09284920E-04
   6868.3947991095238       0.757806778       1.07606451E-04
   6870.8520062476855       0.795857131       1.13397036E-04
   6873.3092133858472       0.860522270       1.20668403E-04
   6875.7664205240089       0.863297343       1.22362791E-04
   6878.2236276621707       0.878707707       1.23828751E-04
   6880.6808348003324       0.864624798       1.22582642E-04
   6883.1380419384950       0.877355635       1.23891077E-04
   6885.5952490766567       0.856929600       1.20843069E-04
   6888.0524562148184       0.849333107       1.21393772E-04
   6890.5096633529802       0.896129549       1.25554157E-04
   6892.9668704911419       0.870589375       1.23495149E-04
   6895.4240776293036       0.877572238       1.24100145E-04
   6897.8812847674662       0.861667395       1.21341698E-04
   6900.3384919056280       0.846732020       1.21294026E-04
   6902.7956990437897       0.927294195       1.31010689E-04
   6905.2529061819514       0.975617647       1.37175579E-04
   6907.7101133201131       0.972854078       1.37422801E-04
   6910.1673204582748       0.953704953       1.34642483E-04
   6912.6245275964375       0.921969712       1.30517554E-04
   6915.0817347345992       0.897765279       1.26977524E-04
   6917.5389418727609       0.879865170       1.24994811E-04
   6919.9961490109226       0.923752129       1.32050511E-04
   6922.4533561490844        1.05090177       1.48338062E-04
   6924.9105632872470        1.11101460       1.55384827E-04
   6927.3677704254078        1.07122171       1.52343739E-04
   6929.8249775635704        1.11352336       1.58555515E-04
   6932.2821847017321        1.18226242       1.65446967E-04
   6934.7393918398939        1.15223968       1.63990204E-04
   6937.1965989780556        1.21461499       1.72756190E-04
   6939.6538061162173        1.31411934       1.85311990E-04
   6942.1110132543799        1.38048708       1.95233544E-04
   6944.5682203925408        1.43455064       2.02333278E-04
   6947.0254275307034        1.43178380       2.01317584E-04
   6949.4826346688651        1.35916054       1.92776381E-04
   6951.9398418070268        1.33351243       1.88984195E-04
   6954.3970489451885        1.32303131       1.87015321E-04
   6956.8542560833503        1.32583833       1.88411199E-04
   6959.3114632215129        1.39798403       1.98331123E-04
   6961.7686703596746        1.48312747       2.08328071E-04
   6964.2258774978363        1.45749879       2.05585675E-04
   6966.6830846359981        1.42166793       2.02148833E-04
   6969.1402917741598        1.46218383       2.07368837E-04
   6971.5974989123215        1.53648198       2.17012828E-04
   6974.0547060504832        1.57414472       2.21848910E-04
   6976.5119131886458        1.56161118       2.20810500E-04
   6978.9691203268076        1.55940783       2.21311333E-04
   6981.4263274649693        1.60789192       2.27060853E-04
   6983.8835346031310        1.59939420       2.24718460E-04
   6986.3407417412927        1.52065349       2.16415749E-04
   6988.7979488794554        1.54149210       2.18468907E-04
   6991.2551560176171        1.57069361       2.21427414E-04
   6993.7123631557788        1.56619895       2.21832044E-04
   6996.1695702939405        1.58221388       2.23884097E-04
   6998.6267774321022        1.61013389       2.27697368E-04
   7001.0839845702640        1.62288702       2.29172787E-04
   7003.5411917084257        1.64994681       2.35131651E-04
   7005.9983988465883        1.77713013       2.50430341E-04
   7008.4556059847500        1.82277989       2.57519889E-04
   7010.9128131229118        1.87003040       2.64422444E-04
   7013.3700202610735        1.86912012       2.63090449E-04
   7015.8272273992352        1.84397805       2.63087742E-04
   7018.2844345373978        1.93962407       2.72858830E-04
   7020.7416416755586        1.93044412       2.73425365E-04
   7023.1988488137213        2.00556636       2.85869930E-04
   7025.6560559518830        2.18583226       3.08176153E-04
   7028.1132630900447        2.29906726       3.25168541E-04
   7030.5704702282064        2.40413857       3.39614722E-04
   7033.0276773663682        2.47201681       3.49329319E-04
   7035.4848845045308        2.52934766       3.57820332E-04
   7037.9420916426916        2.57218528       3.62837483E-04
   7040.3992987808542        2.56624532       3.63603613E-04
   7042.8565059190159        2.60920382       3.68727779E-04
   7045.3137130571777        2.58359456       3.62666440E-04
   7047.7709201953394        2.34797978       3.30350158E-04
   7050.2281273335011        1.96548021       2.78191088E-04
   7052.6853344716637        1.52860212       2.17782348E-04
   7055.1425416098255        1.13750446       1.64874422E-04
   7057.5997487479872       0.964952707       1.39016964E-04
   7060.0569558861489       0.950748444       1.35187758E-04
   7062.5141630243106       0.989421725       1.39860291E-04
   7064.9713701624732        1.00522745       1.41744036E-04
   7067.4285773006350        1.02849317       1.46859107E-04
   7069.8857844387967        1.11222303       1.55888119E-04
   7072.3429915769584        1.10600209       1.57034563E-04
   7074.8001987151201        1.15749156       1.63968551E-04
   7077.2574058532819        1.20128345       1.69480874E-04
   7079.7146129914436        1.22762239       1.73104359E-04
   7082.1718201296062        1.17356038       1.64229205E-04
   7084.6290272677679        1.02999902       1.47016515E-04
   7087.0862344059296       0.964772344       1.36672243E-04
   7089.5434415440914       0.900602341       1.27165549E-04
   7092.0006486822531       0.845705867       1.21046854E-04
   7094.4578558204148       0.895948052       1.27205509E-04
   7096.9150629585765       0.945281208       1.32442976E-04
   7099.3722700967392       0.932616591       1.32967718E-04
   7101.8294772349009        1.00435507       1.42528050E-04
   7104.2866843730626        1.07340193       1.50721418E-04
   7106.7438915112243        1.07606792       1.52162451E-04
   7109.2010986493860        1.07661498       1.52422828E-04
   7111.6583057875478        1.10271716       1.56674316E-04
   7114.1155129257095        1.16675782       1.64560712E-04
   7116.5727200638721        1.18647039       1.67064951E-04
   7119.0299272020338        1.14738035       1.61479722E-04
   7121.4871343401956        1.05305886       1.49071639E-04
   7123.9443414783573       0.969002724       1.37232564E-04
   7126.4015486165190       0.883400023       1.25126404E-04
   7128.8587557546816       0.840821803       1.20484125E-04
   7131.3159628928424       0.875901937       1.22840458E-04
   7133.7731700310051       0.855021656       1.21684854E-04
   7136.2303771691668       0.886385441       1.25110455E-04
   7138.6875843073285       0.895972431       1.27081978E-04
   7141.1447914454911       0.939551353       1.32650559E-04
   7143.6019985836519       0.944741130       1.33292124E-04
   7146.0592057218146       0.956382155       1.35921102E-04
   7148.5164128599763       0.994227469       1.40489035E-04
   7150.9736199981380        1.04329681       1.47893996E-04
   7153.4308271362997        1.07134819       1.49747386E-04
   7155.8880342744615        1.00328195       1.42768156E-04
   7158.3452414126241       0.990892887       1.40082455E-04
   7160.8024485507858       0.977849066       1.38807300E-04
   7163.2596556889475       0.997158885       1.40494696E-04
   7165.7168628271093       0.980355263       1.39232594E-04
   7168.1740699652710        1.02061462       1.44685153E-04
   7170.6312771034327        1.06424439       1.50198379E-04
   7173.0884842415944        1.08262062       1.52490466E-04
   7175.5456913797570        1.08076417       1.54402645E-04
   7178.0028985179188        1.18022013       1.66322177E-04
   7180.4601056560805        1.21164382       1.70895335E-04
   7182.9173127942422        1.21449566       1.71134874E-04
   7185.3745199324039        1.19631231       1.70989268E-04
   7187.8317270705656        1.29217398       1.81573618E-04
   7190.2889342087274        1.27632368       1.80202886E-04
   7192.7461413468900        1.25902760       1.77421884E-04
   7195.2033484850517        1.17053437       1.65823410E-04
   7197.6605556232134        1.14946640       1.63872086E-04
   7200.1177627613752        1.16366208       1.63349061E-04
   7202.5749698995369        1.13612461       1.61953023E-04
   7205.0321770376986        1.19954085       1.70467814E-04
   7207.4893841758603        1.29519343       1.82034666E-04
   7209.9465913140230        1.30420268       1.84462173E-04
   7212.4037984521847        1.33934307       1.90170656E-04
   7214.8610055903464        1.40165603       1.97521891E-04
   7217.3182127285090        1.41181207       1.99338960E-04
   7219.7754198666698        1.42366922       2.02660900E-04
   7222.2326270048325        1.51860499       2.14413609E-04
   7224.6898341429942        1.56264925       2.20068949E-04
   7227.1470412811559        1.54509091       2.18162691E-04
   7229.6042484193176        1.51968062       2.15988373E-04
   7232.0614555574793        1.56445897       2.20975751E-04
   7234.5186626956420        1.58527088       2.24531643E-04
   7236.9758698338028        1.64579582       2.33171435E-04
   7239.4330769719654        1.72260022       2.43814909E-04
   7241.8902841101271        1.81485224       2.56413332E-04
   7244.3474912482889        1.87726152       2.65718496E-04
   7246.8046983864506        1.97868168       2.80437816E-04
   7249.2619055246123        2.07349920       2.91653036E-04
   7251.7191126627749        2.07810473       2.94711441E-04
   7254.1763198009367        2.16594172       3.07503127E-04
   7256.6335269390984        2.28026867       3.20586114E-04
   7259.0907340772601        2.29684544       3.26173118E-04
   7261.5479412154218        2.38896728       3.36788769E-04
   7264.0051483535835        2.39352560       3.38496175E-04
   7266.4623554917453        2.41407323       3.40876693E-04
   7268.9195626299079        2.34873962       3.30983952E-04
   7271.3767697680696        2.27536154       3.24360910E-04
   7273.8339769062313        2.33032775       3.28583788E-04
   7276.2911840443930        2.37231731       3.38019687E-04
   7278.7483911825548        2.55432558       3.59875034E-04
   7281.2055983207165        2.62565660       3.71392263E-04
   7283.6628054588782        2.69496608       3.79616133E-04
   7286.1200125970408        2.65453243       3.76716664E-04
   7288.5772197352026        2.77508163       3.94844421E-04
   7291.0344268733643        2.98156953       4.20423719E-04
   7293.4916340115260        3.13453245       4.43977100E-04
   7295.9488411496877        3.28545761       4.63191711E-04
   7298.4060482878504        3.34123063       4.72413347E-04
   7300.8632554260121        3.40027404       4.81767027E-04
   7303.3204625641738        3.53884411       5.01627685E-04
   7305.7776697023355        3.72556043       5.25914889E-04
   7308.2348768404972        3.83332968       5.41555870E-04
   7310.6920839786590        3.89598632       5.50748315E-04
   7313.1492911168207        3.97683454       5.64174668E-04
   7315.6064982549833        4.13957644       5.83690300E-04
   7318.0637053931450        4.19467354       5.94673678E-04
   7320.5209125313067        4.37041426       6.17822341E-04
   7322.9781196694685        4.43364573       6.23962493E-04
   7325.4353268076302        4.36335564       6.19625731E-04
   7327.8925339457928        4.47705126       6.34346681E-04
   7330.3497410839536        4.63052034       6.53672148E-04
   7332.8069482221163        4.75182819       6.74342155E-04
   7335.2641553602780        4.97935534       7.01392477E-04
   7337.7213624984397        4.97473478       7.02222867E-04
   7340.1785696366014        4.91017056       6.94120768E-04
   7342.6357767747631        4.78739738       6.76647644E-04
   7345.0929839129258        4.70139599       6.67179527E-04
   7347.5501910510866        4.73840427       6.69746601E-04
   7350.0073981892492        4.77595711       6.76126394E-04
   7352.4646053274109        4.83127117       6.82240701E-04
   7354.9218124655727        4.85737133       6.88835979E-04
   7357.3790196037344        4.99959230       7.06761144E-04
   7359.8362267418961        5.14583921       7.29677442E-04
   7362.2934338800587        5.39284849       7.60741241E-04
   7364.7506410182204        5.47636700       7.73709500E-04
   7367.2078481563822        5.49379969       7.74863234E-04
   7369.6650552945439        5.38683844       7.63788470E-04
   7372.1222624327056        5.41363573       7.63823569E-04
   7374.5794695708682        5.27658367       7.47018843E-04
   7377.0366767090300        5.33054399       7.58315786E-04
   7379.4938838471917        5.54785061       7.80435919E-04
   7381.9510909853534        5.52331877       7.81689247E-04
   7384.4082981235151        5.53596687       7.82728544E-04
   7386.8655052616768        5.50902748       7.78235204E-04
   7389.3227123998386        5.46511364       7.74134882E-04
   7391.7799195380012        5.44337893       7.67045189E-04
   7394.2371266761629        5.28260183       7.49960775E-04
   7396.6943338143246        5.34636068       7.56755646E-04
   7399.1515409524864        5.37583113       7.58003385E-04
   7401.6087480906481        5.31768942       7.53822329E-04
   7404.0659552288098        5.35305166       7.56529975E-04
   7406.5231623669715        5.36434126       7.59034592E-04
   7408.9803695051341        5.40240431       7.63587886E-04
   7411.4375766432959        5.36938524       7.57418573E-04
   7413.8947837814576        5.24536657       7.43870100E-04
   7416.3519909196193        5.27632046       7.46431819E-04
   7418.8091980577810        5.25466347       7.40916992E-04
   7421.2664051959437        5.18359709       7.37723720E-04
   7423.7236123341045        5.41493702       7.64955417E-04
   7426.1808194722671        5.47879457       7.70934857E-04
   7428.6380266104288        5.37387371       7.62838230E-04
   7431.0952337485905        5.39427519       7.59983493E-04
   7433.5524408867523        5.22813082       7.40265124E-04
   7436.0096480249140        5.16506433       7.32030428E-04
   7438.4668551630766        5.18292379       7.32709828E-04
   7440.9240623012374        5.16797876       7.29409629E-04
   7443.3812694394001        5.07759476       7.19968171E-04
   7445.8384765775618        5.12901258       7.25166872E-04
   7448.2956837157235        5.12731791       7.24596728E-04
   7450.7528908538861        5.13724184       7.27256702E-04
   7453.2100979920478        5.14798450       7.26955652E-04
   7455.6673051302096        5.13658476       7.28218118E-04
   7458.1245122683713        5.23653126       7.40632240E-04
   7460.5817194065330        5.32705212       7.52736232E-04
   7463.0389265446947        5.37757587       7.60305207E-04
   7465.4961336828565        5.38699818       7.60251540E-04
   7467.9533408210191        5.29754496       7.50048028E-04
   7470.4105479591808        5.31600189       7.53795612E-04
   7472.8677550973425        5.41106749       7.63256568E-04
   7475.3249622355042        5.41007614       7.66653451E-04
   7477.7821693736660        5.50442505       7.78156449E-04
   7480.2393765118277        5.60109758       7.93734740E-04
   7482.6965836499894        5.76711607       8.12641578E-04
   7485.1537907881520        5.69318485       8.04290874E-04
   7487.6109979263138        5.62126780       7.96302513E-04
   7490.0682050644755        5.60799313       7.93660292E-04
   7492.5254122026372        5.69794846       8.07703938E-04
   7494.9826193407989        5.84295750       8.24359944E-04
   7497.4398264789606        5.91367722       8.38457490E-04
   7499.8970336171224        6.08129644       8.57410545E-04
   7502.3542407552850        6.02820969       8.51220102E-04
   7504.8114478934467        5.97222328       8.47811112E-04
   7507.2686550316084        6.09267759       8.60475993E-04
   7509.7258621697702        6.10986900       8.62659945E-04
   7512.1830693079319        6.04884577       8.55899008E-04
   7514.6402764460936        6.01729870       8.51303455E-04
   7517.0974835842553        6.03250885       8.53968260E-04
   7519.5546907224179        6.04713058       8.52920930E-04
   7522.0118978605797        5.98275042       8.49419739E-04
   7524.4691049987414        6.08930063       8.58536281E-04
   7526.9263121369040        6.06842709       8.62259767E-04
   7529.3835192750648        6.34667063       8.96755548E-04
   7531.8407264132275        6.45124388       9.10267758E-04
   7534.2979335513892        6.54644394       9.28892405E-04
   7536.7551406895509        6.72501040       9.47853026E-04
   7539.2123478277126        6.76575661       9.58688033E-04
   7541.6695549658743        6.84442616       9.64219566E-04
   7544.1267621040370        6.69917297       9.48278175E-04
   7546.5839692421978        6.60313702       9.33665026E-04
   7549.0411763803604        6.57341576       9.34249896E-04
   7551.4983835185221        6.78588724       9.55279684E-04
   7553.9555906566839        6.69700861       9.49488021E-04
   7556.4127977948456        6.86141729       9.71273868E-04
   7558.8700049330073        6.89675236       9.69729503E-04
   7561.3272120711699        6.67609739       9.46925429E-04
   7563.7844192093316        6.60147762       9.34063341E-04
   7566.2416263474934        6.61606693       9.37824138E-04
   7568.6988334856551        6.74404240       9.52892355E-04
   7571.1560406238168        6.81165266       9.62956343E-04
   7573.6132477619785        6.85542202       9.69626009E-04
   7576.0704549001402        6.92499542       9.80099314E-04
   7578.5276620383029        6.99296522       9.85417166E-04
   7580.9848691764637        6.74536610       9.49630688E-04
   7583.4420763146263        6.17847729       8.71746452E-04
   7585.8992834527880        5.38160038       7.60366966E-04
   7588.3564905909498        4.46573019       6.35855657E-04
   7590.8136977291124        3.78425574       5.41581656E-04
   7593.2709048672732        3.45674825       4.90067177E-04
   7595.7281120054358        3.20447946       4.54436406E-04
   7598.1853191435976        3.00058198       4.23178368E-04
   7600.6425262817593        2.75094700       3.92820046E-04
   7603.0997334199219        2.81682491       4.02294652E-04
   7605.5569405580827        3.16281557       4.50977212E-04
   7608.0141476962453        3.70215774       5.23219700E-04
   7610.4713548344071        4.12541914       5.83261426E-04
   7612.9285619725688        4.46688271       6.27936155E-04
   7615.3857691107305        4.49481344       6.34560187E-04
   7617.8429762488922        4.46333408       6.28655893E-04
   7620.3001833870549        4.11997223       5.77601197E-04
   7622.7573905252157        3.46181178       4.92473191E-04
   7625.2145976633783        2.94273114       4.20680240E-04
   7627.6718048015400        2.68559098       3.80996848E-04
   7630.1290119397017        2.50635314       3.56658042E-04
   7632.5862190778635        2.51183677       3.56594159E-04
   7635.0434262160252        2.55670476       3.59953556E-04
   7637.5006333541878        2.50273037       3.53799463E-04
   7639.9578404923486        2.46245718       3.49660055E-04
   7642.4150476305113        2.48789501       3.49820679E-04
   7644.8722547686730        2.35504174       3.32792493E-04
   7647.3294619068347        2.24862957       3.19392042E-04
   7649.7866690449964        2.17668581       3.06040398E-04
   7652.2438761831581        2.00339603       2.83631351E-04
   7654.7010833213208        1.80539238       2.54221784E-04
   7657.1582904594816        1.54257345       2.20232483E-04
   7659.6154975976442        1.39315474       1.97230940E-04
   7662.0727047358059        1.24593425       1.77794514E-04
   7664.5299118739676        1.27813327       1.84467193E-04
   7666.9871190121294        1.49959707       2.10924554E-04
   7669.4443261502911        1.62980306       2.30826903E-04
   7671.9015332884537        1.77416790       2.50737183E-04
   7674.3587404266145        1.88670969       2.66743300E-04
   7676.8159475647772        1.99542534       2.81979126E-04
   7679.2731547029389        2.05723429       2.89952295E-04
   7681.7303618411006        2.06858993       2.92840763E-04
   7684.1875689792632        2.08160210       2.93477526E-04
   7686.6447761174240        2.01894522       2.84487236E-04
   7689.1019832555867        1.87310517       2.64261529E-04
   7691.5591903937484        1.67991328       2.38185065E-04
   7694.0163975319101        1.52886808       2.17683642E-04
   7696.4736046700727        1.50070429       2.14228625E-04
   7698.9308118082336        1.60060525       2.26616801E-04
   7701.3880189463962        1.73326838       2.46898591E-04
   7703.8452260845579        1.98495305       2.81314686E-04
   7706.3024332227196        2.20539093       3.10594158E-04
   7708.7596403608813        2.33704162       3.30336276E-04
   7711.2168474990431        2.42867422       3.42840183E-04
   7713.6740546372057        2.51152349       3.56816803E-04
   7716.1312617753665        2.68706203       3.79713194E-04
   7718.5884689135291        2.83352304       4.01110476E-04
   7721.0456760516909        2.99758315       4.23381658E-04
   7723.5028831898526        3.10209751       4.38636547E-04
   7725.9600903280143        3.23678803       4.59212140E-04
   7728.4172974661760        3.43871522       4.85462719E-04
   7730.8745046043387        3.53950071       4.98524983E-04
   7733.3317117424995        3.52651119       5.00152004E-04
   7735.7889188806621        3.63240147       5.14021202E-04
   7738.2461260188238        3.66286612       5.13667066E-04
   7740.7033331569855        3.41533327       4.83212149E-04
   7743.1605402951473        3.19860125       4.54204652E-04
   7745.6177474333090        3.11117887       4.41240816E-04
   7748.0749545714716        3.09795618       4.37604642E-04
   7750.5321617096324        3.04984808       4.31750872E-04
   7752.9893688477950        3.05882096       4.33598150E-04
   7755.4465759859568        3.11837339       4.40888398E-04
   7757.9037831241185        3.19077229       4.52008389E-04
   7760.3609902622811        3.29863524       4.66149329E-04
   7762.8181974004419        3.39228272       4.80623276E-04
   7765.2754045386046        3.55594540       5.03055984E-04
   7767.7326116767663        3.66177940       5.15535357E-04
   7770.1898188149280        3.67329311       5.21525391E-04
   7772.6470259530906        3.74080873       5.25041076E-04
   7775.1042330912514        3.57953358       5.09099453E-04
   7777.5614402294141        3.64737058       5.16033673E-04
   7780.0186473675749        3.63111234       5.11306163E-04
   7782.4758545057375        3.56395674       5.06364624E-04
   7784.9330616438992        3.57440352       5.03750343E-04
   7787.3902687820610        3.56278300       5.07496821E-04
   7789.8474759202236        3.72486973       5.23499330E-04
   7792.3046830583844        3.65090466       5.16234490E-04
   7794.7618901965470        3.61206341       5.11819322E-04
   7797.2190973347087        3.63332725       5.15277206E-04
   7799.6763044728705        3.79739451       5.38840366E-04
   7802.1335116110322        4.08381414       5.80330263E-04
   7804.5907187491939        4.56943655       6.46970409E-04
   7807.0479258873565        4.92751789       6.91387220E-04
   7809.5051330255174        4.93045712       6.97172421E-04
   7811.9623401636800        4.95621252       7.02175195E-04
   7814.4195473018417        5.01564884       7.06833147E-04
   7816.8767544400034        4.89552069       6.91312831E-04
   7819.3339615781651        4.69409847       6.63103128E-04
   7821.7911687163269        4.46972466       6.34585158E-04
   7824.2483758544895        4.41784906       6.24815118E-04
   7826.7055829926503        4.32718992       6.11247728E-04
   7829.1627901308129        4.25284195       6.03851106E-04
   7831.6199972689747        4.32270956       6.11576834E-04
   7834.0772044071364        4.42794275       6.27058558E-04
   7836.5344115452981        4.57525158       6.46533037E-04
   7838.9916186834598        4.67614603       6.60972029E-04
   7841.4488258216224        4.76011133       6.73201226E-04
   7843.9060329597842        4.82683134       6.81955891E-04
   7846.3632400979459        4.85927105       6.87616121E-04
   7848.8204472361076        4.91482973       6.94577233E-04
   7851.2776543742693        4.91017485       6.93442766E-04
   7853.7348615124320        4.88946199       6.93697657E-04
   7856.1920686505928        4.99863243       7.05893093E-04
   7858.6492757887554        5.00362253       7.05884013E-04
   7861.1064829269171        4.87326050       6.87575142E-04
   7863.5636900650788        4.65897942       6.60938560E-04
   7866.0208972032406        4.61166954       6.53988041E-04
   7868.4781043414023        4.69980669       6.66274282E-04
   7870.9353114795649        4.86221457       6.85500330E-04
   7873.3925186177257        4.88874817       6.93145674E-04
   7875.8497257558884        5.09791660       7.23048986E-04
   7878.3069328940501        5.37204695       7.58417184E-04
   7880.7641400322118        5.56867361       7.86812627E-04
   7883.2213471703744        5.65658045       7.98342866E-04
   7885.6785543085352        5.70316648       8.08843703E-04
   7888.1357614466979        5.83519173       8.21755733E-04
   7890.5929685848587        5.69416046       8.03673291E-04
   7893.0501757230213        5.50870991       7.81299255E-04
   7895.5073828611830        5.42701674       7.66325684E-04
   7897.9645899993448        5.29608631       7.50153558E-04
   7900.4217971375074        5.22477865       7.38007599E-04
   7902.8790042756682        5.09936333       7.21800548E-04
   7905.3362114138308        5.00740767       7.06818013E-04
   7907.7934185519925        4.80088758       6.79539458E-04
   7910.2506256901543        4.74333858       6.75556017E-04
   7912.7078328283160        4.92047119       6.92725822E-04
   7915.1650399664777        4.88062572       6.90394605E-04
   7917.6222471046403        4.92085695       6.98274467E-04
   7920.0794542428021        5.04120922       7.10304070E-04
   7922.5366613809638        5.04064226       7.15696602E-04
   7924.9938685191255        5.26222181       7.45845959E-04
   7927.4510756572872        5.54465342       7.82954565E-04
   7929.9082827954498        5.70844030       8.05153803E-04
   7932.3654899336107        5.72598600       8.09053890E-04
   7934.8226970717733        5.61796904       7.90115097E-04
   7937.2799042099350        5.25673437       7.46358826E-04
   7939.7371113480967        5.09041786       7.19504023E-04
   7942.1943184862585        4.88119507       6.92593283E-04
   7944.6515256244202        4.92685080       7.00053119E-04
   7947.1087327625828        5.10645008       7.21152988E-04
   7949.5659399007436        5.31866264       7.56503257E-04
   7952.0231470389062        5.78207111       8.16453248E-04
   7954.4803541770680        5.95899343       8.34452396E-04
   7956.9375613152297        5.72214699       8.15896841E-04
   7959.3947684533914        5.92591858       8.37036408E-04
   7961.8519755915531        6.00006676       8.49433360E-04
   7964.3091827297158        6.25721979       8.88012873E-04
   7966.7663898678766        6.57623959       9.25712986E-04
   7969.2235970060392        6.55375290       9.22222564E-04
   7971.6808041442009        6.25156689       8.86244117E-04
   7974.1380112823626        6.06328678       8.55641963E-04
   7976.5952184205253        5.79499531       8.24086659E-04
   7979.0524255586861        5.82962036       8.22358881E-04
   7981.5096326968487        5.67256403       8.02950643E-04
   7983.9668398350095        5.64465570       7.99227390E-04
   7986.4240469731722        5.63734579       7.99175818E-04
   7988.8812541113339        5.84528303       8.27471435E-04
   7991.3384612494956        5.97278690       8.42280802E-04
   7993.7956683876582        6.08039904       8.63961119E-04
   7996.2528755258199        6.36717176       8.98430881E-04
   7998.7100826639817        6.53273106       9.24135209E-04
   8001.1672898021434        6.71982574       9.50978254E-04
   8003.6244969403051        6.93051767       9.79839941E-04
   8006.0817040784677        7.15128279       1.01270957E-03
   8008.5389112166285        7.38995647       1.04253041E-03
   8010.9961183547912        7.53791237       1.07006065E-03
   8013.4533254929529        7.86904192       1.10843324E-03
   8015.9105326311146        7.92807770       1.12454279E-03
   8018.3677397692763        8.23517036       1.16293563E-03
   8020.8249469074381        8.32110405       1.17636938E-03
   8023.2821540456007        8.54530144       1.21217815E-03
   8025.7393611837615        8.81432915       1.24199025E-03
   8028.1965683219241        9.00532055       1.28243584E-03
   8030.6537754600859        9.64476776       1.35802303E-03
   8033.1109825982476        9.73507786      -1.37674739E-03
