   5529.2169088113069        3.89849655E-02   5.77172432E-06
   5531.6741159494686        5.01481257E-02   6.48815785E-06
   5534.1313230876303        2.24714372E-02   3.67294933E-06
   5536.5885302257930        8.81654024E-03   1.67991254E-06
   5539.0457373639547        3.02631743E-02   4.81402185E-06
   5541.5029445021164        4.91436236E-02   6.12589429E-06
   5543.9601516402781        2.51295734E-02   4.39723544E-06
   5546.4173587784398        4.56866771E-02   5.99023770E-06
   5548.8745659166016        1.79792251E-02   3.31240540E-06
   5551.3317730547642        2.67334469E-02   4.42295686E-06
   5553.7889801929259        4.50227596E-02   5.93017421E-06
   5556.2461873310876        4.59584147E-02   6.74373996E-06
   5558.7033944692494        5.13584465E-02   7.00633291E-06
   5561.1606016074111        4.94812578E-02   7.26920689E-06
   5563.6178087455728        5.66078685E-02   7.70054066E-06
   5566.0750158837354        5.41192107E-02   8.24710605E-06
   5568.5322230218972        9.33252051E-02   1.31837351E-05
   5570.9894301600589        9.99430567E-02   1.37191146E-05
   5573.4466372982206        9.86679867E-02   1.46772518E-05
   5575.9038444363823       0.141771033       2.00374961E-05
   5578.3610515745440       0.162824348       2.24555297E-05
   5580.8182587127058       0.133576781       1.86774359E-05
   5583.2754658508684       0.101835079       1.53788715E-05
   5585.7326729890301       0.134662598       1.89681159E-05
   5588.1898801271918       0.141175136       1.97356421E-05
   5590.6470872653535       0.149627984       2.15263372E-05
   5593.1042944035153       0.154803634       2.09260470E-05
   5595.5615015416770       0.108428806       1.62601264E-05
   5598.0187086798396       0.123790279       1.77434322E-05
   5600.4759158180013       0.139738768       1.95230296E-05
   5602.9331229561631       0.141517341       1.98366834E-05
   5605.3903300943248       0.124433875       1.76479625E-05
   5607.8475372324865       0.124323837       1.80633615E-05
   5610.3047443706482       0.145915374       2.02632982E-05
   5612.7619515088109       0.135911241       1.90472365E-05
   5615.2191586469726       0.119159721       1.71057054E-05
   5617.6763657851343       0.114411846       1.60606687E-05
   5620.1335729232960       0.110752709       1.61047647E-05
   5622.5907800614577       0.129818246       1.78891332E-05
   5625.0479871996195       0.111562259       1.59118754E-05
   5627.5051943377821       0.107993536       1.54114823E-05
   5629.9624014759438       0.112241112       1.60801483E-05
   5632.4196086141055       0.132648915       1.85430072E-05
   5634.8768157522672       0.122225642       1.70794483E-05
   5637.3340228904290       0.111885972       1.62400938E-05
   5639.7912300285907       0.120508201       1.68727238E-05
   5642.2484371667524       0.127789780       1.84351520E-05
   5644.7056443049150       0.151819438       2.11483966E-05
   5647.1628514430768       0.147016838       2.06776658E-05
   5649.6200585812385       0.137941435       1.96012079E-05
   5652.0772657194002       0.136526570       1.95028861E-05
   5654.5344728575619       0.151126549       2.13340572E-05
   5656.9916799957236       0.151602596       2.12043851E-05
   5659.4488871338863       0.151301205       2.19624890E-05
   5661.9060942720480       0.179297745       2.48561082E-05
   5664.3633014102097       0.160461172       2.23981588E-05
   5666.8205085483714       0.122429475       1.76596805E-05
   5669.2777156865332       0.117298990       1.73896133E-05
   5671.7349228246949       0.154704079       2.12601426E-05
   5674.1921299628575       0.141037852       2.01796738E-05
   5676.6493371010192       0.155084535       2.20702404E-05
   5679.1065442391809       0.159392759       2.22942508E-05
   5681.5637513773427       0.166112661       2.39876554E-05
   5684.0209585155044       0.192154229       2.68258300E-05
   5686.4781656536661       0.196316525       2.77847957E-05
   5688.9353727918278       0.194836721       2.72961970E-05
   5691.3925799299905       0.181194603       2.58958644E-05
   5693.8497870681522       0.183613837       2.57779757E-05
   5696.3069942063139       0.170010060       2.40803201E-05
   5698.7642013444756       0.163824052       2.33315877E-05
   5701.2214084826373       0.172137409       2.46265881E-05
   5703.6786156207991       0.196595579       2.75442235E-05
   5706.1358227589617       0.196278766       2.77473537E-05
   5708.5930298971234       0.200172082       2.82571527E-05
   5711.0502370352851       0.191135243       2.68556360E-05
   5713.5074441734469       0.175217390       2.49035602E-05
   5715.9646513116086       0.166858271       2.36637934E-05
   5718.4218584497703       0.158992246       2.23649331E-05
   5720.8790655879329       0.156891093       2.28285317E-05
   5723.3362727260946       0.184220985       2.53129583E-05
   5725.7934798642564       0.165226877       2.40172558E-05
   5728.2506870024181       0.195383951       2.73795467E-05
   5730.7078941405798       0.184689313       2.59401877E-05
   5733.1651012787415       0.179313868       2.56845378E-05
   5735.6223084169033       0.187228248       2.65028339E-05
   5738.0795155550659       0.198420271       2.77492090E-05
   5740.5367226932276       0.180503994       2.56165931E-05
   5742.9939298313893       0.177474886       2.52260270E-05
   5745.4511369695510       0.180113912       2.57602551E-05
   5747.9083441077128       0.211818904       2.99257608E-05
   5750.3655512458745       0.211713552       2.93267749E-05
   5752.8227583840371       0.194393009       2.82914498E-05
   5755.2799655221988       0.216197401       2.99555741E-05
   5757.7371726603606       0.195105731       2.78469579E-05
   5760.1943797985223       0.200492978       2.84972430E-05
   5762.6515869366840       0.196890950       2.74102531E-05
   5765.1087940748457       0.181144044       2.61710356E-05
   5767.5660012130083       0.188747287       2.61378027E-05
   5770.0232083511701       0.167030886       2.42429342E-05
   5772.4804154893318       0.197800457       2.81910106E-05
   5774.9376226274935       0.215804428       2.98972391E-05
   5777.3948297656552       0.203820109       2.92095519E-05
   5779.8520369038170       0.217745095       3.08356466E-05
   5782.3092440419787       0.229360566       3.22925334E-05
   5784.7664511801413       0.233622357       3.29939976E-05
   5787.2236583183030       0.217352360       3.01866839E-05
   5789.6808654564647       0.188207775       2.78807729E-05
   5792.1380725946265       0.234839097       3.25681103E-05
   5794.5952797327882       0.225222602       3.21663829E-05
   5797.0524868709508       0.249648273       3.52539282E-05
   5799.5096940091125       0.249834388       3.51870985E-05
   5801.9669011472743       0.251993507       3.55987358E-05
   5804.4241082854360       0.242250249       3.43470383E-05
   5806.8813154235977       0.242113471       3.39309481E-05
   5809.3385225617594       0.214805454       3.07245900E-05
   5811.7957296999211       0.224334493       3.18677521E-05
   5814.2529368380838       0.223202556       3.12321572E-05
   5816.7101439762455       0.211232856       3.00238444E-05
   5819.1673511144072       0.204624966       2.90803837E-05
   5821.6245582525689       0.214233905       3.02250155E-05
   5824.0817653907307       0.202948421       2.84080106E-05
   5826.5389725288924       0.190933347       2.77596027E-05
   5828.9961796670550       0.227451593       3.20394465E-05
   5831.4533868052167       0.235680640       3.27585258E-05
   5833.9105939433784       0.212398633       3.03875022E-05
   5836.3678010815402       0.213209316       3.01063501E-05
   5838.8250082197019       0.203106433       2.85917522E-05
   5841.2822153578636       0.195618197       2.80865916E-05
   5843.7394224960262       0.208269462       2.89996769E-05
   5846.1966296341880       0.181233197       2.55100240E-05
   5848.6538367723497       0.156084955       2.26364537E-05
   5851.1110439105114       0.163915351       2.30498899E-05
   5853.5682510486731       0.162287161       2.29777725E-05
   5856.0254581868348       0.161185563       2.25890581E-05
   5858.4826653249966       0.139031157       1.96303445E-05
   5860.9398724631592       0.164061606       1.84437595E-05
   5863.3970796013209       0.139171019       1.93326396E-05
   5865.8542867394826       0.138961300       2.02057436E-05
   5868.3114938776444       0.171223283       2.37960448E-05
   5870.7687010158061       0.160277784       2.25665099E-05
   5873.2259081539678       0.152093247       2.16050084E-05
   5875.6831152921304       0.138666183       1.95748871E-05
   5878.1403224302921       0.142879501       2.07669127E-05
   5880.5975295684539       0.156465188       2.10872531E-05
   5883.0547367066156       0.111945376       1.67209255E-05
   5885.5119438447773       0.130017236       1.86456709E-05
   5887.9691509829390       0.138501763       1.88649065E-05
   5890.4263581211017       0.101364419       1.45289905E-05
   5892.8835652592634        7.66855255E-02   1.16312567E-05
   5895.3407723974251       0.116463803       1.68558036E-05
   5897.7979795355868       0.134457409       1.79101007E-05
   5900.2551866737485       0.100787573       1.53501223E-05
   5902.7123938119103       0.140739620       1.98543967E-05
   5905.1696009500720       0.144274682       1.99196693E-05
   5907.6268080882346       0.138099104       2.02160700E-05
   5910.0840152263963       0.163226783       2.25583935E-05
   5912.5412223645581       0.150737360       2.13487274E-05
   5914.9984295027198       0.141270489       2.00235827E-05
   5917.4556366408815       0.136827737       1.95401826E-05
   5919.9128437790432       0.144763321       2.03222462E-05
   5922.3700509172058       0.137898162       1.95085468E-05
   5924.8272580553676       0.139561623       1.99152655E-05
   5927.2844651935293       0.144439727       2.02410702E-05
   5929.7416723316910       0.147002235       2.10882627E-05
   5932.1988794698527       0.157817483       2.18790519E-05
   5934.6560866080144       0.149423122       2.16900335E-05
   5937.1132937461771       0.176056042       2.45363535E-05
   5939.5705008843388       0.165285796       2.33470055E-05
   5942.0277080225005       0.165634289       2.36772939E-05
   5944.4849151606622       0.171001911       2.39663823E-05
   5946.9421222988240       0.170594320       2.43640134E-05
   5949.3993294369857       0.186180577       2.63763104E-05
   5951.8565365751474       0.193708077       2.68562253E-05
   5954.3137437133100       0.166355297       2.38553530E-05
   5956.7709508514718       0.166355237       2.36297437E-05
   5959.2281579896335       0.163863316       2.30534260E-05
   5961.6853651277952       0.163783684       2.34278741E-05
   5964.1425722659569       0.174755394       2.45301635E-05
   5966.5997794041186       0.174727112       2.47559619E-05
   5969.0569865422813       0.178900778       2.53328326E-05
   5971.5141936804430       0.180052519       2.51836536E-05
   5973.9714008186047       0.159480989       2.25971562E-05
   5976.4286079567664       0.149847403       2.15438813E-05
   5978.8858150949281       0.155334681       2.15983964E-05
   5981.3430222330899       0.137617201       1.96990604E-05
   5983.8002293712525       0.144801840       2.08933725E-05
   5986.2574365094142       0.180016488       2.55918985E-05
   5988.7146436475759       0.205561265       2.84153884E-05
   5991.1718507857377       0.183688030       2.61216155E-05
   5993.6290579238994       0.178781152       2.54970091E-05
   5996.0862650620611       0.181676045       2.55767263E-05
   5998.5434722002228       0.178473905       2.51738911E-05
   6001.0006793383855       0.168251976       2.38286957E-05
   6003.4578864765472       0.164215818       2.32920611E-05
   6005.9150936147089       0.162429750       2.30689220E-05
   6008.3723007528706       0.178274229       2.54882689E-05
   6010.8295078910323       0.191736504       2.64228256E-05
   6013.2867150291941       0.174984917       2.56091589E-05
   6015.7439221673567       0.218224123       3.06759503E-05
   6018.2011293055184       0.219337434       3.03568249E-05
   6020.6583364436801       0.180393964       2.57665961E-05
   6023.1155435818418       0.172292143       2.53058315E-05
   6025.5727507200036       0.210557535       2.88049378E-05
   6028.0299578581653       0.180189088       2.61397799E-05
   6030.4871649963279       0.208231449       2.95355403E-05
   6032.9443721344896       0.208316594       2.90219541E-05
   6035.4015792726514       0.206161752       2.97025545E-05
   6037.8587864108131       0.213899076       2.95593054E-05
   6040.3159935489748       0.196848243       2.86417289E-05
   6042.7732006871365       0.229731783       3.23021159E-05
   6045.2304078252982       0.239481941       3.36908233E-05
   6047.6876149634609       0.239104435       3.38309837E-05
   6050.1448221016226       0.244665697       3.48036956E-05
   6052.6020292397843       0.249725595       3.46418346E-05
   6055.0592363779460       0.219916657       3.19094033E-05
   6057.5164435161078       0.249322191       3.50207301E-05
   6059.9736506542704       0.234242946       3.27872840E-05
   6062.4308577924321       0.227312759       3.29971008E-05
   6064.8880649305938       0.245926425       3.38152640E-05
   6067.3452720687555       0.226150498       3.31223091E-05
   6069.8024792069173       0.275360048       3.83982297E-05
   6072.2596863450790       0.272127181       3.85213134E-05
   6074.7168934832407       0.278232574       3.91525609E-05
   6077.1741006214033       0.261975467       3.72254872E-05
   6079.6313077595651       0.271825075       3.86182364E-05
   6082.0885148977268       0.281007439       3.97097137E-05
   6084.5457220358885       0.295541823       4.14839342E-05
   6087.0029291740502       0.260806888       3.66019813E-05
   6089.4601363122119       0.254064232       3.75829004E-05
   6091.9173434503737       0.299715459       4.01128236E-05
   6094.3745505885363       0.225258395       3.39661419E-05
   6096.8317577266980       0.281165272       3.88662847E-05
   6099.2889648648597       0.241624862       3.45774170E-05
   6101.7461720030215       0.257469356       3.67063258E-05
   6104.2033791411832       0.259227872       3.65956839E-05
   6106.6605862793458       0.280943781       3.96018331E-05
   6109.1177934175075       0.256075323       3.57589051E-05
   6111.5750005556692       0.218619093       3.12197335E-05
   6114.0322076938310       0.195787191       2.83885020E-05
   6116.4894148319927       0.235638186       3.32980162E-05
   6118.9466219701544       0.233881429       3.23982058E-05
   6121.4038291083161       0.206218824       2.96055296E-05
   6123.8610362464788       0.203149930       2.89681066E-05
   6126.3182433846405       0.221546516       3.11866461E-05
   6128.7754505228022       0.214629158       3.01179043E-05
   6131.2326576609639       0.204601943       2.91950528E-05
   6133.6898647991256       0.200945511       2.82387700E-05
   6136.1470719372874       0.200357407       2.87921448E-05
   6138.6042790754491       0.214348748       2.96516282E-05
   6141.0614862136117       0.191070929       2.75554630E-05
   6143.5186933517734       0.206314817       2.89811396E-05
   6145.9759004899352       0.189809069       2.65974304E-05
   6148.4331076280969       0.175245404       2.53236412E-05
   6150.8903147662586       0.180655614       2.50817448E-05
   6153.3475219044212       0.168060645       2.43722898E-05
   6155.8047290425829       0.196614176       2.75927923E-05
   6158.2619361807447       0.185378388       2.56122821E-05
   6160.7191433189064       0.153447181       2.26182328E-05
   6163.1763504570681       0.175721511       2.44868315E-05
   6165.6335575952298       0.162410840       2.28893095E-05
   6168.0907647333916       0.155419454       2.23167954E-05
   6170.5479718715542       0.163226143       2.29053512E-05
   6173.0051790097159       0.162546933       2.30755359E-05
   6175.4623861478776       0.167401478       2.36393043E-05
   6177.9195932860393       0.163402528       2.28677782E-05
   6180.3768004242011       0.151770502       2.19191243E-05
   6182.8340075623637       0.170818105       2.40899990E-05
   6185.2912147005254       0.182466924       2.58436739E-05
   6187.7484218386871       0.186377928       2.57586053E-05
   6190.2056289768489       0.155039325       2.25756085E-05
   6192.6628361150106       0.176188096       2.50444900E-05
   6195.1200432531723       0.181911781       2.52006048E-05
   6197.5772503913340       0.158423960       2.24951236E-05
   6200.0344575294966       0.143218666       2.06955046E-05
   6202.4916646676584       0.158307269       2.21504470E-05
   6204.9488718058201       0.147161245       2.08131805E-05
   6207.4060789439818       0.149269104       2.13808980E-05
   6209.8632860821435       0.155106768       2.15979690E-05
   6212.3204932203053       0.149130344       2.14462871E-05
   6214.7777003584670       0.164402157       2.31222839E-05
   6217.2349074966296       0.163474545       2.28754325E-05
   6219.6921146347913       0.150798798       2.15890723E-05
   6222.1493217729530       0.159684077       2.26794691E-05
   6224.6065289111148       0.164618388       2.28898680E-05
   6227.0637360492765       0.145939723       2.08700640E-05
   6229.5209431874382       0.149168879       2.13462481E-05
   6231.9781503256008       0.162384555       2.27338151E-05
   6234.4353574637626       0.159867540       2.26679877E-05
   6236.8925646019243       0.167230368       2.38367775E-05
   6239.3497717400860       0.178713605       2.49630848E-05
   6241.8069788782477       0.172396719       2.45399024E-05
   6244.2641860164094       0.172220632       2.40611280E-05
   6246.7213931545721       0.153097659       2.19396388E-05
   6249.1786002927338       0.161078349       2.29701018E-05
   6251.6358074308955       0.173119605       2.43473987E-05
   6254.0930145690572       0.179513425       2.53714425E-05
   6256.5502217072190       0.179300562       2.52954360E-05
   6259.0074288453807       0.182545885       2.60256438E-05
   6261.4646359835424       0.193886876       2.72174984E-05
   6263.9218431217050       0.191637218       2.71260233E-05
   6266.3790502598667       0.192940757       2.73473670E-05
   6268.8362573980285       0.198577330       2.81722350E-05
   6271.2934645361902       0.214324594       3.03898487E-05
   6273.7506716743519       0.222331598       3.09633069E-05
   6276.2078788125136       0.204564974       2.93458306E-05
   6278.6650859506763       0.220709682       3.13110468E-05
   6281.1222930888380       0.229817823       3.21800144E-05
   6283.5795002269997       0.226866826       3.24074681E-05
   6286.0367073651614       0.244560570       3.45832887E-05
   6288.4939145033231       0.260221720       3.67311295E-05
   6290.9511216414849       0.263248742       3.68824840E-05
   6293.4083287796475       0.244267270       3.47420646E-05
   6295.8655359178092       0.246530488       3.51742747E-05
   6298.3227430559709       0.266515106       3.76226562E-05
   6300.7799501941327       0.277375102       3.90094247E-05
   6303.2371573322944       0.271189690       3.83593833E-05
   6305.6943644704561       0.272555739       3.87867913E-05
   6308.1515716086178       0.286996603       4.05236824E-05
   6310.6087787467804       0.299692333       4.24732061E-05
   6313.0659858849422       0.310767204       4.35743787E-05
   6315.5231930231039       0.295630038       4.19660282E-05
   6317.9804001612656       0.302151710       4.30417567E-05
   6320.4376072994273       0.316112012       4.42549099E-05
   6322.8948144375890       0.306789756       4.37692906E-05
   6325.3520215757508       0.330754012       4.70430423E-05
   6327.8092287139134       0.364295304       5.12549886E-05
   6330.2664358520751       0.367390364       5.14709063E-05
   6332.7236429902368       0.343945712       4.90691200E-05
   6335.1808501283986       0.356259078       5.05613025E-05
   6337.6380572665603       0.373337954       5.26910117E-05
   6340.0952644047229       0.386162609       5.46246847E-05
   6342.5524715428846       0.397973388       5.63771173E-05
   6345.0096786810464       0.421678245       5.97251601E-05
   6347.4668858192081       0.437681913       6.13894445E-05
   6349.9240929573698       0.416229248       5.87360992E-05
   6352.3813000955315       0.389159441       5.53406389E-05
   6354.8385072336932       0.393673897       5.61633751E-05
   6357.2957143718559       0.422250360       5.92096039E-05
   6359.7529215100176       0.403949380       5.68499891E-05
   6362.2101286481793       0.381442875       5.45230178E-05
   6364.6673357863410       0.394334972       5.56651357E-05
   6367.1245429245027       0.400873125       5.68038922E-05
   6369.5817500626654       0.417219967       5.89627598E-05
   6372.0389572008271       0.421079218       5.92769902E-05
   6374.4961643389888       0.412697434       5.85281668E-05
   6376.9533714771505       0.407901675       5.73834695E-05
   6379.4105786153123       0.386017203       5.48264870E-05
   6381.8677857534740       0.380749732       5.37904416E-05
   6384.3249928916357       0.370053500       5.24834759E-05
   6386.7822000297983       0.381415099       5.43676615E-05
   6389.2394071679601       0.419202030       5.92762699E-05
   6391.6966143061218       0.444172740       6.22836451E-05
   6394.1538214442835       0.428218216       6.05554633E-05
   6396.6110285824452       0.421699852       5.98851366E-05
   6399.0682357206069       0.421073407       5.92170036E-05
   6401.5254428587687       0.405806333       5.77560895E-05
   6403.9826499969313       0.418663740       5.92768265E-05
   6406.4398571350930       0.429644644       6.06020440E-05
   6408.8970642732547       0.432472318       6.11684372E-05
   6411.3542714114164       0.428704321       6.03127082E-05
   6413.8114785495782       0.402567327       5.70524317E-05
   6416.2686856877408       0.398288399       5.68839860E-05
   6418.7258928259025       0.421216756       5.91096214E-05
   6421.1830999640642       0.413436353       5.86342030E-05
   6423.6403071022260       0.417666763       5.88622097E-05
   6426.0975142403877       0.401459724       5.68566575E-05
   6428.5547213785494       0.407703698       5.81148925E-05
   6431.0119285167111       0.427797467       5.99329214E-05
   6433.4691356548738       0.412596256       5.84913432E-05
   6435.9263427930355       0.410203010       5.81257482E-05
   6438.3835499311972       0.413758278       5.85112357E-05
   6440.8407570693589       0.419635743       5.93943114E-05
   6443.2979642075206       0.426104665       6.02187720E-05
   6445.7551713456824       0.435706526       6.18772174E-05
   6448.2123784838450       0.460419685       6.49269350E-05
   6450.6695856220067       0.460568726       6.47098859E-05
   6453.1267927601684       0.435277343       6.17407932E-05
   6455.5839998983301       0.428594410       6.09755953E-05
   6458.0412070364919       0.450815767       6.38953788E-05
   6460.4984141746536       0.469783872       6.58654753E-05
   6462.9556213128162       0.446370631       6.31841031E-05
   6465.4128284509779       0.442072958       6.30981522E-05
   6467.8700355891397       0.468240857       6.58420249E-05
   6470.3272427273014       0.462440938       6.52532544E-05
   6472.7844498654631       0.453060150       6.42099258E-05
   6475.2416570036248       0.444168657       6.25388420E-05
   6477.6988641417865       0.426010817       6.07608999E-05
   6480.1560712799492       0.447777659       6.34117459E-05
   6482.6132784181109       0.465053946       6.55761178E-05
   6485.0704855562726       0.478778690       6.80149897E-05
   6487.5276926944343       0.504933059       7.10040476E-05
   6489.9848998325961       0.494510293       6.98127187E-05
   6492.4421069707587       0.500729084       7.18454758E-05
   6494.8993141089204       0.566219687       7.95530577E-05
   6497.3565212470821       0.577070177       8.12445214E-05
   6499.8137283852438       0.572743773       8.12181534E-05
   6502.2709355234056       0.587037981       8.35035971E-05
   6504.7281426615673       0.643858254       9.11338138E-05
   6507.1853497997290       0.670251131       9.37904333E-05
   6509.6425569378916       0.653195083       9.32861949E-05
   6512.0997640760534       0.686068296       9.63957791E-05
   6514.5569712142151       0.680452704       9.70609035E-05
   6517.0141783523768       0.759812474       1.08032822E-04
   6519.4713854905385       0.820858359       1.14673363E-04
   6521.9285926287002       0.822674870       1.17844575E-04
   6524.3857997668620       0.919722915       1.29447697E-04
   6526.8430069050246       0.925936401       1.29748994E-04
   6529.3002140431863       0.890005946       1.27397114E-04
   6531.7574211813480       0.959085524       1.35697366E-04
   6534.2146283195098        1.01634562       1.43503683E-04
   6536.6718354576715        1.06085908       1.49834232E-04
   6539.1290425958341        1.05914962       1.48528459E-04
   6541.5862497339958       0.977511287       1.38594100E-04
   6544.0434568721575       0.919794083       1.30275395E-04
   6546.5006640103193       0.878088355       1.24596292E-04
   6548.9578711484810       0.865599811       1.22335652E-04
   6551.4150782866427       0.851182699       1.20968398E-04
   6553.8722854248044       0.901359499       1.28176674E-04
   6556.3294925629671       0.970318079       1.36370043E-04
   6558.7866997011288       0.977357686       1.37854906E-04
   6561.2439068392905       0.933896720       1.30938250E-04
   6563.7011139774522       0.813855171       1.15721188E-04
   6566.1583211156139       0.741555035       1.05537620E-04
   6568.6155282537766       0.709349930       1.00554811E-04
   6571.0727353919374       0.700670958       9.92999558E-05
   6573.5299425301000       0.705746531       9.98381802E-05
   6575.9871496682617       0.700345695       9.83164355E-05
   6578.4443568064235       0.649072051       9.25177301E-05
   6580.9015639445852       0.677990377       9.68644963E-05
   6583.3587710827469       0.738499045       1.03427061E-04
   6585.8159782209095       0.742780983       1.05598047E-04
   6588.2731853590703       0.776362598       1.09111010E-04
   6590.7303924972330       0.741457641       1.04411440E-04
   6593.1875996353947       0.700758696       1.00010722E-04
   6595.6448067735564       0.712850511       1.00552897E-04
   6598.1020139117181       0.703973770       9.94475340E-05
   6600.5592210498799       0.691796839       9.79929609E-05
   6603.0164281880425       0.692400515       9.81293779E-05
   6605.4736353262042       0.716338217       1.01620695E-04
   6607.9308424643659       0.749455214       1.05548046E-04
   6610.3880496025276       0.756504178       1.07182699E-04
   6612.8452567406894       0.766290605       1.07676249E-04
   6615.3024638788520       0.721171081       1.02030652E-04
   6617.7596710170128       0.692244887       9.82462007E-05
   6620.2168781551754       0.672303677       9.47600274E-05
   6622.6740852933372       0.639549315       9.06880596E-05
   6625.1312924314989       0.619533241       8.78074134E-05
   6627.5884995696606       0.639153063       9.14723205E-05
   6630.0457067078223       0.710187256       9.93162103E-05
   6632.5029138459849       0.678867996       9.54079587E-05
   6634.9601209841458       0.622325659       8.86659473E-05
   6637.4173281223084       0.620717287       8.85897316E-05
   6639.8745352604701       0.671128988       9.45454667E-05
   6642.3317423986318       0.678516626       9.54986535E-05
   6644.7889495367936       0.651533782       9.16948047E-05
   6647.2461566749553       0.590918839       8.39948480E-05
   6649.7033638131179       0.573561132       8.14228551E-05
   6652.1605709512796       0.552082062       7.75815060E-05
   6654.6177780894413       0.531691074       7.64433571E-05
   6657.0749852276031       0.572628200       7.99518166E-05
   6659.5321923657648       0.550294816       7.87002500E-05
   6661.9893995039274       0.611771286       8.69704163E-05
   6664.4466066420882       0.657530546       9.18943842E-05
   6666.9038137802509       0.646127760       9.17498037E-05
   6669.3610209184126       0.649990797       9.17045836E-05
   6671.8182280565743       0.648243368       9.20029051E-05
   6674.2754351947360       0.660458207       9.28536829E-05
   6676.7326423328977       0.619092822       8.71207449E-05
   6679.1898494710604       0.564563930       8.06892567E-05
   6681.6470566092212       0.566816866       8.01650458E-05
   6684.1042637473838       0.562409639       7.94217485E-05
   6686.5614708855455       0.560010970       7.94434964E-05
   6689.0186780237073       0.563492060       7.93279323E-05
   6691.4758851618690       0.554568589       7.91286002E-05
   6693.9330923000307       0.603435159       8.54849422E-05
   6696.3902994381933       0.629751325       8.80985681E-05
   6698.8475065763550       0.608455777       8.67995332E-05
   6701.3047137145168       0.639411867       9.03250111E-05
   6703.7619208526785       0.651236236       9.19201484E-05
   6706.2191279908402       0.661029279       9.35844801E-05
   6708.6763351290019       0.657898784       9.23484113E-05
   6711.1335422671636       0.613819957       8.71075827E-05
   6713.5907494053263       0.590965569       8.36075851E-05
   6716.0479565434880       0.562336743       7.93712461E-05
   6718.5051636816497       0.533813357       7.60731928E-05
   6720.9623708198114       0.552137256       7.83650685E-05
   6723.4195779579732       0.578000307       8.13132719E-05
   6725.8767850961358       0.575774968       8.16013198E-05
   6728.3339922342975       0.594773412       8.43484813E-05
   6730.7911993724592       0.613012254       8.60529399E-05
   6733.2484065106210       0.590065718       8.36739273E-05
   6735.7056136487827       0.594140768       8.44819733E-05
   6738.1628207869444       0.626211226       8.84934707E-05
   6740.6200279251061       0.646058977       9.10043163E-05
   6743.0772350632687       0.636274159       8.98358194E-05
   6745.5344422014305       0.619803786       8.77463608E-05
   6747.9916493395922       0.608968616       8.62092493E-05
   6750.4488564777539       0.611428916       8.67658600E-05
   6752.9060636159156       0.632294953       8.93561592E-05
   6755.3632707540773       0.647642016       9.15930286E-05
   6757.8204778922391       0.662734807       9.36867582E-05
   6760.2776850304017       0.675768912       9.56588192E-05
   6762.7348921685634       0.695182145       9.82712154E-05
   6765.1920993067251       0.709808052       1.00411213E-04
   6767.6493064448869       0.727753818       1.02868682E-04
   6770.1065135830486       0.737036169       1.04185339E-04
   6772.5637207212112       0.754185617       1.07076252E-04
   6775.0209278593729       0.789394438       1.10959110E-04
   6777.4781349975347       0.748781085       1.04874212E-04
   6779.9353421356964       0.656864226       9.40748359E-05
   6782.3925492738581       0.652666271       9.27485598E-05
   6784.8497564120198       0.665252805       9.37557634E-05
   6787.3069635501815       0.662994206       9.38604499E-05
   6789.7641706883442       0.659553587       9.30957831E-05
   6792.2213778265059       0.655179560       9.30752649E-05
   6794.6785849646676       0.673549473       9.50470348E-05
   6797.1357921028293       0.685127437       9.73043789E-05
   6799.5929992409910       0.720715940       1.01593621E-04
   6802.0502063791528       0.730280995       1.03471044E-04
   6804.5074135173145       0.757566214       1.06874766E-04
   6806.9646206554771       0.743005395       1.04499333E-04
   6809.4218277936388       0.760764480       1.00963887E-04
   6811.8790349318006       0.718152285       1.01626589E-04
   6814.3362420699623       0.735333204       1.04084000E-04
   6816.7934492081240       0.751049519       1.05927022E-04
   6819.2506563462866       0.753267109       1.06894986E-04
   6821.7078634844484       0.782644928       1.10522888E-04
   6824.1650706226101       0.781132460       1.09897912E-04
   6826.6222777607718       0.760447979       1.08422726E-04
   6829.0794848989335       0.805111110       1.13893642E-04
   6831.5366920370961       0.823540390       1.15551324E-04
   6833.9938991752570       0.798461556       1.13805690E-04
   6836.4511063134196       0.838678896       1.18468175E-04
   6838.9083134515813       0.836046755       1.17249736E-04
   6841.3655205897430       0.791711390       1.13034803E-04
   6843.8227277279047       0.822100401       1.16169329E-04
   6846.2799348660665       0.819873333       1.15045543E-04
   6848.7371420042291       0.764453530       1.08507076E-04
   6851.1943491423908       0.747334421       1.06402680E-04
   6853.6515562805525       0.785256088       1.11287351E-04
   6856.1087634187143       0.824829102       1.16169191E-04
   6858.5659705568760       0.835214317       1.18357493E-04
   6861.0231776950377       0.859595656       1.21110010E-04
   6863.4803848331994       0.820724010       1.14883245E-04
   6865.9375919713621       0.711031020       1.01515689E-04
   6868.3947991095238       0.687428176       9.85198712E-05
   6870.8520062476855       0.744808137       1.05221807E-04
   6873.3092133858472       0.799077034       1.13429305E-04
   6875.7664205240089       0.870613575       1.22484082E-04
   6878.2236276621707       0.872725666       1.22775920E-04
   6880.6808348003324       0.847528636       1.20372009E-04
   6883.1380419384950       0.853732824       1.20740493E-04
   6885.5952490766567       0.862885237       1.22027253E-04
   6888.0524562148184       0.862360537       1.21680976E-04
   6890.5096633529802       0.858003676       1.21946839E-04
   6892.9668704911419       0.883070111       1.24178478E-04
   6895.4240776293036       0.853421688       1.20811404E-04
   6897.8812847674662       0.849031985       1.20459059E-04
   6900.3384919056280       0.858385563       1.21290192E-04
   6902.7956990437897       0.882846594       1.25655220E-04
   6905.2529061819514       0.955104232       1.34890055E-04
   6907.7101133201131       0.999301374       1.40825825E-04
   6910.1673204582748        1.00198114       1.41176570E-04
   6912.6245275964375       0.947639942       1.33199821E-04
   6915.0817347345992       0.852322042       1.21907324E-04
   6917.5389418727609       0.889721453       1.27493360E-04
   6919.9961490109226       0.998374701       1.39663505E-04
   6922.4533561490844       0.987025857       1.39427502E-04
   6924.9105632872470       0.988982499       1.40785545E-04
   6927.3677704254078        1.06025112       1.50408421E-04
   6929.8249775635704        1.14141834       1.60544398E-04
   6932.2821847017321        1.15679789       1.63776931E-04
   6934.7393918398939        1.19185483       1.68347600E-04
   6937.1965989780556        1.19014835       1.68090686E-04
   6939.6538061162173        1.22093439       1.74435132E-04
   6942.1110132543799        1.35509634       1.91214684E-04
   6944.5682203925408        1.44027519       2.03271135E-04
   6947.0254275307034        1.47436535       2.07279547E-04
   6949.4826346688651        1.41022110       1.99182672E-04
   6951.9398418070268        1.34064949       1.89955172E-04
   6954.3970489451885        1.29458654       1.83709199E-04
   6956.8542560833503        1.32279313       1.88212609E-04
   6959.3114632215129        1.41084480       1.98931069E-04
   6961.7686703596746        1.44286227       2.03538861E-04
   6964.2258774978363        1.44454634       2.04436335E-04
   6966.6830846359981        1.45285296       2.05316988E-04
   6969.1402917741598        1.45537674       2.06185054E-04
   6971.5974989123215        1.49495375       2.11843115E-04
   6974.0547060504832        1.55292857       2.19249225E-04
   6976.5119131886458        1.57708514       2.22721603E-04
   6978.9691203268076        1.58214390       2.23782656E-04
   6981.4263274649693        1.58278751       2.23513518E-04
   6983.8835346031310        1.56231523       2.21163471E-04
   6986.3407417412927        1.56622529       2.21653740E-04
   6988.7979488794554        1.56208026       2.20338174E-04
   6991.2551560176171        1.53806257       2.18340865E-04
   6993.7123631557788        1.56546950       2.20923524E-04
   6996.1695702939405        1.54739249       2.18746034E-04
   6998.6267774321022        1.55382681       2.20784568E-04
   7001.0839845702640        1.62084603       2.28995632E-04
   7003.5411917084257        1.67299592       2.36814711E-04
   7005.9983988465883        1.74343824       2.46481533E-04
   7008.4556059847500        1.77617633       2.50135636E-04
   7010.9128131229118        1.76592672       2.51155143E-04
   7013.3700202610735        1.86186075       2.63433758E-04
   7015.8272273992352        1.93774295       2.73353391E-04
   7018.2844345373978        1.96139061       2.76736944E-04
   7020.7416416755586        1.93490279       2.74170510E-04
   7023.1988488137213        2.00450945       2.85689632E-04
   7025.6560559518830        2.18444204       3.07588547E-04
   7028.1132630900447        2.25368619       3.18568578E-04
   7030.5704702282064        2.32360601       3.28765746E-04
   7033.0276773663682        2.39323044       3.38450016E-04
   7035.4848845045308        2.46449494       3.48315341E-04
   7037.9420916426916        2.51010132       3.55103228E-04
   7040.3992987808542        2.58606815       3.66114749E-04
   7042.8565059190159        2.63873911       3.71303613E-04
   7045.3137130571777        2.56366730       3.62294202E-04
   7047.7709201953394        2.42722297       3.40751227E-04
   7050.2281273335011        2.04520202       2.87879579E-04
   7052.6853344716637        1.53226852       2.19952461E-04
   7055.1425416098255        1.16504776       1.68280167E-04
   7057.5997487479872       0.996015251       1.42474673E-04
   7060.0569558861489       0.948339105       1.35416616E-04
   7062.5141630243106       0.981720686       1.38424570E-04
   7064.9713701624732        1.00010824       1.42445657E-04
   7067.4285773006350        1.08706486       1.53114146E-04
   7069.8857844387967        1.09890831       1.55008005E-04
   7072.3429915769584        1.11330330       1.58096213E-04
   7074.8001987151201        1.15887713       1.63896795E-04
   7077.2574058532819        1.20882750       1.70626721E-04
   7079.7146129914436        1.20911729       1.70355110E-04
   7082.1718201296062        1.18193591       1.67157952E-04
   7084.6290272677679        1.10328066       1.54176334E-04
   7087.0862344059296       0.919549167       1.32020781E-04
   7089.5434415440914       0.875844955       1.24697763E-04
   7092.0006486822531       0.869745672       1.22667203E-04
   7094.4578558204148       0.848473370       1.20145458E-04
   7096.9150629585765       0.860249043       1.23019345E-04
   7099.3722700967392       0.959351063       1.34884816E-04
   7101.8294772349009       0.962488472       1.35513212E-04
   7104.2866843730626       0.971206188       1.38660398E-04
   7106.7438915112243        1.03943658       1.46222083E-04
   7109.2010986493860        1.06533086       1.51117187E-04
   7111.6583057875478        1.11317742       1.56879978E-04
   7114.1155129257095        1.11285651       1.57316521E-04
   7116.5727200638721        1.12719703       1.59924180E-04
   7119.0299272020338        1.15646172       1.62619923E-04
   7121.4871343401956        1.09574783       1.53839414E-04
   7123.9443414783573       0.961782217       1.36588918E-04
   7126.4015486165190       0.854671478       1.21170742E-04
   7128.8587557546816       0.790901482       1.13670074E-04
   7131.3159628928424       0.857718170       1.21171739E-04
   7133.7731700310051       0.881034911       1.23787642E-04
   7136.2303771691668       0.856087565       1.21131183E-04
   7138.6875843073285       0.860287249       1.23114776E-04
   7141.1447914454911       0.949162960       1.33022128E-04
   7143.6019985836519       0.924899995       1.30668792E-04
   7146.0592057218146       0.930084288       1.32383546E-04
   7148.5164128599763       0.966791689       1.36304705E-04
   7150.9736199981380       0.987774372       1.39868775E-04
   7153.4308271362997        1.01732719       1.44046367E-04
   7155.8880342744615        1.05002034       1.47578350E-04
   7158.3452414126241       0.993968844       1.40213800E-04
   7160.8024485507858       0.956141770       1.36696603E-04
   7163.2596556889475       0.988618255       1.38672156E-04
   7165.7168628271093       0.952520788       1.35542476E-04
   7168.1740699652710        1.00112915       1.42206947E-04
   7170.6312771034327        1.04507327       1.46513194E-04
   7173.0884842415944        1.03725863       1.47975676E-04
   7175.5456913797570        1.10006392       1.54853915E-04
   7178.0028985179188        1.12188864       1.59445059E-04
   7180.4601056560805        1.18742073       1.66771715E-04
   7182.9173127942422        1.14877808       1.62615601E-04
   7185.3745199324039        1.17846859       1.68384373E-04
   7187.8317270705656        1.28412890       1.80343486E-04
   7190.2889342087274        1.27990401       1.80046918E-04
   7192.7461413468900        1.22733939       1.74337460E-04
   7195.2033484850517        1.20729733       1.69706807E-04
   7197.6605556232134        1.12421286       1.59930496E-04
   7200.1177627613752        1.11568415       1.57873219E-04
   7202.5749698995369        1.11497045       1.58481649E-04
   7205.0321770376986        1.17784894       1.66270940E-04
   7207.4893841758603        1.20861959       1.71542444E-04
   7209.9465913140230        1.30358267       1.84167962E-04
   7212.4037984521847        1.32101190       1.85523371E-04
   7214.8610055903464        1.31471765       1.87944417E-04
   7217.3182127285090        1.40999103       1.98216265E-04
   7219.7754198666698        1.42983794       2.02749216E-04
   7222.2326270048325        1.48408866       2.09492238E-04
   7224.6898341429942        1.50899386       2.13561012E-04
   7227.1470412811559        1.51824677       2.13259729E-04
   7229.6042484193176        1.45507777       2.07592122E-04
   7232.0614555574793        1.51371276       2.13258158E-04
   7234.5186626956420        1.52423954       2.17333843E-04
   7236.9758698338028        1.66880071       2.34846069E-04
   7239.4330769719654        1.66469550       2.35067448E-04
   7241.8902841101271        1.72426641       2.45971984E-04
   7244.3474912482889        1.87180877       2.63817579E-04
   7246.8046983864506        1.96066868       2.76920764E-04
   7249.2619055246123        2.01386213       2.84970301E-04
   7251.7191126627749        2.07172656       2.92244746E-04
   7254.1763198009367        2.08845210       2.96675658E-04
   7256.6335269390984        2.21256518       3.12516233E-04
   7259.0907340772601        2.24941611       3.17147438E-04
   7261.5479412154218        2.28556371       3.24890425E-04
   7264.0051483535835        2.36986470       3.32882308E-04
   7266.4623554917453        2.31551814       3.28333699E-04
   7268.9195626299079        2.32602429       3.28454887E-04
   7271.3767697680696        2.25900841       3.18580656E-04
   7273.8339769062313        2.19737482       3.13510594E-04
   7276.2911840443930        2.33187604       3.30378301E-04
   7278.7483911825548        2.49115944       3.52178176E-04
   7281.2055983207165        2.62411571       3.70449910E-04
   7283.6628054588782        2.69391084       3.80517769E-04
   7286.1200125970408        2.72682214       3.85138235E-04
   7288.5772197352026        2.72185016       3.85353749E-04
   7291.0344268733643        2.79775357       3.97911470E-04
   7293.4916340115260        3.02667594       4.28301864E-04
   7295.9488411496877        3.22342181       4.54404275E-04
   7298.4060482878504        3.30071068       4.66126832E-04
   7300.8632554260121        3.33024454       4.71194071E-04
   7303.3204625641738        3.41878057       4.85428493E-04
   7305.7776697023355        3.61585164       5.10475482E-04
   7308.2348768404972        3.74153876       5.29139652E-04
   7310.6920839786590        3.83614159       5.41193236E-04
   7313.1492911168207        3.90140152       5.55398990E-04
   7315.6064982549833        4.21057987       5.93630131E-04
   7318.0637053931450        4.27452612       6.02258835E-04
   7320.5209125313067        4.27684736       6.06973888E-04
   7322.9781196694685        4.36125326       6.14829711E-04
   7325.4353268076302        4.30569696       6.08640548E-04
   7327.8925339457928        4.29768133       6.11260417E-04
   7330.3497410839536        4.53926659       6.41875202E-04
   7332.8069482221163        4.72368622       6.67551707E-04
   7335.2641553602780        4.90419483       6.93614886E-04
   7337.7213624984397        4.99496412       7.02900870E-04
   7340.1785696366014        4.82911015       6.82371785E-04
   7342.6357767747631        4.67633772       6.63428567E-04
   7345.0929839129258        4.62127161       6.52490300E-04
   7347.5501910510866        4.59840298       6.54818257E-04
   7350.0073981892492        4.79376888       6.72950875E-04
   7352.4646053274109        4.65601826       6.61810511E-04
   7354.9218124655727        4.84070063       6.85289444E-04
   7357.3790196037344        4.93516684       6.96259900E-04
   7359.8362267418961        5.06698608       7.20535871E-04
   7362.2934338800587        5.38297319       7.59538438E-04
   7364.7506410182204        5.54425144       7.81474751E-04
   7367.2078481563822        5.46564293       7.71623047E-04
   7369.6650552945439        5.36612368       7.60975643E-04
   7372.1222624327056        5.36299801       7.56924099E-04
   7374.5794695708682        5.27030802       7.46214180E-04
   7377.0366767090300        5.27264643       7.47188344E-04
   7379.4938838471917        5.39309168       7.63524382E-04
   7381.9510909853534        5.53977728       7.81817362E-04
   7384.4082981235151        5.54944372       7.84415344E-04
   7386.8655052616768        5.56401110       7.87286495E-04
   7389.3227123998386        5.54623842       7.82243151E-04
   7391.7799195380012        5.40589666       7.65152974E-04
   7394.2371266761629        5.29468107       7.48712569E-04
   7396.6943338143246        5.25052357       7.46000500E-04
   7399.1515409524864        5.41099453       7.62819487E-04
   7401.6087480906481        5.35550261       7.56652618E-04
   7404.0659552288098        5.29184198       7.49018101E-04
   7406.5231623669715        5.27846050       7.48045975E-04
   7408.9803695051341        5.37459707       7.58951530E-04
   7411.4375766432959        5.36778688       7.59251998E-04
   7413.8947837814576        5.35971594       7.55805115E-04
   7416.3519909196193        5.17453384       7.32625951E-04
   7418.8091980577810        5.12111759       7.26437254E-04
   7421.2664051959437        5.23434591       7.42414850E-04
   7423.7236123341045        5.46924639       7.70808896E-04
   7426.1808194722671        5.46466494       7.72340863E-04
   7428.6380266104288        5.45472574       7.70370010E-04
   7431.0952337485905        5.31722832       7.51668471E-04
   7433.5524408867523        5.21520185       7.38416973E-04
   7436.0096480249140        5.15104628       7.29257648E-04
   7438.4668551630766        5.17603016       7.31988519E-04
   7440.9240623012374        5.14537811       7.26395403E-04
   7443.3812694394001        5.04510117       7.13744434E-04
   7445.8384765775618        5.01434660       7.12369336E-04
   7448.2956837157235        5.19610310       7.32879620E-04
   7450.7528908538861        5.15588140       7.27511535E-04
   7453.2100979920478        5.10088825       7.24226935E-04
   7455.6673051302096        5.20358610       7.34872359E-04
   7458.1245122683713        5.21590281       7.37047521E-04
   7460.5817194065330        5.24969292       7.44911202E-04
   7463.0389265446947        5.39451313       7.59939547E-04
   7465.4961336828565        5.33982038       7.56462279E-04
   7467.9533408210191        5.39295340       7.61883275E-04
   7470.4105479591808        5.35352945       7.57510890E-04
   7472.8677550973425        5.40818405       7.65795645E-04
   7475.3249622355042        5.46197033       7.71306281E-04
   7477.7821693736660        5.49432468       7.78338755E-04
   7480.2393765118277        5.59234619       7.90550315E-04
   7482.6965836499894        5.66850281       8.01117218E-04
   7485.1537907881520        5.68559313       8.03583360E-04
   7487.6109979263138        5.68951082       8.05055955E-04
   7490.0682050644755        5.70759821       8.06745898E-04
   7492.5254122026372        5.70902061       8.08104814E-04
   7494.9826193407989        5.78514099       8.19131208E-04
   7497.4398264789606        5.90828991       8.34726088E-04
   7499.8970336171224        5.96266270       8.42822017E-04
   7502.3542407552850        5.98214865       8.45734205E-04
   7504.8114478934467        6.00336790       8.50066484E-04
   7507.2686550316084        6.08780479       8.60138680E-04
   7509.7258621697702        6.09674025       8.61697597E-04
   7512.1830693079319        6.06645012       8.57407111E-04
   7514.6402764460936        6.01549292       8.51546531E-04
   7517.0974835842553        5.99001503       8.45465227E-04
   7519.5546907224179        5.88482618       8.34483595E-04
   7522.0118978605797        5.93682575       8.38893000E-04
   7524.4691049987414        5.95583916       8.44585011E-04
   7526.9263121369040        6.15739822       8.70027929E-04
   7529.3835192750648        6.24458981       8.82879307E-04
   7531.8407264132275        6.37713146       9.02475731E-04
   7534.2979335513892        6.49583769       9.18744481E-04
   7536.7551406895509        6.70666742       9.50009038E-04
   7539.2123478277126        6.87062979       9.66632273E-04
   7541.6695549658743        6.74905443       9.56664851E-04
   7544.1267621040370        6.76203585       9.54773452E-04
   7546.5839692421978        6.63382864       9.38110228E-04
   7549.0411763803604        6.58296251       9.33641219E-04
   7551.4983835185221        6.70355463       9.48315836E-04
   7553.9555906566839        6.82847691       9.64449602E-04
   7556.4127977948456        6.83968878       9.66517080E-04
   7558.8700049330073        6.79659557       9.60239500E-04
   7561.3272120711699        6.66519976       9.42682731E-04
   7563.7844192093316        6.60581589       9.36354452E-04
   7566.2416263474934        6.65037251       9.39382997E-04
   7568.6988334856551        6.67396212       9.46262793E-04
   7571.1560406238168        6.83935404       9.65663930E-04
   7573.6132477619785        6.88116312       9.73583548E-04
   7576.0704549001402        6.97930908       9.87067004E-04
   7578.5276620383029        7.04423761       9.94962058E-04
   7580.9848691764637        6.93035364       9.74455790E-04
   7583.4420763146263        6.36162901       8.98365572E-04
   7585.8992834527880        5.64258051       7.96326669E-04
   7588.3564905909498        4.68894958       6.66247623E-04
   7590.8136977291124        3.96590066       5.67571318E-04
   7593.2709048672732        3.56970453       5.04209776E-04
   7595.7281120054358        3.12822461       4.43846366E-04
   7598.1853191435976        2.73027921       3.86876549E-04
   7600.6425262817593        2.41730404       3.46379849E-04
   7603.0997334199219        2.47012138       3.52343137E-04
   7605.5569405580827        2.71847343       3.86054162E-04
   7608.0141476962453        3.15045500       4.49769432E-04
   7610.4713548344071        3.74374151       5.27794647E-04
   7612.9285619725688        4.16140652       5.89370844E-04
   7615.3857691107305        4.54949951       6.39040140E-04
   7617.8429762488922        4.45303917       6.23455446E-04
   7620.3001833870549        3.93422055       5.57036605E-04
   7622.7573905252157        3.42373919       4.86006029E-04
   7625.2145976633783        2.95657039       4.17781848E-04
   7627.6718048015400        2.46336532       3.53466894E-04
   7630.1290119397017        2.37613535       3.39883729E-04
   7632.5862190778635        2.47059917       3.47085268E-04
   7635.0434262160252        2.43717432       3.45479173E-04
   7637.5006333541878        2.44397783       3.44877801E-04
   7639.9578404923486        2.39649129       3.39130260E-04
   7642.4150476305113        2.37348175       3.35596822E-04
   7644.8722547686730        2.32514858       3.28436872E-04
   7647.3294619068347        2.26589036       3.20486084E-04
   7649.7866690449964        2.16557288       3.04936111E-04
   7652.2438761831581        2.00069380       2.83978268E-04
   7654.7010833213208        1.85154271       2.59783235E-04
   7657.1582904594816        1.55323768       2.21189563E-04
   7659.6154975976442        1.34738266       1.91654806E-04
   7662.0727047358059        1.21876550       1.74701971E-04
   7664.5299118739676        1.30066299       1.85471683E-04
   7666.9871190121294        1.43637788       2.02614217E-04
   7669.4443261502911        1.56658614       2.22510629E-04
   7671.9015332884537        1.71997702       2.42566006E-04
   7674.3587404266145        1.83817232       2.60628090E-04
   7676.8159475647772        1.97395515       2.78229010E-04
   7679.2731547029389        2.03146219       2.87158793E-04
   7681.7303618411006        2.08266878       2.94237630E-04
   7684.1875689792632        2.08368468       2.93535006E-04
   7686.6447761174240        1.99289107       2.81098153E-04
   7689.1019832555867        1.85237813       2.62344460E-04
   7691.5591903937484        1.71959138       2.42687558E-04
   7694.0163975319101        1.55278695       2.20540314E-04
   7696.4736046700727        1.45688987       2.06955956E-04
   7698.9308118082336        1.47235477       2.11228471E-04
   7701.3880189463962        1.71123624       2.42594833E-04
   7703.8452260845579        1.92750061       2.72531703E-04
   7706.3024332227196        2.14953303       3.04111425E-04
   7708.7596403608813        2.29438353       3.22770968E-04
   7711.2168474990431        2.38072371       3.38839920E-04
   7713.6740546372057        2.57226038       3.62185208E-04
   7716.1312617753665        2.63764787       3.73432878E-04
   7718.5884689135291        2.76969004       3.92698596E-04
   7721.0456760516909        2.93272805       4.14347684E-04
   7723.5028831898526        3.08739305       4.37247101E-04
   7725.9600903280143        3.24946833       4.58729133E-04
   7728.4172974661760        3.36328936       4.76307992E-04
   7730.8745046043387        3.52439809       4.98340756E-04
   7733.3317117424995        3.63050175       5.11761871E-04
   7735.7889188806621        3.62615085       5.12775616E-04
   7738.2461260188238        3.59166765       5.06347104E-04
   7740.7033331569855        3.42822075       4.84628777E-04
   7743.1605402951473        3.28151059       4.65113844E-04
   7745.6177474333090        3.16942000       4.47230850E-04
   7748.0749545714716        3.01009774       4.27020655E-04
   7750.5321617096324        2.96792555       4.21163539E-04
   7752.9893688477950        3.03626227       4.29913664E-04
   7755.4465759859568        3.10487485       4.37649258E-04
   7757.9037831241185        3.10476136       4.41162556E-04
   7760.3609902622811        3.28963709       4.66247962E-04
   7762.8181974004419        3.47034526       4.89091501E-04
   7765.2754045386046        3.56406736       5.04851690E-04
   7767.7326116767663        3.67810178       5.18815359E-04
   7770.1898188149280        3.69463325       5.22600429E-04
   7772.6470259530906        3.72763395       5.26949298E-04
   7775.1042330912514        3.70124888       5.21944952E-04
   7777.5614402294141        3.60053229       5.10369835E-04
   7780.0186473675749        3.58883905       5.07938210E-04
   7782.4758545057375        3.60079408       5.09115926E-04
   7784.9330616438992        3.59442091       5.08068479E-04
   7787.3902687820610        3.61133528       5.12498140E-04
   7789.8474759202236        3.71195245       5.22643153E-04
   7792.3046830583844        3.62155318       5.11854654E-04
   7794.7618901965470        3.56285596       5.05471253E-04
   7797.2190973347087        3.61937952       5.13271953E-04
   7799.6763044728705        3.81908250       5.42000344E-04
   7802.1335116110322        4.14868546       5.88191848E-04
   7804.5907187491939        4.54838228       6.42480387E-04
   7807.0479258873565        4.80709839       6.77487697E-04
   7809.5051330255174        4.88424921       6.90036861E-04
   7811.9623401636800        4.94831419       7.01197947E-04
   7814.4195473018417        5.04596567       7.10238121E-04
   7816.8767544400034        4.87955046       6.89668523E-04
   7819.3339615781651        4.71207809       6.66339765E-04
   7821.7911687163269        4.48911953       6.34523283E-04
   7824.2483758544895        4.31310606       6.12185802E-04
   7826.7055829926503        4.23008537       5.96927479E-04
   7829.1627901308129        4.13802290       5.88874565E-04
   7831.6199972689747        4.30471087       6.08567556E-04
   7834.0772044071364        4.41425085       6.23882224E-04
   7836.5344115452981        4.53176928       6.41046499E-04
   7838.9916186834598        4.58913231       6.47397537E-04
   7841.4488258216224        4.62322998       6.57015946E-04
   7843.9060329597842        4.83639622       6.82128710E-04
   7846.3632400979459        4.88196135       6.89427543E-04
   7848.8204472361076        4.87431335       6.89453620E-04
   7851.2776543742693        4.90011168       6.94797316E-04
   7853.7348615124320        5.04509926       7.12192850E-04
   7856.1920686505928        5.03655720       7.10425084E-04
   7858.6492757887554        4.91255713       6.94423972E-04
   7861.1064829269171        4.76562500       6.74580806E-04
   7863.5636900650788        4.64951420       6.56802673E-04
   7866.0208972032406        4.52417564       6.43097912E-04
   7868.4781043414023        4.67283869       6.61377271E-04
   7870.9353114795649        4.75974607       6.70969952E-04
   7873.3925186177257        4.79096508       6.80824509E-04
   7875.8497257558884        5.06053305       7.17061572E-04
   7878.3069328940501        5.39647675       7.62355339E-04
   7880.7641400322118        5.61059427       7.91200786E-04
   7883.2213471703744        5.64481783       7.97782850E-04
   7885.6785543085352        5.69413424       8.06415512E-04
   7888.1357614466979        5.70361090       8.02073046E-04
   7890.5929685848587        5.49158716       7.80893432E-04
   7893.0501757230213        5.52475691       7.77677225E-04
   7895.5073828611830        5.27604198       7.47774786E-04
   7897.9645899993448        5.22194004       7.39167794E-04
   7900.4217971375074        5.11276960       7.22337165E-04
   7902.8790042756682        5.08480930       7.21507764E-04
   7905.3362114138308        5.05685616       7.10145687E-04
   7907.7934185519925        4.77447701       6.78251672E-04
   7910.2506256901543        4.67898846       6.62061153E-04
   7912.7078328283160        4.70593691       6.70144276E-04
   7915.1650399664777        4.98004770       7.00076693E-04
   7917.6222471046403        4.91784048       6.96017174E-04
   7920.0794542428021        4.96472740       7.03052152E-04
   7922.5366613809638        5.04748726       7.15227216E-04
   7924.9938685191255        5.27266932       7.45653058E-04
   7927.4510756572872        5.45326233       7.72588421E-04
   7929.9082827954498        5.79208708       8.18623928E-04
   7932.3654899336107        5.85812140       8.21763184E-04
   7934.8226970717733        5.60937452       7.97229994E-04
   7937.2799042099350        5.47978926       7.68997415E-04
   7939.7371113480967        5.00098276       7.11994886E-04
   7942.1943184862585        4.87121964       6.89414970E-04
   7944.6515256244202        4.78580713       6.80358091E-04
   7947.1087327625828        5.01814127       7.10941211E-04
   7949.5659399007436        5.33876085       7.58553913E-04
   7952.0231470389062        5.84268475       8.21192341E-04
   7954.4803541770680        5.85585451       8.27178243E-04
   7956.9375613152297        5.89578199       8.33153666E-04
   7959.3947684533914        5.78232622       8.18447501E-04
   7961.8519755915531        5.94862413       8.47064483E-04
   7964.3091827297158        6.29106474       8.84168432E-04
   7966.7663898678766        6.37761021       9.05627559E-04
   7969.2235970060392        6.58497572       9.25095112E-04
   7971.6808041442009        6.33465815       8.95851757E-04
   7974.1380112823626        6.10321712       8.61879555E-04
   7976.5952184205253        5.71891451       8.10007623E-04
   7979.0524255586861        5.59648800       7.97405024E-04
   7981.5096326968487        5.73928642       8.06828786E-04
   7983.9668398350095        5.56626844       7.88170088E-04
   7986.4240469731722        5.53589392       7.86195975E-04
   7988.8812541113339        5.73188782       8.10823520E-04
   7991.3384612494956        5.89951468       8.33024969E-04
   7993.7956683876582        6.02019358       8.53809703E-04
   7996.2528755258199        6.32149220       8.93917342E-04
   7998.7100826639817        6.53126478       9.21770057E-04
   8001.1672898021434        6.67717171       9.46779561E-04
   8003.6244969403051        6.96675539       9.84076993E-04
   8006.0817040784677        7.11710501       1.00548752E-03
   8008.5389112166285        7.28818941       1.03370403E-03
   8010.9961183547912        7.54541636       1.06237782E-03
   8013.4533254929529        7.52852392       1.06824271E-03
   8015.9105326311146        7.79549742       1.10250828E-03
   8018.3677397692763        8.00441742       1.13176624E-03
   8020.8249469074381        8.21168232       1.16076670E-03
   8023.2821540456007        8.42151070       1.19449955E-03
   8025.7393611837615        8.82102203       1.24373264E-03
   8028.1965683219241        8.96106815       1.27115019E-03
   8030.6537754600859        9.42884254       1.33176486E-03
   8033.1109825982476        9.51645947      -1.34583027E-03
