   5529.2169088113069        5.86358756E-02  -8.29236342E-06
   5531.6741159494686        5.83536811E-02   8.25071311E-06
   5534.1313230876303        4.93125096E-02   6.99336488E-06
   5536.5885302257930        4.99056727E-02   7.05492448E-06
   5539.0457373639547        4.84309532E-02   6.84788256E-06
   5541.5029445021164        5.04169576E-02   7.10605218E-06
   5543.9601516402781        3.83047387E-02   5.46508363E-06
   5546.4173587784398        3.92254107E-02   5.55582983E-06
   5548.8745659166016        4.68886793E-02   6.63098308E-06
   5551.3317730547642        5.62988743E-02   7.90666309E-06
   5553.7889801929259        4.34246138E-02   6.22470725E-06
   5556.2461873310876        4.63880897E-02   6.52477956E-06
   5558.7033944692494        5.52704036E-02   7.81659219E-06
   5561.1606016074111        4.69776727E-02   6.84669658E-06
   5563.6178087455728        8.61476362E-02   1.19540500E-05
   5566.0750158837354        7.80583099E-02   1.12093494E-05
   5568.5322230218972        6.48475587E-02   9.43423402E-06
   5570.9894301600589       0.133735389       1.86100388E-05
   5573.4466372982206        9.39830169E-02   1.35503451E-05
   5575.9038444363823        8.52298290E-02   1.20398690E-05
   5578.3610515745440       0.116403967       1.64570793E-05
   5580.8182587127058       0.119649827       1.69918439E-05
   5583.2754658508684       0.153192595       2.15233340E-05
   5585.7326729890301       0.141118273       2.00638733E-05
   5588.1898801271918       0.140614197       1.99113201E-05
   5590.6470872653535       0.166210741       2.33854971E-05
   5593.1042944035153       0.155077994       2.19485664E-05
   5595.5615015416770       0.120657817       1.71603351E-05
   5598.0187086798396       0.121955276       1.72390410E-05
   5600.4759158180013       0.131987125       1.86047273E-05
   5602.9331229561631       0.123169392       1.74763463E-05
   5605.3903300943248       0.114185646       1.63181521E-05
   5607.8475372324865       0.161247402       2.25955719E-05
   5610.3047443706482       0.162870869       2.30550777E-05
   5612.7619515088109       0.122833252       1.75306996E-05
   5615.2191586469726       0.139627993       1.96723704E-05
   5617.6763657851343       0.156006008       2.19669455E-05
   5620.1335729232960       0.120347247       1.71713327E-05
   5622.5907800614577       0.111169301       1.57664490E-05
   5625.0479871996195       0.142714068       2.00487993E-05
   5627.5051943377821       0.123082772       1.75540936E-05
   5629.9624014759438       0.129558995       1.82452404E-05
   5632.4196086141055       0.142124996       2.00938266E-05
   5634.8768157522672       0.125266716       1.77933744E-05
   5637.3340228904290       0.141814306       1.99771330E-05
   5639.7912300285907       0.137605950       1.95500852E-05
   5642.2484371667524       0.149735630       2.11032730E-05
   5644.7056443049150       0.156512335       2.21756709E-05
   5647.1628514430768       0.156372219       2.21232985E-05
   5649.6200585812385       0.174665302       2.46163945E-05
   5652.0772657194002       0.157091916       2.23334282E-05
   5654.5344728575619       0.165090904       2.32627299E-05
   5656.9916799957236       0.169720083       2.40033150E-05
   5659.4488871338863       0.150177270       2.13004387E-05
   5661.9060942720480       0.158451632       2.23184306E-05
   5664.3633014102097       0.143130019       2.03652016E-05
   5666.8205085483714       0.146926984       2.07998582E-05
   5669.2777156865332       0.180275872       2.54088955E-05
   5671.7349228246949       0.178060278       2.51482179E-05
   5674.1921299628575       0.158356681       2.24842715E-05
   5676.6493371010192       0.151186943       2.13843705E-05
   5679.1065442391809       0.171496049       2.41536927E-05
   5681.5637513773427       0.138641194       1.98456110E-05
   5684.0209585155044       0.166958109       2.34803392E-05
   5686.4781656536661       0.190795511       2.69205939E-05
   5688.9353727918278       0.160791084       2.28127246E-05
   5691.3925799299905       0.148274422       2.10327689E-05
   5693.8497870681522       0.163090885       2.30320875E-05
   5696.3069942063139       0.178122327       2.51923411E-05
   5698.7642013444756       0.181497350       2.57281081E-05
   5701.2214084826373       0.207480595       2.93081575E-05
   5703.6786156207991       0.226295128       3.18759994E-05
   5706.1358227589617       0.204608202       2.90469761E-05
   5708.5930298971234       0.183287650       2.58908713E-05
   5711.0502370352851       0.190234721       2.69592529E-05
   5713.5074441734469       0.178658277       2.53623075E-05
   5715.9646513116086       0.228725702       3.20726540E-05
   5718.4218584497703       0.160341069       2.30774385E-05
   5720.8790655879329       0.177151203       2.48977940E-05
   5723.3362727260946       0.211678177       2.99187705E-05
   5725.7934798642564       0.192214668       2.72185225E-05
   5728.2506870024181       0.198487684       2.80233271E-05
   5730.7078941405798       0.183696032       2.60354573E-05
   5733.1651012787415       0.185770780       2.61915338E-05
   5735.6223084169033       0.168154553       2.38792509E-05
   5738.0795155550659       0.165056214       2.33239953E-05
   5740.5367226932276       0.177167997       2.50785706E-05
   5742.9939298313893       0.183133781       2.59259868E-05
   5745.4511369695510       0.207914442       2.93260855E-05
   5747.9083441077128       0.203985348       2.89453110E-05
   5750.3655512458745       0.220324486       3.10721080E-05
   5752.8227583840371       0.227951780       3.22824744E-05
   5755.2799655221988       0.227052495       3.20743311E-05
   5757.7371726603606       0.236064941       3.32688396E-05
   5760.1943797985223       0.184937581       2.63256770E-05
   5762.6515869366840       0.166539580       2.35962834E-05
   5765.1087940748457       0.189022645       2.66639072E-05
   5767.5660012130083       0.190921068       2.70383971E-05
   5770.0232083511701       0.192024425       2.71809349E-05
   5772.4804154893318       0.211631760       2.97920815E-05
   5774.9376226274935       0.186856419       2.66229054E-05
   5777.3948297656552       0.193005994       2.73031328E-05
   5779.8520369038170       0.240891233       3.39669205E-05
   5782.3092440419787       0.232778758       3.29451177E-05
   5784.7664511801413       0.235665843       3.33147655E-05
   5787.2236583183030       0.222068310       3.14806784E-05
   5789.6808654564647       0.244079903       3.43846732E-05
   5792.1380725946265       0.220012993       3.13280507E-05
   5794.5952797327882       0.244136333       3.43974025E-05
   5797.0524868709508       0.263655543       3.73655421E-05
   5799.5096940091125       0.273734391       3.85962412E-05
   5801.9669011472743       0.279619932       3.96279611E-05
   5804.4241082854360       0.267720997       3.77916440E-05
   5806.8813154235977       0.280570596       3.96604337E-05
   5809.3385225617594       0.231150627       3.27516318E-05
   5811.7957296999211       0.237654462       3.35500663E-05
   5814.2529368380838       0.180461869       2.58540695E-05
   5816.7101439762455       0.238262147       3.33363423E-05
   5819.1673511144072       0.199037224       2.84450871E-05
   5821.6245582525689       0.202343583       2.84820999E-05
   5824.0817653907307       0.215398982       3.04693713E-05
   5826.5389725288924       0.198690087       2.81946668E-05
   5828.9961796670550       0.214662552       3.02871886E-05
   5831.4533868052167       0.229089484       3.23857457E-05
   5833.9105939433784       0.212797359       3.01770233E-05
   5836.3678010815402       0.233933613       3.30126968E-05
   5838.8250082197019       0.233446360       3.29889372E-05
   5841.2822153578636       0.225459784       3.18427155E-05
   5843.7394224960262       0.184381545       2.62140820E-05
   5846.1966296341880       0.186223343       2.62417871E-05
   5848.6538367723497       0.176583290       2.50072389E-05
   5851.1110439105114       0.159767121       2.26050670E-05
   5853.5682510486731       0.153256893       2.16857698E-05
   5856.0254581868348       0.150230899       2.13057847E-05
   5858.4826653249966       0.164098367       2.32019738E-05
   5860.9398724631592       0.187811166       2.64633527E-05
   5863.3970796013209       0.173172355       2.45909432E-05
   5865.8542867394826       0.175277337       2.47068983E-05
   5868.3114938776444       0.176129520       2.48699162E-05
   5870.7687010158061       0.134222582       1.91630425E-05
   5873.2259081539678       0.143840820       2.02553656E-05
   5875.6831152921304       0.157582149       2.22810559E-05
   5878.1403224302921       0.142974243       2.02272931E-05
   5880.5975295684539       0.142262980       2.01693529E-05
   5883.0547367066156       0.145251945       2.04455755E-05
   5885.5119438447773       0.145430297       2.05621454E-05
   5887.9691509829390        8.91698152E-02   1.28442762E-05
   5890.4263581211017       0.112629667       1.59122646E-05
   5892.8835652592634       0.144549042       2.02880601E-05
   5895.3407723974251       0.138131633       1.95843822E-05
   5897.7979795355868        8.05461779E-02   1.16786214E-05
   5900.2551866737485       0.123106532       1.71990796E-05
   5902.7123938119103       0.117302895       1.67909602E-05
   5905.1696009500720       0.142811239       2.00575232E-05
   5907.6268080882346       0.158964440       2.24641408E-05
   5910.0840152263963       0.135387540       1.92666976E-05
   5912.5412223645581       0.150032252       2.11007846E-05
   5914.9984295027198       0.152276367       2.15478394E-05
   5917.4556366408815       0.119255476       1.71292450E-05
   5919.9128437790432       0.167246521       2.33916599E-05
   5922.3700509172058       0.169622257       2.40999598E-05
   5924.8272580553676       0.145365745       2.06345376E-05
   5927.2844651935293       0.180702165       2.53674116E-05
   5929.7416723316910       0.140139922       2.00167124E-05
   5932.1988794698527       0.135821208       1.91411455E-05
   5934.6560866080144       0.144774899       2.05476244E-05
   5937.1132937461771       0.153889388       2.17390880E-05
   5939.5705008843388       0.176969543       2.49732529E-05
   5942.0277080225005       0.164898664       2.33696446E-05
   5944.4849151606622       0.170554757       2.40593909E-05
   5946.9421222988240       0.156847715       2.23288116E-05
   5949.3993294369857       0.178883836       2.51314104E-05
   5951.8565365751474       0.178444073       2.52751724E-05
   5954.3137437133100       0.143480510       2.04314802E-05
   5956.7709508514718       0.169037640       2.37433796E-05
   5959.2281579896335       0.154890388       2.21021182E-05
   5961.6853651277952       0.169843346       2.39320070E-05
   5964.1425722659569       0.201113760       2.83786321E-05
   5966.5997794041186       0.169358805       2.41318321E-05
   5969.0569865422813       0.198224694       2.78224234E-05
   5971.5141936804430       0.181781903       2.58110413E-05
   5973.9714008186047       0.155194521       2.19998292E-05
   5976.4286079567664       0.168484136       2.38273060E-05
   5978.8858150949281       0.179370478       2.53839971E-05
   5981.3430222330899       0.199506864       2.80801978E-05
   5983.8002293712525       0.177205980       2.52043446E-05
   5986.2574365094142       0.170555845       2.41082871E-05
   5988.7146436475759       0.195458829       2.75562325E-05
   5991.1718507857377       0.169616997       2.41204016E-05
   5993.6290579238994       0.182345510       2.56832263E-05
   5996.0862650620611       0.179653049       2.54327406E-05
   5998.5434722002228       0.165528744       2.34990075E-05
   6001.0006793383855       0.182254225       2.57091961E-05
   6003.4578864765472       0.197050229       2.78239477E-05
   6005.9150936147089       0.174188897       2.47610387E-05
   6008.3723007528706       0.192029119       2.70511337E-05
   6010.8295078910323       0.193369210       2.73793557E-05
   6013.2867150291941       0.183893174       2.61015630E-05
   6015.7439221673567       0.209907919       2.95466671E-05
   6018.2011293055184       0.210898951       2.98421000E-05
   6020.6583364436801       0.178931743       2.54311617E-05
   6023.1155435818418       0.199842691       2.81587818E-05
   6025.5727507200036       0.198702112       2.81250359E-05
   6028.0299578581653       0.191264346       2.70786895E-05
   6030.4871649963279       0.195183262       2.75482507E-05
   6032.9443721344896       0.192668840       2.73011665E-05
   6035.4015792726514       0.185455441       2.62626527E-05
   6037.8587864108131       0.210896507       2.98103841E-05
   6040.3159935489748       0.216532096       3.06489928E-05
   6042.7732006871365       0.244776234       3.45448279E-05
   6045.2304078252982       0.233733773       3.31365918E-05
   6047.6876149634609       0.253814757       3.58532052E-05
   6050.1448221016226       0.255890548       3.62105020E-05
   6052.6020292397843       0.276110888       3.89056586E-05
   6055.0592363779460       0.232231870       3.31048213E-05
   6057.5164435161078       0.254424304       3.58102370E-05
   6059.9736506542704       0.265337199       3.75588461E-05
   6062.4308577924321       0.247725159       3.50730879E-05
   6064.8880649305938       0.258732498       3.65957967E-05
   6067.3452720687555       0.268258274       3.79069897E-05
   6069.8024792069173       0.276569605       3.90836540E-05
   6072.2596863450790       0.262080610       3.71299720E-05
   6074.7168934832407       0.271254539       3.82751168E-05
   6077.1741006214033       0.260113627       3.68213805E-05
   6079.6313077595651       0.245512843       3.47909045E-05
   6082.0885148977268       0.256896228       3.63225809E-05
   6084.5457220358885       0.279027134       3.93304763E-05
   6087.0029291740502       0.253462225       3.59502774E-05
   6089.4601363122119       0.237680465       3.36166995E-05
   6091.9173434503737       0.245961502       3.48242429E-05
   6094.3745505885363       0.255283207       3.60778213E-05
   6096.8317577266980       0.275033116       3.87768632E-05
   6099.2889648648597       0.238322273       3.38560312E-05
   6101.7461720030215       0.235127062       3.32031668E-05
   6104.2033791411832       0.241704509       3.42092389E-05
   6106.6605862793458       0.241638944       3.42318526E-05
   6109.1177934175075       0.267834723       3.76999160E-05
   6111.5750005556692       0.248161182       3.52192801E-05
   6114.0322076938310       0.225091353       3.17918311E-05
   6116.4894148319927       0.231014043       3.26554909E-05
   6118.9466219701544       0.192560747       2.74163031E-05
   6121.4038291083161       0.226902902       3.19035062E-05
   6123.8610362464788       0.212545991       3.02087192E-05
   6126.3182433846405       0.221938759       3.12458869E-05
   6128.7754505228022       0.213547498       3.02942699E-05
   6131.2326576609639       0.202690586       2.86749691E-05
   6133.6898647991256       0.220284119       3.10665237E-05
   6136.1470719372874       0.201474681       2.85858332E-05
   6138.6042790754491       0.200401202       2.82591791E-05
   6141.0614862136117       0.194024131       2.74742833E-05
   6143.5186933517734       0.172837347       2.45111933E-05
   6145.9759004899352       0.187263608       2.64909613E-05
   6148.4331076280969       0.203676850       2.86746344E-05
   6150.8903147662586       0.192489594       2.73342121E-05
   6153.3475219044212       0.172243193       2.44771200E-05
   6155.8047290425829       0.222888678       3.13049677E-05
   6158.2619361807447       0.190673158       2.70643432E-05
   6160.7191433189064       0.170534015       2.41250364E-05
   6163.1763504570681       0.152568236       2.16796561E-05
   6165.6335575952298       0.177771404       2.50326339E-05
   6168.0907647333916       0.168748885       2.39495839E-05
   6170.5479718715542       0.180010483       2.53965300E-05
   6173.0051790097159       0.176774800       2.50004814E-05
   6175.4623861478776       0.173885867       2.45791689E-05
   6177.9195932860393       0.154758409       2.19061585E-05
   6180.3768004242011       0.153367564       2.17202378E-05
   6182.8340075623637       0.145490870       2.06903278E-05
   6185.2912147005254       0.188071847       2.64281898E-05
   6187.7484218386871       0.174218863       2.46914806E-05
   6190.2056289768489       0.161511540       2.28652443E-05
   6192.6628361150106       0.154335424       2.18345103E-05
   6195.1200432531723       0.166044503       2.34695308E-05
   6197.5772503913340       0.154273972       2.19863505E-05
   6200.0344575294966       0.201329172       2.82239580E-05
   6202.4916646676584       0.180182219       2.56016992E-05
   6204.9488718058201       0.156103566       2.20554957E-05
   6207.4060789439818       0.149053246       2.11371407E-05
   6209.8632860821435       0.147817403       2.09727277E-05
   6212.3204932203053       0.177772641       2.50215962E-05
   6214.7777003584670       0.178158328       2.52212740E-05
   6217.2349074966296       0.161624193       2.29272264E-05
   6219.6921146347913       0.176661968       2.49619479E-05
   6222.1493217729530       0.189501271       2.67711494E-05
   6224.6065289111148       0.193251714       2.72677098E-05
   6227.0637360492765       0.168957710       2.40017016E-05
   6229.5209431874382       0.167639375       2.35848202E-05
   6231.9781503256008       0.151707977       2.15972777E-05
   6234.4353574637626       0.140848815       1.99197748E-05
   6236.8925646019243       0.173264533       2.43800332E-05
   6239.3497717400860       0.160800815       1.79488288E-05
   6241.8069788782477       0.176944345       2.47052030E-05
   6244.2641860164094       0.187398568       2.66135612E-05
   6246.7213931545721       0.156214789       2.21682494E-05
   6249.1786002927338       0.188093975       2.64230766E-05
   6251.6358074308955       0.147234708       2.10533017E-05
   6254.0930145690572       0.153188691       2.15849341E-05
   6256.5502217072190       0.174849436       2.47725857E-05
   6259.0074288453807       0.180956230       2.55618688E-05
   6261.4646359835424       0.200946659       2.83595709E-05
   6263.9218431217050       0.179354265       2.54450333E-05
   6266.3790502598667       0.186594263       2.63612674E-05
   6268.8362573980285       0.186307967       2.64862210E-05
   6271.2934645361902       0.226115257       3.17430640E-05
   6273.7506716743519       0.211802408       3.00970005E-05
   6276.2078788125136       0.191962749       2.71742610E-05
   6278.6650859506763       0.219267890       3.09513634E-05
   6281.1222930888380       0.209276900       2.97352362E-05
   6283.5795002269997       0.244142726       3.43496176E-05
   6286.0367073651614       0.237651736       3.37102247E-05
   6288.4939145033231       0.231841639       3.27567941E-05
   6290.9511216414849       0.241480157       3.41453306E-05
   6293.4083287796475       0.233418509       3.31327938E-05
   6295.8655359178092       0.264725953       3.73952607E-05
   6298.3227430559709       0.297123313       4.19343378E-05
   6300.7799501941327       0.293872058       4.15050781E-05
   6303.2371573322944       0.259572327       3.69026748E-05
   6305.6943644704561       0.269109398       3.80655183E-05
   6308.1515716086178       0.317456663       4.47921884E-05
   6310.6087787467804       0.314265817       4.44880316E-05
   6313.0659858849422       0.322041631       4.55792069E-05
   6315.5231930231039       0.335765719       4.74694389E-05
   6317.9804001612656       0.364506096       5.13115774E-05
   6320.4376072994273       0.295153260       4.20370125E-05
   6322.8948144375890       0.274845243       3.88993249E-05
   6325.3520215757508       0.316791654       4.47504390E-05
   6327.8092287139134       0.326964557       4.62600183E-05
   6330.2664358520751       0.345897138       4.89039558E-05
   6332.7236429902368       0.355799586       5.02530856E-05
   6335.1808501283986       0.353813946       5.00922142E-05
   6337.6380572665603       0.342782080       4.86401550E-05
   6340.0952644047229       0.400766432       5.64877519E-05
   6342.5524715428846       0.409322470       5.79730113E-05
   6345.0096786810464       0.418049634       5.90390846E-05
   6347.4668858192081       0.419252932       5.93344848E-05
   6349.9240929573698       0.415775985       5.86761489E-05
   6352.3813000955315       0.390799522       5.53984028E-05
   6354.8385072336932       0.366380274       5.19541318E-05
   6357.2957143718559       0.422040075       5.93721743E-05
   6359.7529215100176       0.381575614       5.42037887E-05
   6362.2101286481793       0.361494392       5.11569051E-05
   6364.6673357863410       0.401587069       5.67267671E-05
   6367.1245429245027       0.406800836       5.75180275E-05
   6369.5817500626654       0.410343826       5.80274827E-05
   6372.0389572008271       0.400645047       5.66743547E-05
   6374.4961643389888       0.407570273       5.75029226E-05
   6376.9533714771505       0.361501813       5.13397754E-05
   6379.4105786153123       0.359312087       5.08234152E-05
   6381.8677857534740       0.397759140       5.61465495E-05
   6384.3249928916357       0.394515932       5.57703788E-05
   6386.7822000297983       0.371448129       5.26449039E-05
   6389.2394071679601       0.375551522       5.31105361E-05
   6391.6966143061218       0.403966039       5.70928460E-05
   6394.1538214442835       0.407661706       5.76591628E-05
   6396.6110285824452       0.419047385       5.93057557E-05
   6399.0682357206069       0.431362271       6.09981907E-05
   6401.5254428587687       0.464520305       6.55325857E-05
   6403.9826499969313       0.426053047       6.04785600E-05
   6406.4398571350930       0.441925228       6.23084197E-05
   6408.8970642732547       0.438307166       6.20291903E-05
   6411.3542714114164       0.401658416       5.69825643E-05
   6413.8114785495782       0.436587691       6.15767422E-05
   6416.2686856877408       0.445384413       6.29624265E-05
   6418.7258928259025       0.410504878       5.81177301E-05
   6421.1830999640642       0.400737286       5.67007446E-05
   6423.6403071022260       0.401898474       5.68555733E-05
   6426.0975142403877       0.418591112       5.90629606E-05
   6428.5547213785494       0.390768051       5.54468315E-05
   6431.0119285167111       0.394677579       5.56475279E-05
   6433.4691356548738       0.392220318       5.56242449E-05
   6435.9263427930355       0.378214419       5.36148982E-05
   6438.3835499311972       0.455449522       6.40924627E-05
   6440.8407570693589       0.411360025       5.83986803E-05
   6443.2979642075206       0.404740542       5.71846977E-05
   6445.7551713456824       0.409940213       5.80121778E-05
   6448.2123784838450       0.422567427       5.96176142E-05
   6450.6695856220067       0.389565557       5.53465652E-05
   6453.1267927601684       0.410076022       5.77850078E-05
   6455.5839998983301       0.420459837       5.95084493E-05
   6458.0412070364919       0.381707460       5.41595946E-05
   6460.4984141746536       0.427852511       6.04448433E-05
   6462.9556213128162       0.454188228       6.43665117E-05
   6465.4128284509779       0.440469146       7.33395718E-05
   6467.8700355891397       0.471627593       6.69900619E-05
   6470.3272427273014       0.427335203       6.04609049E-05
   6472.7844498654631       0.464443952       6.55998301E-05
   6475.2416570036248       0.443810046       6.27789850E-05
   6477.6988641417865       0.443804294       6.27238041E-05
   6480.1560712799492       0.404528081       5.74212208E-05
   6482.6132784181109       0.444029123       6.26403926E-05
   6485.0704855562726       0.447875232       6.35444230E-05
   6487.5276926944343       0.496530622       6.99005104E-05
   6489.9848998325961       0.480169415       6.81283855E-05
   6492.4421069707587       0.463041067       6.55190379E-05
   6494.8993141089204       0.516129792       7.29091189E-05
   6497.3565212470821       0.514959872       7.29521707E-05
   6499.8137283852438       0.561134517       7.91650164E-05
   6502.2709355234056       0.549702048       7.80590781E-05
   6504.7281426615673       0.606385112       8.54208556E-05
   6507.1853497997290       0.622994065       8.82996901E-05
   6509.6425569378916       0.610302389       8.62648012E-05
   6512.0997640760534       0.663017273       9.36492506E-05
   6514.5569712142151       0.670754969       8.67724666E-05
   6517.0141783523768       0.695237935       9.80758268E-05
   6519.4713854905385       0.725844920       1.02668855E-04
   6521.9285926287002       0.744688451       1.05306717E-04
   6524.3857997668620       0.820055008       1.04708539E-04
   6526.8430069050246       0.824807405       1.16351133E-04
   6529.3002140431863       0.824328363       1.16900766E-04
   6531.7574211813480       0.886940002       1.25109815E-04
   6534.2146283195098       0.905425727       1.28196669E-04
   6536.6718354576715       0.974523127       1.26856030E-04
   6539.1290425958341       0.977927566       1.37932875E-04
   6541.5862497339958       0.950491011       1.34563146E-04
   6544.0434568721575       0.905700982       1.28045533E-04
   6546.5006640103193       0.891152322       1.25963867E-04
   6548.9578711484810       0.826215982       1.17090196E-04
   6551.4150782866427       0.835530221       1.18105942E-04
   6553.8722854248044       0.863201737       1.22208163E-04
   6556.3294925629671       0.908322513       1.28391766E-04
   6558.7866997011288       0.967100859       1.36620569E-04
   6561.2439068392905       0.953250766       1.34660891E-04
   6563.7011139774522       0.890319943       1.25915758E-04
   6566.1583211156139       0.773555040       1.09711145E-04
   6568.6155282537766       0.767946661       1.08439242E-04
   6571.0727353919374       0.751851320       1.06321582E-04
   6573.5299425301000       0.703149915       9.94644943E-05
   6575.9871496682617       0.659431934       9.33836127E-05
   6578.4443568064235       0.657468498       9.29262460E-05
   6580.9015639445852       0.659212291       9.32405965E-05
   6583.3587710827469       0.649407268       9.19865124E-05
   6585.8159782209095       0.688936472       9.72006019E-05
   6588.2731853590703       0.686254561       9.72093476E-05
   6590.7303924972330       0.673722982       9.51980182E-05
   6593.1875996353947       0.698721051       9.87149760E-05
   6595.6448067735564       0.632110476       8.96069905E-05
   6598.1020139117181       0.652925014       9.21942192E-05
   6600.5592210498799       0.630833030       8.93711403E-05
   6603.0164281880425       0.655263484       9.26462380E-05
   6605.4736353262042       0.675791502       9.55307987E-05
   6607.9308424643659       0.704664707       9.95518349E-05
   6610.3880496025276       0.660093844       9.36676734E-05
   6612.8452567406894       0.724196434       1.01952646E-04
   6615.3024638788520       0.675970733       9.59780373E-05
   6617.7596710170128       0.660025477       9.31912364E-05
   6620.2168781551754       0.691144705       9.76567244E-05
   6622.6740852933372       0.623932958       8.84713154E-05
   6625.1312924314989       0.646807373       9.13667463E-05
   6627.5884995696606       0.650358260       9.20602761E-05
   6630.0457067078223       0.677675962       9.55682553E-05
   6632.5029138459849       0.625194907       8.86758571E-05
   6634.9601209841458       0.605080545       8.55408507E-05
   6637.4173281223084       0.630717456       8.91653763E-05
   6639.8745352604701       0.620235145       8.77742204E-05
   6642.3317423986318       0.639651835       9.02625980E-05
   6644.7889495367936       0.598265588       8.47683186E-05
   6647.2461566749553       0.571488440       8.07427496E-05
   6649.7033638131179       0.560279489       7.92249266E-05
   6652.1605709512796       0.509588122       7.23182238E-05
   6654.6177780894413       0.545082629       7.68621831E-05
   6657.0749852276031       0.549001634       7.77725872E-05
   6659.5321923657648       0.541186810       7.65530276E-05
   6661.9893995039274       0.582787693       8.23197188E-05
   6664.4466066420882       0.568167627       8.05604213E-05
   6666.9038137802509       0.617991626       8.71400553E-05
   6669.3610209184126       0.615093410       8.71242446E-05
   6671.8182280565743       0.604511857       8.54959580E-05
   6674.2754351947360       0.634617567       8.95659250E-05
   6676.7326423328977       0.593420386       8.40465946E-05
   6679.1898494710604       0.563839138       7.97272878E-05
   6681.6470566092212       0.556123555       7.87035315E-05
   6684.1042637473838       0.551578760       7.80151677E-05
   6686.5614708855455       0.570335686       8.05818272E-05
   6689.0186780237073       0.555454075       7.86019082E-05
   6691.4758851618690       0.550994515       7.80274277E-05
   6693.9330923000307       0.577877223       8.15628664E-05
   6696.3902994381933       0.586825967       8.30209829E-05
   6698.8475065763550       0.550447643       7.80039263E-05
   6701.3047137145168       0.596561372       8.42554437E-05
   6703.7619208526785       0.601312220       8.51489385E-05
   6706.2191279908402       0.644541979       9.09385199E-05
   6708.6763351290019       0.619928360       8.77875937E-05
   6711.1335422671636       0.611024320       8.63226524E-05
   6713.5907494053263       0.586609602       8.29582423E-05
   6716.0479565434880       0.552638829       7.82732750E-05
   6718.5051636816497       0.542075872       7.65460281E-05
   6720.9623708198114       0.538180232       7.61748597E-05
   6723.4195779579732       0.495599598       7.02585530E-05
   6725.8767850961358       0.552136660       7.78741232E-05
   6728.3339922342975       0.526412904       7.47344238E-05
   6730.7911993724592       0.580013335       8.17866894E-05
   6733.2484065106210       0.588646114       8.33564263E-05
   6735.7056136487827       0.597162962       8.44313327E-05
   6738.1628207869444       0.614445925       8.69669166E-05
   6740.6200279251061       0.652803183       9.20557432E-05
   6743.0772350632687       0.619069040       8.77670391E-05
   6745.5344422014305       0.599853516       8.46552284E-05
   6747.9916493395922       0.588678122       8.34046732E-05
   6750.4488564777539       0.549400270       7.79035254E-05
   6752.9060636159156       0.636889577       8.96713173E-05
   6755.3632707540773       0.582421124       8.27270705E-05
   6757.8204778922391       0.595382631       8.41696892E-05
   6760.2776850304017       0.647366941       9.15070123E-05
   6762.7348921685634       0.679660857       9.60565885E-05
   6765.1920993067251       0.675306499       9.55992728E-05
   6767.6493064448869       0.703640640       9.94945513E-05
   6770.1065135830486       0.728805363       1.02955019E-04
   6772.5637207212112       0.733678401       1.03719693E-04
   6775.0209278593729       0.682859302       9.68302193E-05
   6777.4781349975347       0.727871120       1.02557271E-04
   6779.9353421356964       0.684604824       9.70882029E-05
   6782.3925492738581       0.650796533       9.19540471E-05
   6784.8497564120198       0.664403319       9.38784506E-05
   6787.3069635501815       0.598597467       8.49122298E-05
   6789.7641706883442       0.623337626       8.79552681E-05
   6792.2213778265059       0.614111543       8.69853684E-05
   6794.6785849646676       0.613468647       8.67946583E-05
   6797.1357921028293       0.649733901       9.18230216E-05
   6799.5929992409910       0.667917430       9.44332787E-05
   6802.0502063791528       0.666087747       9.42170664E-05
   6804.5074135173145       0.670337260       9.49401219E-05
   6806.9646206554771       0.710597277       1.00329547E-04
   6809.4218277936388       0.739062965       1.04345643E-04
   6811.8790349318006       0.658018410       9.33916890E-05
   6814.3362420699623       0.666957080       9.41279941E-05
   6816.7934492081240       0.670626998       9.49537498E-05
   6819.2506563462866       0.657608926       9.31439499E-05
   6821.7078634844484       0.722198904       1.02046106E-04
   6824.1650706226101       0.761774898       1.07650718E-04
   6826.6222777607718       0.772547305       1.09289067E-04
   6829.0794848989335       0.768470168       1.08718996E-04
   6831.5366920370961       0.801783323       1.13165450E-04
   6833.9938991752570       0.753818691       1.06830863E-04
   6836.4511063134196       0.744488478       1.05323052E-04
   6838.9083134515813       0.783063352       1.10653833E-04
   6841.3655205897430       0.796275914       1.12502508E-04
   6843.8227277279047       0.760841787       1.07670661E-04
   6846.2799348660665       0.730080545       1.03406273E-04
   6848.7371420042291       0.757315814       1.06934174E-04
   6851.1943491423908       0.765949965       1.08245586E-04
   6853.6515562805525       0.705358863       9.98794712E-05
   6856.1087634187143       0.686857462       9.72353082E-05
   6858.5659705568760       0.702015162       9.93895228E-05
   6861.0231776950377       0.774603248       1.09159584E-04
   6863.4803848331994       0.734614372       1.04080696E-04
   6865.9375919713621       0.680497885       9.64082719E-05
   6868.3947991095238       0.725061774       1.02408805E-04
   6870.8520062476855       0.739558756       1.04664214E-04
   6873.3092133858472       0.756295800       1.07012936E-04
   6875.7664205240089       0.802359223       1.13451642E-04
   6878.2236276621707       0.847401261       1.19682452E-04
   6880.6808348003324       0.842419863       1.19103192E-04
   6883.1380419384950       0.798272908       1.13058886E-04
   6885.5952490766567       0.801663399       1.13363836E-04
   6888.0524562148184       0.831440806       1.17560565E-04
   6890.5096633529802       0.842629611       1.19048811E-04
   6892.9668704911419       0.825209737       1.16922783E-04
   6895.4240776293036       0.837401927       1.18256554E-04
   6897.8812847674662       0.867621720       1.22689671E-04
   6900.3384919056280       0.813000798       1.15148956E-04
   6902.7956990437897       0.863806903       1.21906560E-04
   6905.2529061819514       0.872587800       1.14683186E-04
   6907.7101133201131       0.876083970       1.23655671E-04
   6910.1673204582748       0.916496456       1.29538486E-04
   6912.6245275964375       0.908210158       1.28371103E-04
   6915.0817347345992       0.849841535       1.20343451E-04
   6917.5389418727609       0.849805832       1.20256096E-04
   6919.9961490109226       0.871107519       1.23172445E-04
   6922.4533561490844       0.923993587       1.30669374E-04
   6924.9105632872470       0.928673863       1.31488050E-04
   6927.3677704254078        1.01963842       1.43992307E-04
   6929.8249775635704        1.02309704       1.44771155E-04
   6932.2821847017321        1.05991745       1.49864616E-04
   6934.7393918398939        1.05846596       1.49770742E-04
   6937.1965989780556        1.12261796       1.58575276E-04
   6939.6538061162173        1.17230654       1.53991685E-04
   6942.1110132543799        1.20250249       1.69761828E-04
   6944.5682203925408        1.26673257       1.79144481E-04
   6947.0254275307034        1.30293787       1.83988654E-04
   6949.4826346688651        1.23732412       1.75426641E-04
   6951.9398418070268        1.27197838       1.79636205E-04
   6954.3970489451885        1.30984354       1.85160883E-04
   6956.8542560833503        1.25890231       1.78192655E-04
   6959.3114632215129        1.26217437       1.78505623E-04
   6961.7686703596746        1.28293645       1.81535361E-04
   6964.2258774978363        1.33362985       1.88433958E-04
   6966.6830846359981        1.35150826       1.91262297E-04
   6969.1402917741598        1.36738527       1.93304164E-04
   6971.5974989123215        1.40535367       1.98807946E-04
   6974.0547060504832        1.41771650       2.00298440E-04
   6976.5119131886458        1.42333627       2.01380666E-04
   6978.9691203268076        1.44656110       1.93474742E-04
   6981.4263274649693        1.43916416       2.03425661E-04
   6983.8835346031310        1.43170047       2.02582538E-04
   6986.3407417412927        1.51063251       2.13284249E-04
   6988.7979488794554        1.42381656       2.01682007E-04
   6991.2551560176171        1.44712710       2.04314565E-04
   6993.7123631557788        1.35688663       1.92629348E-04
   6996.1695702939405        1.46483636       2.06649522E-04
   6998.6267774321022        1.51876295       2.14899788E-04
   7001.0839845702640        1.50850070       2.13320192E-04
   7003.5411917084257        1.53762698       2.17330511E-04
   7005.9983988465883        1.60059536       2.13969339E-04
   7008.4556059847500        1.61252677       2.27804179E-04
   7010.9128131229118        1.75048208       2.47309159E-04
   7013.3700202610735        1.71192038       2.42306793E-04
   7015.8272273992352        1.75392699       2.47780787E-04
   7018.2844345373978        1.71023107       2.42117574E-04
   7020.7416416755586        1.72667670       2.44112554E-04
   7023.1988488137213        1.85011208       2.46599637E-04
   7025.6560559518830        1.83919692       2.59875320E-04
   7028.1132630900447        1.90813708       2.70036981E-04
   7030.5704702282064        1.97947049       2.80030305E-04
   7033.0276773663682        2.11877370       2.99414591E-04
   7035.4848845045308        2.18424678       3.08873452E-04
   7037.9420916426916        2.20715737       3.12391203E-04
   7040.3992987808542        2.29949856       3.24940687E-04
   7042.8565059190159        2.36694479       3.34710930E-04
   7045.3137130571777        2.35110354       3.32303811E-04
   7047.7709201953394        2.33068514       3.29013739E-04
   7050.2281273335011        2.03434896       2.88217154E-04
   7052.6853344716637        1.80016315       2.54321203E-04
   7055.1425416098255        1.55255389       2.19739857E-04
   7057.5997487479872        1.22856629       1.74090674E-04
   7060.0569558861489        1.01107478       1.43296100E-04
   7062.5141630243106       0.890450299       1.26244937E-04
   7064.9713701624732       0.918209612       1.29706852E-04
   7067.4285773006350       0.933699906       1.32213812E-04
   7069.8857844387967       0.970189095       1.37147377E-04
   7072.3429915769584        1.02554786       1.44891674E-04
   7074.8001987151201        1.01275742       1.43386380E-04
   7077.2574058532819        1.03136408       1.45864047E-04
   7079.7146129914436        1.08230710       1.52808803E-04
   7082.1718201296062        1.05001235       1.48679945E-04
   7084.6290272677679        1.02885163       1.45260783E-04
   7087.0862344059296       0.993411541       1.40470147E-04
   7089.5434415440914       0.858286381       1.21842437E-04
   7092.0006486822531       0.893763304       1.25902530E-04
   7094.4578558204148       0.833046257       1.18206881E-04
   7096.9150629585765       0.790291429       1.11768197E-04
   7099.3722700967392       0.849355817       1.20080338E-04
   7101.8294772349009       0.842729986       1.19430770E-04
   7104.2866843730626       0.941147089       1.32723260E-04
   7106.7438915112243       0.931242228       1.31966706E-04
   7109.2010986493860       0.953418732       1.34703398E-04
   7111.6583057875478       0.984912515       1.39337630E-04
   7114.1155129257095       0.995280445       1.40806194E-04
   7116.5727200638721        1.04149115       1.47093786E-04
   7119.0299272020338        1.03182995       1.45889091E-04
   7121.4871343401956       0.976275563       1.38182324E-04
   7123.9443414783573       0.958154976       1.35299866E-04
   7126.4015486165190       0.899164677       1.27268300E-04
   7128.8587557546816       0.816578865       1.15587121E-04
   7131.3159628928424       0.805679262       1.13908536E-04
   7133.7731700310051       0.774735689       1.09676686E-04
   7136.2303771691668       0.790005207       1.11813417E-04
   7138.6875843073285       0.827908337       1.16952462E-04
   7141.1447914454911       0.864924550       1.22266065E-04
   7143.6019985836519       0.823908925       1.16729279E-04
   7146.0592057218146       0.878593862       1.24091413E-04
   7148.5164128599763       0.877676606       1.24292026E-04
   7150.9736199981380       0.931657374       1.31452121E-04
   7153.4308271362997       0.894989729       1.26806495E-04
   7155.8880342744615       0.896122158       1.26503350E-04
   7158.3452414126241       0.865271330       1.22604921E-04
   7160.8024485507858       0.856195331       1.21133373E-04
   7163.2596556889475       0.917719483       1.29492561E-04
   7165.7168628271093       0.876648068       1.24299273E-04
   7168.1740699652710       0.884567380       1.25029677E-04
   7170.6312771034327       0.943054080       1.33391572E-04
   7173.0884842415944       0.958284378       1.35597569E-04
   7175.5456913797570        1.03384793       1.45987069E-04
   7178.0028985179188        1.01652002       1.44125661E-04
   7180.4601056560805        1.09340751       1.54357331E-04
   7182.9173127942422        1.13877904       1.61095479E-04
   7185.3745199324039        1.14233029       1.61460004E-04
   7187.8317270705656        1.14662147       1.62166398E-04
   7190.2889342087274        1.11956620       1.58507275E-04
   7192.7461413468900        1.16328263       1.64299534E-04
   7195.2033484850517        1.16293812       1.64437181E-04
   7197.6605556232134        1.11692345       1.57973001E-04
   7200.1177627613752        1.07810664       1.52582696E-04
   7202.5749698995369        1.06898701       1.51340821E-04
   7205.0321770376986        1.12769353       1.59395815E-04
   7207.4893841758603        1.18301463       1.67079823E-04
   7209.9465913140230        1.15117753       1.63106975E-04
   7212.4037984521847        1.16910315       1.65292324E-04
   7214.8610055903464        1.24493742       1.75983194E-04
   7217.3182127285090        1.24715436       1.76590838E-04
   7219.7754198666698        1.33471262       1.88447142E-04
   7222.2326270048325        1.33603215       1.89111001E-04
   7224.6898341429942        1.34962606       1.90717008E-04
   7227.1470412811559        1.34875429       1.90766223E-04
   7229.6042484193176        1.32156324       1.87265090E-04
   7232.0614555574793        1.40601015       1.98545618E-04
   7234.5186626956420        1.47338307       2.08401863E-04
   7236.9758698338028        1.45710170       2.06192781E-04
   7239.4330769719654        1.53811729       2.17400346E-04
   7241.8902841101271        1.54245770       2.18630448E-04
   7244.3474912482889        1.70831549       2.41008951E-04
   7246.8046983864506        1.74474025       2.47083604E-04
   7249.2619055246123        1.78063715       2.51875841E-04
   7251.7191126627749        1.90819740       2.69748532E-04
   7254.1763198009367        1.97909510       2.79670348E-04
   7256.6335269390984        1.98541403       2.81012035E-04
   7259.0907340772601        2.00070763       2.83108006E-04
   7261.5479412154218        2.13746572       3.01891268E-04
   7264.0051483535835        2.13392377       3.02234985E-04
   7266.4623554917453        2.22438693       3.13981844E-04
   7268.9195626299079        2.22239256       3.14322446E-04
   7271.3767697680696        2.08644533       2.95724021E-04
   7273.8339769062313        2.18952823       3.09286348E-04
   7276.2911840443930        2.26968527       3.21176456E-04
   7278.7483911825548        2.32025790       3.27945861E-04
   7281.2055983207165        2.39053774       3.38019658E-04
   7283.6628054588782        2.35745502       3.33649106E-04
   7286.1200125970408        2.44646621       3.45900946E-04
   7288.5772197352026        2.49580169       3.53301497E-04
   7291.0344268733643        2.66523838       3.76523793E-04
   7293.4916340115260        2.73318458       3.86612141E-04
   7295.9488411496877        2.77519345       3.92699527E-04
   7298.4060482878504        2.87825108       4.07266081E-04
   7300.8632554260121        3.09733653       4.37446579E-04
   7303.3204625641738        3.13976073       4.44345234E-04
   7305.7776697023355        3.18452311       4.50684776E-04
   7308.2348768404972        3.38363528       4.78240108E-04
   7310.6920839786590        3.53334665       4.99717484E-04
   7313.1492911168207        3.61860847       5.11827995E-04
   7315.6064982549833        3.76335120       5.31916390E-04
   7318.0637053931450        3.79766250       5.37275861E-04
   7320.5209125313067        3.86068368       5.45917253E-04
   7322.9781196694685        3.93514514       5.56292303E-04
   7325.4353268076302        3.93336630       5.56531362E-04
   7327.8925339457928        3.95691466       5.59885637E-04
   7330.3497410839536        4.13831568       5.84872440E-04
   7332.8069482221163        4.21749163       5.96412749E-04
   7335.2641553602780        4.23832560       5.99603634E-04
   7337.7213624984397        4.30950165       6.09266805E-04
   7340.1785696366014        4.38609648       6.20143896E-04
   7342.6357767747631        4.33940363       6.14040124E-04
   7345.0929839129258        4.42773438       6.25512446E-04
   7347.5501910510866        4.35053635       6.15265570E-04
   7350.0073981892492        4.16074085       5.89239353E-04
   7352.4646053274109        4.21653891       5.96022233E-04
   7354.9218124655727        4.35036707       6.15357654E-04
   7357.3790196037344        4.37667370       6.19216298E-04
   7359.8362267418961        4.60109377       6.50050293E-04
   7362.2934338800587        4.56470108       6.46382337E-04
   7364.7506410182204        4.74086380       6.70094858E-04
   7367.2078481563822        4.90129662       6.93087059E-04
   7369.6650552945439        4.99464512       7.05865212E-04
   7372.1222624327056        4.92398691       6.96518749E-04
   7374.5794695708682        4.83777905       6.84333267E-04
   7377.0366767090300        4.82424116       6.82232494E-04
   7379.4938838471917        4.84649706       6.85307372E-04
   7381.9510909853534        4.80415678       6.80025376E-04
   7384.4082981235151        4.95152664       6.99494500E-04
   7386.8655052616768        4.97980785       7.04254839E-04
   7389.3227123998386        4.82950306       6.83638034E-04
   7391.7799195380012        4.93902349       6.97792217E-04
   7394.2371266761629        4.91121387       6.94831659E-04
   7396.6943338143246        4.84037924       6.84418832E-04
   7399.1515409524864        4.83001089       6.82852464E-04
   7401.6087480906481        4.68303204       6.62946026E-04
   7404.0659552288098        4.73152828       6.68715511E-04
   7406.5231623669715        4.75982571       6.73503382E-04
   7408.9803695051341        4.78231430       6.76114170E-04
   7411.4375766432959        4.87377071       6.88755419E-04
   7413.8947837814576        4.69609737       6.64901920E-04
   7416.3519909196193        4.73024654       6.68505381E-04
   7418.8091980577810        4.73665476       6.70111971E-04
   7421.2664051959437        4.72161198       6.67737331E-04
   7423.7236123341045        4.77839756       6.75679243E-04
   7426.1808194722671        4.77835941       6.75765856E-04
   7428.6380266104288        4.78740692       6.76996890E-04
   7431.0952337485905        4.76686621       6.74183131E-04
   7433.5524408867523        4.77401733       6.74744835E-04
   7436.0096480249140        4.65462208       6.58690522E-04
   7438.4668551630766        4.59304953       6.49363443E-04
   7440.9240623012374        4.57773685       6.47518842E-04
   7443.3812694394001        4.50708199       6.38026570E-04
   7445.8384765775618        4.69649124       6.63325889E-04
   7448.2956837157235        4.69717836       6.64500927E-04
   7450.7528908538861        4.60450649       6.51395414E-04
   7453.2100979920478        4.66097689       6.58999896E-04
   7455.6673051302096        4.66344786       6.59843150E-04
   7458.1245122683713        4.75169706       6.71685382E-04
   7460.5817194065330        4.80579567       6.79673627E-04
   7463.0389265446947        4.79359102       6.78117212E-04
   7465.4961336828565        4.87709045       6.89477602E-04
   7467.9533408210191        4.89746809       6.92783447E-04
   7470.4105479591808        4.93418026       6.97430864E-04
   7472.8677550973425        4.90748596       6.94198126E-04
   7475.3249622355042        4.83747101       6.84406492E-04
   7477.7821693736660        4.92597103       6.96511939E-04
   7480.2393765118277        4.97577524       7.03805243E-04
   7482.6965836499894        5.06884432       7.16734736E-04
   7485.1537907881520        5.11920404       7.24190846E-04
   7487.6109979263138        5.24449253       7.40924908E-04
   7490.0682050644755        5.17182589       7.31834443E-04
   7492.5254122026372        5.07506657       7.18320778E-04
   7494.9826193407989        5.27289248       7.45009689E-04
   7497.4398264789606        5.32342958       7.52931403E-04
   7499.8970336171224        5.26725292       7.45536061E-04
   7502.3542407552850        5.44087887       7.69065227E-04
   7504.8114478934467        5.59217453       7.90516613E-04
   7507.2686550316084        5.54540110       7.84486474E-04
   7509.7258621697702        5.55158520       7.85093114E-04
   7512.1830693079319        5.58524418       7.89575453E-04
   7514.6402764460936        5.53602266       7.82900490E-04
   7517.0974835842553        5.41137648       7.65857752E-04
   7519.5546907224179        5.48008490       7.74832151E-04
   7522.0118978605797        5.57941389       7.88920443E-04
   7524.4691049987414        5.59620142       7.91422499E-04
   7526.9263121369040        5.60720873       7.92804174E-04
   7529.3835192750648        5.56582737       7.87493540E-04
   7531.8407264132275        5.58717489       7.90708931E-04
   7534.2979335513892        5.84605694       8.26342963E-04
   7536.7551406895509        6.04588270       8.54713202E-04
   7539.2123478277126        6.07051897       8.58487911E-04
   7541.6695549658743        6.06443930       8.57812644E-04
   7544.1267621040370        6.09857035       8.62585264E-04
   7546.5839692421978        6.20676041       8.77405575E-04
   7549.0411763803604        6.21282387       8.78715771E-04
   7551.4983835185221        6.18353653       8.74515215E-04
   7553.9555906566839        6.19805479       8.76479549E-04
   7556.4127977948456        6.18302679       8.74415739E-04
   7558.8700049330073        6.17393303       8.73039593E-04
   7561.3272120711699        6.12921381       8.66991293E-04
   7563.7844192093316        6.13327837       8.67348397E-04
   7566.2416263474934        6.15873241       8.70976597E-04
   7568.6988334856551        6.17579460       8.73066019E-04
   7571.1560406238168        6.10611629       8.63913738E-04
   7573.6132477619785        6.06644535       8.58580403E-04
   7576.0704549001402        6.31314135       8.92114651E-04
   7578.5276620383029        6.43003750       9.08686779E-04
   7580.9848691764637        6.23070240       8.80876149E-04
   7583.4420763146263        5.85324335       8.27917946E-04
   7585.8992834527880        5.46636486       7.72630097E-04
   7588.3564905909498        4.96483517       7.02189107E-04
   7590.8136977291124        4.30544567       6.09393348E-04
   7593.2709048672732        3.78387594       5.35411120E-04
   7595.7281120054358        3.33543825       4.72421205E-04
   7598.1853191435976        3.13306689       4.43188212E-04
   7600.6425262817593        3.05346656       4.32079600E-04
   7603.0997334199219        3.05124879       4.31725726E-04
   7605.5569405580827        3.14662457       4.45428013E-04
   7608.0141476962453        3.37256956       4.77698166E-04
   7610.4713548344071        3.82987094       5.40915760E-04
   7612.9285619725688        4.17250776       5.89036266E-04
   7615.3857691107305        4.02104998       5.69139142E-04
   7617.8429762488922        3.89154720       5.50500874E-04
   7620.3001833870549        3.89555812       5.50426776E-04
   7622.7573905252157        3.77430534       5.33680141E-04
   7625.2145976633783        3.51859784       4.97369037E-04
   7627.6718048015400        3.21507263       4.54648893E-04
   7630.1290119397017        2.75620103       3.90800880E-04
   7632.5862190778635        2.61499190       3.69618268E-04
   7635.0434262160252        2.55585003       3.61687853E-04
   7637.5006333541878        2.50579691       3.54186981E-04
   7639.9578404923486        2.47092724       3.49455804E-04
   7642.4150476305113        2.36555672       3.34762211E-04
   7644.8722547686730        2.37015080       3.34948389E-04
   7647.3294619068347        2.30737758       3.26183188E-04
   7649.7866690449964        2.18667603       3.09308321E-04
   7652.2438761831581        2.03442216       2.87594303E-04
   7654.7010833213208        1.89418411       2.67895462E-04
   7657.1582904594816        1.66291702       2.35437328E-04
   7659.6154975976442        1.56613755       2.21269758E-04
   7662.0727047358059        1.36891258       1.94060733E-04
   7664.5299118739676        1.30923784       1.85113677E-04
   7666.9871190121294        1.27543986       1.80681804E-04
   7669.4443261502911        1.34367096       1.89959494E-04
   7671.9015332884537        1.40941739       1.99630405E-04
   7674.3587404266145        1.55863011       2.20369271E-04
   7676.8159475647772        1.70782459       2.41372021E-04
   7679.2731547029389        1.80647230       2.55275867E-04
   7681.7303618411006        1.80075967       2.54817947E-04
   7684.1875689792632        1.83429885       2.59168126E-04
   7686.6447761174240        1.80789661       2.55818624E-04
   7689.1019832555867        1.79161966       2.52890663E-04
   7691.5591903937484        1.66679382       2.35999571E-04
   7694.0163975319101        1.49776745       2.11996274E-04
   7696.4736046700727        1.48006260       2.09197504E-04
   7698.9308118082336        1.39261234       1.97275076E-04
   7701.3880189463962        1.42492318       2.01666175E-04
   7703.8452260845579        1.50596642       2.13422274E-04
   7706.3024332227196        1.74827528       2.46868876E-04
   7708.7596403608813        1.88630712       2.67066585E-04
   7711.2168474990431        2.05408621       2.90251832E-04
   7713.6740546372057        2.18654776       3.09358496E-04
   7716.1312617753665        2.30143452       3.25269590E-04
   7718.5884689135291        2.39207315       3.38439015E-04
   7721.0456760516909        2.46003485       3.48205795E-04
   7723.5028831898526        2.66171002       3.76348209E-04
   7725.9600903280143        2.84180069       4.01676254E-04
   7728.4172974661760        2.96180153       4.18618583E-04
   7730.8745046043387        2.94135547       4.16506780E-04
   7733.3317117424995        3.06784344       4.33550071E-04
   7735.7889188806621        3.17870927       4.49397136E-04
   7738.2461260188238        3.17984843       4.49599058E-04
   7740.7033331569855        3.15215755       4.45535727E-04
   7743.1605402951473        3.02857494       4.28474741E-04
   7745.6177474333090        2.91111517       4.11733432E-04
   7748.0749545714716        2.84883261       4.02951497E-04
   7750.5321617096324        2.78679371       3.94154136E-04
   7752.9893688477950        2.77080655       3.91909911E-04
   7755.4465759859568        2.74935508       3.88914690E-04
   7757.9037831241185        2.79270339       3.95237992E-04
   7760.3609902622811        2.89435267       4.09050233E-04
   7762.8181974004419        3.00927377       4.25627717E-04
   7765.2754045386046        3.00829506       4.25614009E-04
   7767.7326116767663        3.16355824       4.47417551E-04
   7770.1898188149280        3.23350430       4.57480026E-04
   7772.6470259530906        3.47406793       4.90382256E-04
   7775.1042330912514        3.33674884       4.72529966E-04
   7777.5614402294141        3.34619164       4.72732005E-04
   7780.0186473675749        3.24745703       4.59908159E-04
   7782.4758545057375        3.30541658       4.66753088E-04
   7784.9330616438992        3.23636174       4.58239025E-04
   7787.3902687820610        3.20369649       4.52856155E-04
   7789.8474759202236        3.23907256       4.57988848E-04
   7792.3046830583844        3.15580559       4.46760125E-04
   7794.7618901965470        3.23386860       4.57572081E-04
   7797.2190973347087        3.41867304       4.83075419E-04
   7799.6763044728705        3.53948474       5.00533264E-04
   7802.1335116110322        3.52605152       4.99391288E-04
   7804.5907187491939        3.78108692       5.34270774E-04
   7807.0479258873565        3.95400095       5.59575798E-04
   7809.5051330255174        4.16278362       5.88570896E-04
   7811.9623401636800        4.39131689       6.20748673E-04
   7814.4195473018417        4.50051594       6.35792967E-04
   7816.8767544400034        4.37353134       6.19057391E-04
   7819.3339615781651        4.27675295       6.04714965E-04
   7821.7911687163269        4.31378508       6.09274080E-04
   7824.2483758544895        3.99545574       5.66432020E-04
   7826.7055829926503        3.99965501       5.64949878E-04
   7829.1627901308129        4.06392527       5.74511767E-04
   7831.6199972689747        3.83992195       5.43909729E-04
   7834.0772044071364        3.92428517       5.54875936E-04
   7836.5344115452981        4.05930090       5.74240868E-04
   7838.9916186834598        4.23197937       5.98111481E-04
   7841.4488258216224        4.29823399       6.08297123E-04
   7843.9060329597842        4.43367004       6.26008317E-04
   7846.3632400979459        4.37531853       6.19485974E-04
   7848.8204472361076        4.27264547       6.04673987E-04
   7851.2776543742693        4.54810286       6.42367057E-04
   7853.7348615124320        4.48804379       6.34753320E-04
   7856.1920686505928        4.42244148       6.25925139E-04
   7858.6492757887554        4.40386963       6.22538209E-04
   7861.1064829269171        4.54698515       6.42280094E-04
   7863.5636900650788        4.19189644       5.94087411E-04
   7866.0208972032406        4.28439093       6.05263689E-04
   7868.4781043414023        4.22645235       5.98610553E-04
   7870.9353114795649        4.44344854       6.27162168E-04
   7873.3925186177257        4.33530760       6.14273711E-04
   7875.8497257558884        4.41553116       6.24334556E-04
   7878.3069328940501        4.64278030       6.56447839E-04
   7880.7641400322118        4.77940893       6.76078547E-04
   7883.2213471703744        4.91643620       6.95915252E-04
   7885.6785543085352        5.28314209       7.45814817E-04
   7888.1357614466979        5.33178282       7.54116569E-04
   7890.5929685848587        5.14213467       7.27615377E-04
   7893.0501757230213        5.18159723       7.32395682E-04
   7895.5073828611830        5.09934330       7.21554563E-04
   7897.9645899993448        5.10896349       7.21888209E-04
   7900.4217971375074        4.99601030       7.06333085E-04
   7902.8790042756682        4.69386005       6.64491148E-04
   7905.3362114138308        4.56103897       6.45215507E-04
   7907.7934185519925        4.62106323       6.52929826E-04
   7910.2506256901543        4.48903704       6.35052565E-04
   7912.7078328283160        4.33709717       6.13668002E-04
   7915.1650399664777        4.31039810       6.09811337E-04
   7917.6222471046403        4.40060949       6.22183143E-04
   7920.0794542428021        4.46575928       6.31537347E-04
   7922.5366613809638        4.49444342       6.36219338E-04
   7924.9938685191255        4.68632841       6.62609411E-04
   7927.4510756572872        4.94814062       6.99562312E-04
   7929.9082827954498        5.05472946       7.14825233E-04
   7932.3654899336107        5.18506432       7.32570421E-04
   7934.8226970717733        5.05032539       7.14889145E-04
   7937.2799042099350        5.02838230       7.10589346E-04
   7939.7371113480967        4.98289585       7.04512873E-04
   7942.1943184862585        4.74433994       6.71196030E-04
   7944.6515256244202        4.59761190       6.50538830E-04
   7947.1087327625828        4.54622459       6.43544074E-04
   7949.5659399007436        4.75095797       6.71542657E-04
   7952.0231470389062        4.91071320       6.94553484E-04
   7954.4803541770680        5.02739000       7.10976950E-04
   7956.9375613152297        5.15809059       7.29649386E-04
   7959.3947684533914        5.33009148       7.53481931E-04
   7961.8519755915531        5.44821787       7.70393235E-04
   7964.3091827297158        5.45908785       7.72286963E-04
   7966.7663898678766        5.55949020       7.86075194E-04
   7969.2235970060392        5.63142347       7.96876033E-04
   7971.6808041442009        5.81137896       8.21135764E-04
   7974.1380112823626        5.88748693       8.31994519E-04
   7976.5952184205253        5.59834766       7.92462088E-04
   7979.0524255586861        5.47768497       7.74635293E-04
   7981.5096326968487        5.17474127       7.72921136E-04
   7983.9668398350095        5.14978933       7.65371893E-04
   7986.4240469731722        5.31804895       7.52348918E-04
   7988.8812541113339        5.25745678       7.43802986E-04
   7991.3384612494956        5.34520483       7.55949179E-04
   7993.7956683876582        5.45273209       7.71148596E-04
   7996.2528755258199        5.57914591       7.89038837E-04
   7998.7100826639817        5.68810892       8.04559910E-04
   8001.1672898021434        5.86143684       8.29050201E-04
   8003.6244969403051        6.04853296       8.55565595E-04
   8006.0817040784677        6.32556057       8.94080964E-04
   8008.5389112166285        6.44921112       9.11743613E-04
   8010.9961183547912        6.41647243       9.08507325E-04
   8013.4533254929529        6.61221266       9.34796059E-04
   8015.9105326311146        6.97173405       9.85252555E-04
   8018.3677397692763        6.90215588       9.77259595E-04
   8020.8249469074381        7.19126511       1.01641996E-03
   8023.2821540456007        7.39631224       1.04638957E-03
   8025.7393611837615        7.64783049       1.08131953E-03
   8028.1965683219241        7.85862398       1.11080799E-03
   8030.6537754600859        7.89007759       1.11691689E-03
   8033.1109825982476        8.05700684       1.14005408E-03
