   5529.2169088113069        3.96175496E-02   5.68744963E-06
   5531.6741159494686        3.52037102E-02   4.81387451E-06
   5534.1313230876303        1.94727965E-02   3.19904348E-06
   5536.5885302257930        1.92207042E-02   4.14896977E-06
   5539.0457373639547        6.14157654E-02   7.86119199E-06
   5541.5029445021164        1.92952212E-02   3.54365102E-06
   5543.9601516402781        2.24793814E-02   3.22566757E-06
   5546.4173587784398        3.29222530E-02   4.51770620E-06
   5548.8745659166016        1.92726497E-02   3.11590998E-06
   5551.3317730547642        3.35207060E-02   4.78467791E-06
   5553.7889801929259        5.02462350E-02   6.94597702E-06
   5556.2461873310876        5.29969186E-02   7.46490196E-06
   5558.7033944692494        5.76983318E-02   8.19732486E-06
   5561.1606016074111        6.20095953E-02   8.59536522E-06
   5563.6178087455728        5.83485588E-02   8.44754504E-06
   5566.0750158837354        6.24164194E-02   8.99046336E-06
   5568.5322230218972        8.12713876E-02   1.11046429E-05
   5570.9894301600589        6.34027645E-02   1.01528258E-05
   5573.4466372982206       0.113751128       1.51595559E-05
   5575.9038444363823       0.110929303       1.57256582E-05
   5578.3610515745440       0.125034198       1.14140548E-05
   5580.8182587127058       0.114178702       1.56039023E-05
   5583.2754658508684       0.125273541       1.76174290E-05
   5585.7326729890301       0.118103616       1.68335500E-05
   5588.1898801271918       0.130251840       1.85768549E-05
   5590.6470872653535       0.147100225       2.01457988E-05
   5593.1042944035153       0.122195274       1.77279308E-05
   5595.5615015416770       0.136798441       1.37894431E-05
   5598.0187086798396       0.136889905       1.85614954E-05
   5600.4759158180013       0.124959804       1.79117833E-05
   5602.9331229561631       0.126021519       1.76812191E-05
   5605.3903300943248       0.117976658       1.71381525E-05
   5607.8475372324865       0.140867636       1.94785862E-05
   5610.3047443706482       0.136451825       1.92619227E-05
   5612.7619515088109       0.116518557       1.66777972E-05
   5615.2191586469726       0.108952433       1.57782633E-05
   5617.6763657851343       0.127755493       1.76210233E-05
   5620.1335729232960       0.115497530       1.64138582E-05
   5622.5907800614577       0.129058719       1.34921247E-05
   5625.0479871996195       0.103007734       1.45362137E-05
   5627.5051943377821       0.115969338       1.65430283E-05
   5629.9624014759438       0.138824835       1.90619357E-05
   5632.4196086141055       0.122357748       1.75037021E-05
   5634.8768157522672       0.104486011       1.52204284E-05
   5637.3340228904290       0.121172033       1.66737136E-05
   5639.7912300285907       0.105323292       1.52858174E-05
   5642.2484371667524       0.108836293       1.56212172E-05
   5644.7056443049150       0.139000252       1.93884698E-05
   5647.1628514430768       0.146163195       2.05066117E-05
   5649.6200585812385       0.147531137       2.08368147E-05
   5652.0772657194002       0.136846751       1.97022055E-05
   5654.5344728575619       0.156088382       2.16005865E-05
   5656.9916799957236       0.136473909       1.99841143E-05
   5659.4488871338863       0.163107008       2.25530075E-05
   5661.9060942720480       0.159980610       2.24307241E-05
   5664.3633014102097       0.115670197       1.71856918E-05
   5666.8205085483714       0.126812249       1.79867075E-05
   5669.2777156865332       0.152206898       2.12341020E-05
   5671.7349228246949       0.150897652       2.14559568E-05
   5674.1921299628575       0.162415847       2.25813837E-05
   5676.6493371010192       0.135912284       1.98126654E-05
   5679.1065442391809       0.151665926       2.17010656E-05
   5681.5637513773427       0.192333177       2.67656633E-05
   5684.0209585155044       0.204300717       2.84283251E-05
   5686.4781656536661       0.171749622       2.46995860E-05
   5688.9353727918278       0.157250136       2.24569303E-05
   5691.3925799299905       0.162393838       2.30663300E-05
   5693.8497870681522       0.175986350       2.49015902E-05
   5696.3069942063139       0.194130436       2.68967906E-05
   5698.7642013444756       0.167383432       2.42084607E-05
   5701.2214084826373       0.170997620       2.44864132E-05
   5703.6786156207991       0.202711165       2.78158386E-05
   5706.1358227589617       0.163841456       2.40530935E-05
   5708.5930298971234       0.178106934       2.53941816E-05
   5711.0502370352851       0.217471600       2.97688694E-05
   5713.5074441734469       0.160374403       2.35982679E-05
   5715.9646513116086       0.155694529       2.23111238E-05
   5718.4218584497703       0.181993112       2.52791051E-05
   5720.8790655879329       0.172250494       2.45281790E-05
   5723.3362727260946       0.171455741       2.44041767E-05
   5725.7934798642564       0.187476009       2.62897429E-05
   5728.2506870024181       0.187567636       2.66004645E-05
   5730.7078941405798       0.193919942       2.72827747E-05
   5733.1651012787415       0.188553661       2.66449333E-05
   5735.6223084169033       0.180554286       2.57341308E-05
   5738.0795155550659       0.182456598       2.56042131E-05
   5740.5367226932276       0.176659748       2.53898761E-05
   5742.9939298313893       0.191161036       2.67824307E-05
   5745.4511369695510       0.204044059       2.86410650E-05
   5747.9083441077128       0.176237985       2.56979783E-05
   5750.3655512458745       0.214002922       2.96477956E-05
   5752.8227583840371       0.205051258       2.92535988E-05
   5755.2799655221988       0.215293929       3.01706823E-05
   5757.7371726603606       0.201111406       2.88770207E-05
   5760.1943797985223       0.221298859       3.09978677E-05
   5762.6515869366840       0.219353974       3.08962699E-05
   5765.1087940748457       0.206514552       2.92622444E-05
   5767.5660012130083       0.179823920       2.58305863E-05
   5770.0232083511701       0.187596574       2.64988848E-05
   5772.4804154893318       0.189964309       2.72710713E-05
   5774.9376226274935       0.226260588       3.12058582E-05
   5777.3948297656552       0.204740286       2.94899710E-05
   5779.8520369038170       0.214969009       3.02319386E-05
   5782.3092440419787       0.224726304       3.17114063E-05
   5784.7664511801413       0.221121520       3.12162956E-05
   5787.2236583183030       0.222162455       3.18624807E-05
   5789.6808654564647       0.252534568       3.54140393E-05
   5792.1380725946265       0.276138663       3.85020539E-05
   5794.5952797327882       0.239615262       3.45510271E-05
   5797.0524868709508       0.254100680       3.56883647E-05
   5799.5096940091125       0.253155261       3.59990554E-05
   5801.9669011472743       0.266999632       3.73416951E-05
   5804.4241082854360       0.248155996       3.53468713E-05
   5806.8813154235977       0.241584539       3.42630447E-05
   5809.3385225617594       0.240289032       3.37489910E-05
   5811.7957296999211       0.217939138       3.08868002E-05
   5814.2529368380838       0.172825292       2.52828395E-05
   5816.7101439762455       0.190835014       2.67678442E-05
   5819.1673511144072       0.198272154       2.78311054E-05
   5821.6245582525689       0.187202662       2.66802199E-05
   5824.0817653907307       0.188488603       2.68001786E-05
   5826.5389725288924       0.206826046       2.88551219E-05
   5828.9961796670550       0.194443986       2.79288888E-05
   5831.4533868052167       0.213144019       2.97252973E-05
   5833.9105939433784       0.207489163       2.92303102E-05
   5836.3678010815402       0.180431008       2.63548809E-05
   5838.8250082197019       0.212296829       2.92485292E-05
   5841.2822153578636       0.200619161       2.85043516E-05
   5843.7394224960262       0.167081594       2.42237656E-05
   5846.1966296341880       0.186125129       2.57463289E-05
   5848.6538367723497       0.149499595       2.18402020E-05
   5851.1110439105114       0.157481894       2.19632238E-05
   5853.5682510486731       0.152609840       2.18652840E-05
   5856.0254581868348       0.162387267       2.30820660E-05
   5858.4826653249966       0.188153669       2.59183216E-05
   5860.9398724631592       0.156375185       2.25802087E-05
   5863.3970796013209       0.143099517       2.06178483E-05
   5865.8542867394826       0.165553197       2.29331272E-05
   5868.3114938776444       0.146621093       2.08602924E-05
   5870.7687010158061       0.129719749       1.87371206E-05
   5873.2259081539678       0.141483068       2.00305112E-05
   5875.6831152921304       0.161106780       2.23805982E-05
   5878.1403224302921       0.143840358       2.02677875E-05
   5880.5975295684539       0.105934121       1.55129073E-05
   5883.0547367066156        8.91858563E-02   1.32585847E-05
   5885.5119438447773       0.119182900       1.60697236E-05
   5887.9691509829390        8.68410841E-02   1.28143174E-05
   5890.4263581211017        7.27193058E-02   1.11538893E-05
   5892.8835652592634       0.121505611       1.69918658E-05
   5895.3407723974251       0.155576870       2.13000876E-05
   5897.7979795355868       0.139372051       2.00463328E-05
   5900.2551866737485       0.139314055       1.97355512E-05
   5902.7123938119103       0.150603443       2.10186681E-05
   5905.1696009500720       0.130811319       1.90887258E-05
   5907.6268080882346       0.153801873       2.12504765E-05
   5910.0840152263963       0.147951499       2.10637500E-05
   5912.5412223645581       0.141110435       2.00762825E-05
   5914.9984295027198       0.149895012       2.10810595E-05
   5917.4556366408815       0.145435348       2.04323642E-05
   5919.9128437790432       0.130315021       1.88788017E-05
   5922.3700509172058       0.143722221       2.05381984E-05
   5924.8272580553676       0.177634135       2.43339782E-05
   5927.2844651935293       0.146070749       2.13175263E-05
   5929.7416723316910       0.154080689       2.16775825E-05
   5932.1988794698527       0.163901687       2.29419129E-05
   5934.6560866080144       0.145718530       2.09834907E-05
   5937.1132937461771       0.155712083       2.18920850E-05
   5939.5705008843388       0.161587343       2.28231147E-05
   5942.0277080225005       0.160631150       2.25079148E-05
   5944.4849151606622       0.143670619       2.04931785E-05
   5946.9421222988240       0.125764057       1.84964047E-05
   5949.3993294369857       0.160185009       2.19692101E-05
   5951.8565365751474       0.152389005       2.17347188E-05
   5954.3137437133100       0.145141661       2.09539648E-05
   5956.7709508514718       0.177782059       2.47360076E-05
   5959.2281579896335       0.182724208       2.57498232E-05
   5961.6853651277952       0.178095847       2.50247831E-05
   5964.1425722659569       0.156599537       2.26275679E-05
   5966.5997794041186       0.164685160       2.31441663E-05
   5969.0569865422813       0.171117499       2.40663685E-05
   5971.5141936804430       0.156713665       2.23348870E-05
   5973.9714008186047       0.158424482       2.24154992E-05
   5976.4286079567664       0.157860324       2.23165080E-05
   5978.8858150949281       0.160445765       2.27627843E-05
   5981.3430222330899       0.168501884       2.41869384E-05
   5983.8002293712525       0.205573156       2.83248792E-05
   5986.2574365094142       0.191603601       2.72587640E-05
   5988.7146436475759       0.172775134       2.45833853E-05
   5991.1718507857377       0.170089722       2.42550141E-05
   5993.6290579238994       0.174605608       2.43723189E-05
   5996.0862650620611       0.162301883       2.32379789E-05
   5998.5434722002228       0.154640466       2.20594429E-05
   6001.0006793383855       0.173990846       2.44263938E-05
   6003.4578864765472       0.172541156       2.45995816E-05
   6005.9150936147089       0.189895570       2.61815148E-05
   6008.3723007528706       0.186613619       2.03992204E-05
   6010.8295078910323       0.160168216       2.23177813E-05
   6013.2867150291941       0.180195689       2.54197694E-05
   6015.7439221673567       0.181379467       2.55028444E-05
   6018.2011293055184       0.184591755       2.60825782E-05
   6020.6583364436801       0.169602349       2.41230755E-05
   6023.1155435818418       0.174808219       2.49847417E-05
   6025.5727507200036       0.193817124       2.74216363E-05
   6028.0299578581653       0.224679530       3.10253308E-05
   6030.4871649963279       0.179120272       2.65357266E-05
   6032.9443721344896       0.217788979       3.00268257E-05
   6035.4015792726514       0.213963479       3.03751331E-05
   6037.8587864108131       0.200046718       2.84487178E-05
   6040.3159935489748       0.208097741       2.96680028E-05
   6042.7732006871365       0.229990304       3.20517138E-05
   6045.2304078252982       0.228223577       3.23479871E-05
   6047.6876149634609       0.214415282       3.06041256E-05
   6050.1448221016226       0.233642384       3.29120739E-05
   6052.6020292397843       0.236141995       3.33719472E-05
   6055.0592363779460       0.249209985       3.51940726E-05
   6057.5164435161078       0.245657578       3.45911394E-05
   6059.9736506542704       0.244903773       3.46819907E-05
   6062.4308577924321       0.221120000       3.21940170E-05
   6064.8880649305938       0.270711839       3.69758127E-05
   6067.3452720687555       0.257406890       2.99962830E-05
   6069.8024792069173       0.237973467       3.30942530E-05
   6072.2596863450790       0.258950740       3.63683685E-05
   6074.7168934832407       0.241977975       3.43674765E-05
   6077.1741006214033       0.242248222       3.42178646E-05
   6079.6313077595651       0.232333988       3.29586474E-05
   6082.0885148977268       0.232467711       3.31238844E-05
   6084.5457220358885       0.248606339       3.47038731E-05
   6087.0029291740502       0.240146473       3.40903280E-05
   6089.4601363122119       0.265282810       3.15354118E-05
   6091.9173434503737       0.239399433       3.36777739E-05
   6094.3745505885363       0.236210465       3.35462064E-05
   6096.8317577266980       0.254732817       3.56331366E-05
   6099.2889648648597       0.231071964       3.34634024E-05
   6101.7461720030215       0.268627495       3.70788584E-05
   6104.2033791411832       0.237094685       3.41863997E-05
   6106.6605862793458       0.243784487       3.41235864E-05
   6109.1177934175075       0.229753226       3.26141962E-05
   6111.5750005556692       0.214129195       3.06976835E-05
   6114.0322076938310       0.230401516       3.23662971E-05
   6116.4894148319927       0.239586592       3.36627527E-05
   6118.9466219701544       0.219922885       3.13339115E-05
   6121.4038291083161       0.221536860       3.13281635E-05
   6123.8610362464788       0.218959600       3.11336444E-05
   6126.3182433846405       0.231449232       3.21336811E-05
   6128.7754505228022       0.188633457       2.73667429E-05
   6131.2326576609639       0.180702075       2.57735101E-05
   6133.6898647991256       0.201835588       2.84199741E-05
   6136.1470719372874       0.209498599       2.93053399E-05
   6138.6042790754491       0.199904189       2.84117305E-05
   6141.0614862136117       0.185703233       2.64032824E-05
   6143.5186933517734       0.190363854       2.68103322E-05
   6145.9759004899352       0.176664233       2.53834351E-05
   6148.4331076280969       0.197994038       2.75702569E-05
   6150.8903147662586       0.188725531       2.70691835E-05
   6153.3475219044212       0.203121439       2.80900640E-05
   6155.8047290425829       0.172447905       2.50599624E-05
   6158.2619361807447       0.174746767       2.46874315E-05
   6160.7191433189064       0.193497181       2.72880752E-05
   6163.1763504570681       0.194970354       2.72689995E-05
   6165.6335575952298       0.184198752       2.61494897E-05
   6168.0907647333916       0.153818071       2.28327499E-05
   6170.5479718715542       0.203600034       2.77135568E-05
   6173.0051790097159       0.175525025       2.52457812E-05
   6175.4623861478776       0.160608217       2.28753433E-05
   6177.9195932860393       0.163694799       2.30042369E-05
   6180.3768004242011       0.151338026       2.15129221E-05
   6182.8340075623637       0.141206250       2.04798635E-05
   6185.2912147005254       0.170506388       2.35876068E-05
   6187.7484218386871       0.168595731       2.40379086E-05
   6190.2056289768489       0.174782753       2.45260289E-05
   6192.6628361150106       0.174729511       2.45923293E-05
   6195.1200432531723       0.151229247       2.17572397E-05
   6197.5772503913340       0.157588169       2.23367024E-05
   6200.0344575294966       0.169236466       2.38304146E-05
   6202.4916646676584       0.178119063       2.49444201E-05
   6204.9488718058201       0.162103221       2.31266185E-05
   6207.4060789439818       0.158948749       2.23590923E-05
   6209.8632860821435       0.142310560       2.06590103E-05
   6212.3204932203053       0.163291350       2.27320834E-05
   6214.7777003584670       0.165306300       2.32529710E-05
   6217.2349074966296       0.148261458       2.14106967E-05
   6219.6921146347913       0.166069984       2.34332529E-05
   6222.1493217729530       0.185483947       2.57609663E-05
   6224.6065289111148       0.164866865       2.35074931E-05
   6227.0637360492765       0.148352623       2.13351032E-05
   6229.5209431874382       0.160373375       2.26946067E-05
   6231.9781503256008       0.177533150       2.48523065E-05
   6234.4353574637626       0.177791774       2.50733792E-05
   6236.8925646019243       0.168037057       2.38808698E-05
   6239.3497717400860       0.166652739       2.35680254E-05
   6241.8069788782477       0.163016260       2.31043814E-05
   6244.2641860164094       0.164173782       2.33303454E-05
   6246.7213931545721       0.174190998       2.46383934E-05
   6249.1786002927338       0.191326544       2.69455522E-05
   6251.6358074308955       0.198716268       2.78328716E-05
   6254.0930145690572       0.187346667       2.65309191E-05
   6256.5502217072190       0.161972299       2.33178653E-05
   6259.0074288453807       0.169099897       2.39496294E-05
   6261.4646359835424       0.181492001       2.58721484E-05
   6263.9218431217050       0.210484475       2.90240823E-05
   6266.3790502598667       0.184323221       2.66330098E-05
   6268.8362573980285       0.186857179       2.65219187E-05
   6271.2934645361902       0.207669750       2.89715808E-05
   6273.7506716743519       0.191572517       2.75277525E-05
   6276.2078788125136       0.207163885       2.90702592E-05
   6278.6650859506763       0.213520974       3.02288336E-05
   6281.1222930888380       0.217007980       3.06315269E-05
   6283.5795002269997       0.222056285       3.14696517E-05
   6286.0367073651614       0.230885163       3.29094946E-05
   6288.4939145033231       0.265905529       3.72647628E-05
   6290.9511216414849       0.281352371       3.94984127E-05
   6293.4083287796475       0.272012651       3.85029271E-05
   6295.8655359178092       0.261782169       3.75233612E-05
   6298.3227430559709       0.289112687       4.06339859E-05
   6300.7799501941327       0.307844877       4.32530142E-05
   6303.2371573322944       0.299112797       4.23401216E-05
   6305.6943644704561       0.293062299       4.16026669E-05
   6308.1515716086178       0.295887023       4.22416524E-05
   6310.6087787467804       0.332117170       4.63071083E-05
   6313.0659858849422       0.325523913       4.61913623E-05
   6315.5231930231039       0.319280446       4.53834509E-05
   6317.9804001612656       0.336095601       4.70768027E-05
   6320.4376072994273       0.314855814       4.49718355E-05
   6322.8948144375890       0.320578754       4.55829504E-05
   6325.3520215757508       0.353976160       4.95918503E-05
   6327.8092287139134       0.355942577       5.03823831E-05
   6330.2664358520751       0.357684493       5.05613316E-05
   6332.7236429902368       0.363036454       5.14810672E-05
   6335.1808501283986       0.376990616       5.30789257E-05
   6337.6380572665603       0.381366819       5.39426401E-05
   6340.0952644047229       0.380454332       5.41057561E-05
   6342.5524715428846       0.408201486       5.70595948E-05
   6345.0096786810464       0.387347996       5.54259641E-05
   6347.4668858192081       0.405822605       5.70716184E-05
   6349.9240929573698       0.415748864       5.84744157E-05
   6352.3813000955315       0.382369667       5.45481089E-05
   6354.8385072336932       0.382741094       5.39775501E-05
   6357.2957143718559       0.370471478       5.28557612E-05
   6359.7529215100176       0.391639948       5.52213860E-05
   6362.2101286481793       0.410576195       5.77388892E-05
   6364.6673357863410       0.402145177       5.69598560E-05
   6367.1245429245027       0.397194415       5.63217873E-05
   6369.5817500626654       0.406180739       5.74516889E-05
   6372.0389572008271       0.416151673       5.85940761E-05
   6374.4961643389888       0.410456806       5.81515778E-05
   6376.9533714771505       0.402507961       5.67993120E-05
   6379.4105786153123       0.385916680       5.45281910E-05
   6381.8677857534740       0.344473183       4.95557688E-05
   6384.3249928916357       0.365939617       5.15715292E-05
   6386.7822000297983       0.386505783       5.47749005E-05
   6389.2394071679601       0.415752709       5.82077118E-05
   6391.6966143061218       0.411582708       5.82574612E-05
   6394.1538214442835       0.399794370       5.71507953E-05
   6396.6110285824452       0.441216171       6.16890102E-05
   6399.0682357206069       0.437599063       6.18490376E-05
   6401.5254428587687       0.418493867       5.95372730E-05
   6403.9826499969313       0.430879205       6.09103699E-05
   6406.4398571350930       0.443405837       6.24791355E-05
   6408.8970642732547       0.440580308       6.22352090E-05
   6411.3542714114164       0.425609112       6.02956934E-05
   6413.8114785495782       0.415444165       5.89309966E-05
   6416.2686856877408       0.415163934       5.86426104E-05
   6418.7258928259025       0.410238355       5.79956031E-05
   6421.1830999640642       0.399929464       5.71703713E-05
   6423.6403071022260       0.435936242       6.09435192E-05
   6426.0975142403877       0.430757701       6.09368217E-05
   6428.5547213785494       0.408209026       5.81304485E-05
   6431.0119285167111       0.422452688       5.95080492E-05
   6433.4691356548738       0.418439060       5.94324520E-05
   6435.9263427930355       0.432912469       6.08082737E-05
   6438.3835499311972       0.422403544       6.00691783E-05
   6440.8407570693589       0.426977813       6.02952423E-05
   6443.2979642075206       0.437802285       6.18159538E-05
   6445.7551713456824       0.431108594       6.09872804E-05
   6448.2123784838450       0.434119016       6.15761601E-05
   6450.6695856220067       0.445057392       6.27533154E-05
   6453.1267927601684       0.453294903       6.38251222E-05
   6455.5839998983301       0.426759601       6.12579024E-05
   6458.0412070364919       0.468634874       6.51664741E-05
   6460.4984141746536       0.435822457       6.25533357E-05
   6462.9556213128162       0.451952904       6.39736099E-05
   6465.4128284509779       0.497008294       6.95332710E-05
   6467.8700355891397       0.473252475       6.72166789E-05
   6470.3272427273014       0.465777010       6.57071796E-05
   6472.7844498654631       0.439906597       6.27506161E-05
   6475.2416570036248       0.445706934       6.29693968E-05
   6477.6988641417865       0.457251281       6.47967317E-05
   6480.1560712799492       0.473020941       6.65301486E-05
   6482.6132784181109       0.470865995       6.66832784E-05
   6485.0704855562726       0.462808460       6.59020734E-05
   6487.5276926944343       0.497306108       6.99447410E-05
   6489.9848998325961       0.506661057       7.16857976E-05
   6492.4421069707587       0.520877182       7.37567607E-05
   6494.8993141089204       0.547539890       7.75060398E-05
   6497.3565212470821       0.587078214       8.24078961E-05
   6499.8137283852438       0.584369063       8.29560740E-05
   6502.2709355234056       0.601237893       8.51197838E-05
   6504.7281426615673       0.635533869       8.95712074E-05
   6507.1853497997290       0.650152802       9.17008874E-05
   6509.6425569378916       0.645663500       9.15873024E-05
   6512.0997640760534       0.662070215       9.38541780E-05
   6514.5569712142151       0.704886377       9.93090725E-05
   6517.0141783523768       0.729725718       1.03236722E-04
   6519.4713854905385       0.762646198       1.07971806E-04
   6521.9285926287002       0.817221999       1.15213683E-04
   6524.3857997668620       0.855298519       1.20755445E-04
   6526.8430069050246       0.882824600       1.24585800E-04
   6529.3002140431863       0.901016951       1.27605090E-04
   6531.7574211813480       0.937688887       1.32554502E-04
   6534.2146283195098       0.987063468       1.38936695E-04
   6536.6718354576715       0.990721881       1.40118296E-04
   6539.1290425958341       0.987761319       1.39135765E-04
   6541.5862497339958       0.930828094       1.32193105E-04
   6544.0434568721575       0.886568546       1.25893072E-04
   6546.5006640103193       0.879446685       1.23974503E-04
   6548.9578711484810       0.829087198       1.18266813E-04
   6551.4150782866427       0.844621778       1.19850767E-04
   6553.8722854248044       0.928270161       1.32771020E-04
   6556.3294925629671        1.14598227       1.62375130E-04
   6558.7866997011288        1.40817487       1.93253494E-04
   6561.2439068392905        1.21713257       1.73091525E-04
   6563.7011139774522       0.845485866       1.24147351E-04
   6566.1583211156139       0.733504415       1.05182764E-04
   6568.6155282537766       0.720445395       1.01959246E-04
   6571.0727353919374       0.706846595       9.99305921E-05
   6573.5299425301000       0.682580709       9.68126333E-05
   6575.9871496682617       0.676842034       9.58303135E-05
   6578.4443568064235       0.679979622       9.64729334E-05
   6580.9015639445852       0.714850664       1.00797624E-04
   6583.3587710827469       0.740870774       1.04290375E-04
   6585.8159782209095       0.736141562       1.04113256E-04
   6588.2731853590703       0.727068245       1.03059007E-04
   6590.7303924972330       0.738614142       1.03986713E-04
   6593.1875996353947       0.715696633       1.01784113E-04
   6595.6448067735564       0.727790058       1.02573547E-04
   6598.1020139117181       0.731061935       1.03081860E-04
   6600.5592210498799       0.696671903       9.90198314E-05
   6603.0164281880425       0.704788923       9.97037278E-05
   6605.4736353262042       0.718447864       1.01782411E-04
   6607.9308424643659       0.756476462       1.06500236E-04
   6610.3880496025276       0.763537526       1.07710068E-04
   6612.8452567406894       0.748100162       1.05736326E-04
   6615.3024638788520       0.715386212       1.01562036E-04
   6617.7596710170128       0.705567181       9.95104856E-05
   6620.2168781551754       0.664788961       9.44679778E-05
   6622.6740852933372       0.643856287       9.12589021E-05
   6625.1312924314989       0.642398477       9.14179545E-05
   6627.5884995696606       0.685972452       9.63943385E-05
   6630.0457067078223       0.697516799       9.78666794E-05
   6632.5029138459849       0.626395106       8.96472193E-05
   6634.9601209841458       0.620726526       8.82195163E-05
   6637.4173281223084       0.662514806       9.31710383E-05
   6639.8745352604701       0.671210647       9.47628214E-05
   6642.3317423986318       0.663852215       9.36626020E-05
   6644.7889495367936       0.634714127       8.97753926E-05
   6647.2461566749553       0.583952785       8.30444624E-05
   6649.7033638131179       0.556885660       7.91566126E-05
   6652.1605709512796       0.556839824       7.89970072E-05
   6654.6177780894413       0.583336711       8.20415080E-05
   6657.0749852276031       0.581565201       8.25347233E-05
   6659.5321923657648       0.602587998       8.52170706E-05
   6661.9893995039274       0.636966705       8.96542115E-05
   6664.4466066420882       0.643292546       9.07824433E-05
   6666.9038137802509       0.632180512       8.94689147E-05
   6669.3610209184126       0.624807954       8.86629568E-05
   6671.8182280565743       0.639545023       9.01093154E-05
   6674.2754351947360       0.633491397       8.93851902E-05
   6676.7326423328977       0.593782067       8.42322843E-05
   6679.1898494710604       0.563326299       7.99393238E-05
   6681.6470566092212       0.542482972       7.71884879E-05
   6684.1042637473838       0.559331536       7.88885663E-05
   6686.5614708855455       0.566873670       8.01697461E-05
   6689.0186780237073       0.574574590       8.11787177E-05
   6691.4758851618690       0.581828952       8.23751834E-05
   6693.9330923000307       0.599211633       8.47624324E-05
   6696.3902994381933       0.628669441       8.87086426E-05
   6698.8475065763550       0.650607705       9.17545258E-05
   6701.3047137145168       0.657957435       9.28415902E-05
   6703.7619208526785       0.647639930       9.17216603E-05
   6706.2191279908402       0.644901931       9.13032709E-05
   6708.6763351290019       0.647210419       9.10234739E-05
   6711.1335422671636       0.604132235       8.57570194E-05
   6713.5907494053263       0.556330323       7.93222644E-05
   6716.0479565434880       0.555735171       7.84310832E-05
   6718.5051636816497       0.537462473       7.63602366E-05
   6720.9623708198114       0.542017341       7.66422017E-05
   6723.4195779579732       0.551745415       7.81646013E-05
   6725.8767850961358       0.574849606       8.11413338E-05
   6728.3339922342975       0.594288766       8.37645348E-05
   6730.7911993724592       0.594137669       8.41107612E-05
   6733.2484065106210       0.600850821       8.51621007E-05
   6735.7056136487827       0.626995265       8.82227614E-05
   6738.1628207869444       0.623978078       8.82323584E-05
   6740.6200279251061       0.612805843       8.69513533E-05
   6743.0772350632687       0.626547098       8.84518449E-05
   6745.5344422014305       0.630241394       8.88680952E-05
   6747.9916493395922       0.610733330       8.66222035E-05
   6750.4488564777539       0.602566838       8.55414619E-05
   6752.9060636159156       0.625318587       8.82218155E-05
   6755.3632707540773       0.638173699       9.03125474E-05
   6757.8204778922391       0.659617126       9.31640243E-05
   6760.2776850304017       0.683263898       9.68782333E-05
   6762.7348921685634       0.731779575       1.02888822E-04
   6765.1920993067251       0.751641393       1.06065447E-04
   6767.6493064448869       0.748630941       1.06418025E-04
   6770.1065135830486       0.794504225       1.11398665E-04
   6772.5637207212112       0.772634864       1.09282526E-04
   6775.0209278593729       0.724381924       1.03073922E-04
   6777.4781349975347       0.715606809       1.00701203E-04
   6779.9353421356964       0.656172335       9.36300057E-05
   6782.3925492738581       0.631744087       8.99860606E-05
   6784.8497564120198       0.665408075       9.30357855E-05
   6787.3069635501815       0.611472309       8.77522034E-05
   6789.7641706883442       0.637776256       9.04097105E-05
   6792.2213778265059       0.707922518       9.90854751E-05
   6794.6785849646676       0.701511621       9.98525356E-05
   6797.1357921028293       0.746005714       1.04813982E-04
   6799.5929992409910       0.753151655       1.05982690E-04
   6802.0502063791528       0.699662089       9.99224649E-05
   6804.5074135173145       0.715065241       1.01503370E-04
   6806.9646206554771       0.773645520       1.08406981E-04
   6809.4218277936388       0.762274623       1.07764885E-04
   6811.8790349318006       0.733069539       1.04087965E-04
   6814.3362420699623       0.733963966       1.03801678E-04
   6816.7934492081240       0.737760186       1.04537750E-04
   6819.2506563462866       0.757023394       1.06700834E-04
   6821.7078634844484       0.756485939       1.07105858E-04
   6824.1650706226101       0.758603990       1.07623287E-04
   6826.6222777607718       0.795802414       1.11867346E-04
   6829.0794848989335       0.787512183       1.11680652E-04
   6831.5366920370961       0.795504093       1.12405818E-04
   6833.9938991752570       0.809484124       1.14272676E-04
   6836.4511063134196       0.802646041       1.13958937E-04
   6838.9083134515813       0.837409735       1.18253149E-04
   6841.3655205897430       0.867475092       1.21864985E-04
   6843.8227277279047       0.831799269       1.17658587E-04
   6846.2799348660665       0.768480361       1.09632958E-04
   6848.7371420042291       0.768871427       1.08565437E-04
   6851.1943491423908       0.761887908       1.08214350E-04
   6853.6515562805525       0.786771178       1.11410467E-04
   6856.1087634187143       0.843337655       1.18888885E-04
   6858.5659705568760       0.879271269       1.23638034E-04
   6861.0231776950377       0.860337794       1.20942641E-04
   6863.4803848331994       0.744214594       1.06375934E-04
   6865.9375919713621       0.658834338       9.41638864E-05
   6868.3947991095238       0.644302666       9.21205938E-05
   6870.8520062476855       0.708865404       1.00251556E-04
   6873.3092133858472       0.800544739       1.12036716E-04
   6875.7664205240089       0.815306008       1.15572453E-04
   6878.2236276621707       0.853275239       1.20083547E-04
   6880.6808348003324       0.860349298       1.21219804E-04
   6883.1380419384950       0.816657484       1.16140560E-04
   6885.5952490766567       0.814344645       1.15230432E-04
   6888.0524562148184       0.820633471       1.15871189E-04
   6890.5096633529802       0.808785021       1.14910217E-04
   6892.9668704911419       0.834706962       1.17600575E-04
   6895.4240776293036       0.840123773       1.18989061E-04
   6897.8812847674662       0.848663747       1.20056284E-04
   6900.3384919056280       0.877131343       1.23808830E-04
   6902.7956990437897       0.884086967       1.25509279E-04
   6905.2529061819514       0.936437786       1.31541557E-04
   6907.7101133201131       0.926920891       1.31387991E-04
   6910.1673204582748       0.923532009       1.30257453E-04
   6912.6245275964375       0.892702520       1.26503190E-04
   6915.0817347345992       0.855011761       1.21688798E-04
   6917.5389418727609       0.881074846       1.24786500E-04
   6919.9961490109226       0.934746206       1.32476576E-04
   6922.4533561490844        1.02848780       1.44735779E-04
   6924.9105632872470        1.08810401       1.52806548E-04
   6927.3677704254078        1.07006991       1.52171007E-04
   6929.8249775635704        1.10438693       1.55780115E-04
   6932.2821847017321        1.13437700       1.59924137E-04
   6934.7393918398939        1.10921526       1.58347058E-04
   6937.1965989780556        1.20773435       1.69538980E-04
   6939.6538061162173        1.24093735       1.75906578E-04
   6942.1110132543799        1.30152261       1.83996817E-04
   6944.5682203925408        1.38715839       1.94787528E-04
   6947.0254275307034        1.36677706       1.93244909E-04
   6949.4826346688651        1.31774497       1.86555713E-04
   6951.9398418070268        1.26624513       1.79794617E-04
   6954.3970489451885        1.25057101       1.77730166E-04
   6956.8542560833503        1.31074619       1.84797580E-04
   6959.3114632215129        1.34572399       1.90500141E-04
   6961.7686703596746        1.39778566       1.97185000E-04
   6964.2258774978363        1.43149722       2.01585091E-04
   6966.6830846359981        1.38700938       1.97059329E-04
   6969.1402917741598        1.40161097       1.98401744E-04
   6971.5974989123215        1.45218027       2.05569580E-04
   6974.0547060504832        1.52598310       2.15065840E-04
   6976.5119131886458        1.56949735       2.21369832E-04
   6978.9691203268076        1.55521941       2.19827503E-04
   6981.4263274649693        1.52645099       2.15900567E-04
   6983.8835346031310        1.47539294       2.09628197E-04
   6986.3407417412927        1.48856473       2.09801889E-04
   6988.7979488794554        1.44872427       2.05834847E-04
   6991.2551560176171        1.45397377       2.05646793E-04
   6993.7123631557788        1.48246408       2.09519465E-04
   6996.1695702939405        1.48762131       2.10957020E-04
   6998.6267774321022        1.54989398       2.18507819E-04
   7001.0839845702640        1.57256508       2.22641538E-04
   7003.5411917084257        1.61536324       2.28396544E-04
   7005.9983988465883        1.67724931       2.37424741E-04
   7008.4556059847500        1.76095235       2.47454474E-04
   7010.9128131229118        1.74882936       2.47992517E-04
   7013.3700202610735        1.75592160       2.48527533E-04
   7015.8272273992352        1.81421328       2.55472260E-04
   7018.2844345373978        1.77956033       2.53042585E-04
   7020.7416416755586        1.86504483       2.63259775E-04
   7023.1988488137213        1.96121025       2.78097345E-04
   7025.6560559518830        2.14038134       3.00550571E-04
   7028.1132630900447        2.22573328       3.14558652E-04
   7030.5704702282064        2.29857612       3.25163302E-04
   7033.0276773663682        2.43001986       3.41340579E-04
   7035.4848845045308        2.40437269       3.41075560E-04
   7037.9420916426916        2.44535756       3.45420296E-04
   7040.3992987808542        2.49998379       3.53126088E-04
   7042.8565059190159        2.50865293       3.54272022E-04
   7045.3137130571777        2.47847724       3.48461908E-04
   7047.7709201953394        2.19174147       3.11057724E-04
   7050.2281273335011        1.77033544       2.53152655E-04
   7052.6853344716637        1.28811753       1.87569429E-04
   7055.1425416098255       0.975349963       1.41994286E-04
   7057.5997487479872       0.930522621       1.32001820E-04
   7060.0569558861489       0.918201804       1.30133150E-04
   7062.5141630243106       0.929816782       1.32158413E-04
   7064.9713701624732        1.01731753       1.43214871E-04
   7067.4285773006350        1.08936286       1.52818291E-04
   7069.8857844387967        1.08441329       1.53434710E-04
   7072.3429915769584        1.09436309       1.55123300E-04
   7074.8001987151201        1.15757167       1.63030942E-04
   7077.2574058532819        1.19607317       1.68407743E-04
   7079.7146129914436        1.18476748       1.67464299E-04
   7082.1718201296062        1.16086233       1.63151140E-04
   7084.6290272677679        1.03142524       1.46599385E-04
   7087.0862344059296       0.876031220       1.25728984E-04
   7089.5434415440914       0.837775350       1.19039716E-04
   7092.0006486822531       0.849001050       1.20360542E-04
   7094.4578558204148       0.888324320       1.25078455E-04
   7096.9150629585765       0.902380288       1.27726482E-04
   7099.3722700967392       0.921670556       1.30270419E-04
   7101.8294772349009       0.956740558       1.35233582E-04
   7104.2866843730626       0.991321802       1.40212884E-04
   7106.7438915112243        1.05159152       1.47991639E-04
   7109.2010986493860        1.06751323       1.50985899E-04
   7111.6583057875478        1.09272611       1.54253197E-04
   7114.1155129257095        1.10376668       1.56131413E-04
   7116.5727200638721        1.11974621       1.57610673E-04
   7119.0299272020338        1.07227755       1.51785600E-04
   7121.4871343401956        1.00129211       1.41797165E-04
   7123.9443414783573       0.913407922       1.29941152E-04
   7126.4015486165190       0.845378399       1.20468903E-04
   7128.8587557546816       0.835665941       1.18265263E-04
   7131.3159628928424       0.833759904       1.18147458E-04
   7133.7731700310051       0.849027514       1.20156466E-04
   7136.2303771691668       0.883752525       1.24806596E-04
   7138.6875843073285       0.914172530       1.29058390E-04
   7141.1447914454911       0.934479713       1.31608511E-04
   7143.6019985836519       0.917070568       1.30364147E-04
   7146.0592057218146       0.945305467       1.33629379E-04
   7148.5164128599763       0.994905412       1.40117991E-04
   7150.9736199981380       0.999147236       1.41596553E-04
   7153.4308271362997        1.03499281       1.45611033E-04
   7155.8880342744615        1.01476181       1.43767451E-04
   7158.3452414126241        1.00412154       1.42165067E-04
   7160.8024485507858        1.00341308       1.41308163E-04
   7163.2596556889475       0.950592935       1.35267488E-04
   7165.7168628271093       0.930719316       1.32082656E-04
   7168.1740699652710       0.959880590       1.35200069E-04
   7170.6312771034327       0.941983819       1.34473637E-04
   7173.0884842415944        1.02281892       1.43484154E-04
   7175.5456913797570        1.04798377       1.48504492E-04
   7178.0028985179188        1.08225811       1.52636421E-04
   7180.4601056560805        1.11457622       1.57305039E-04
   7182.9173127942422        1.10545754       1.56878959E-04
   7185.3745199324039        1.15224826       1.62679862E-04
   7187.8317270705656        1.18996942       1.67829756E-04
   7190.2889342087274        1.18638837       1.66720158E-04
   7192.7461413468900        1.07741940       1.53739267E-04
   7195.2033484850517        1.00739789       1.42589357E-04
   7197.6605556232134       0.983416021       1.44996215E-04
   7200.1177627613752        1.33625805       1.84356235E-04
   7202.5749698995369        1.13822114       2.04238662E-04
   7205.0321770376986        1.06789351       1.58640411E-04
   7207.4893841758603        1.23558402       1.72034066E-04
   7209.9465913140230        1.25847661       1.79294555E-04
   7212.4037984521847        1.34638906       1.87919373E-04
   7214.8610055903464        1.29065502       1.84649689E-04
   7217.3182127285090        1.34883416       1.90597159E-04
   7219.7754198666698        1.45429528       2.04432828E-04
   7222.2326270048325        1.45594537       2.06980199E-04
   7224.6898341429942        1.54088891       2.16027634E-04
   7227.1470412811559        1.50862229       2.13535604E-04
   7229.6042484193176        1.41906238       2.02089243E-04
   7232.0614555574793        1.44829237       2.04918004E-04
   7234.5186626956420        1.47878730       2.09099788E-04
   7236.9758698338028        1.52447534       2.15322973E-04
   7239.4330769719654        1.55733502       2.21831986E-04
   7241.8902841101271        1.72655106       2.41793634E-04
   7244.3474912482889        1.77009594       2.50682293E-04
   7246.8046983864506        1.81005752       2.56373576E-04
   7249.2619055246123        1.92748225       2.70855438E-04
   7251.7191126627749        1.91421866       2.72084813E-04
   7254.1763198009367        2.00743198       2.83259433E-04
   7256.6335269390984        2.09265637       2.95526726E-04
   7259.0907340772601        2.14252663       3.02777073E-04
   7261.5479412154218        2.20309210       3.12052696E-04
   7264.0051483535835        2.29476023       3.22754378E-04
   7266.4623554917453        2.27994871       3.22163425E-04
   7268.9195626299079        2.16077232       3.06196947E-04
   7271.3767697680696        2.07020879       2.94467376E-04
   7273.8339769062313        2.05174804       2.92512908E-04
   7276.2911840443930        2.25701499       3.17387428E-04
   7278.7483911825548        2.36089921       3.35118937E-04
   7281.2055983207165        2.57353568       3.59848753E-04
   7283.6628054588782        2.51060390       3.56122589E-04
   7286.1200125970408        2.44622135       3.48076457E-04
   7288.5772197352026        2.58291721       3.65035317E-04
   7291.0344268733643        2.73575711       3.86655040E-04
   7293.4916340115260        2.91334391       4.11171728E-04
   7295.9488411496877        3.06771350       4.32144268E-04
   7298.4060482878504        3.11517763       4.41032287E-04
   7300.8632554260121        3.20579195       4.54344758E-04
   7303.3204625641738        3.40476799       4.79092909E-04
   7305.7776697023355        3.46868944       4.90580278E-04
   7308.2348768404972        3.51098061       4.96048422E-04
   7310.6920839786590        3.56222105       5.05434058E-04
   7313.1492911168207        3.71930909       5.25058305E-04
   7315.6064982549833        3.89933801       5.50171535E-04
   7318.0637053931450        3.96888041       5.63235139E-04
   7320.5209125313067        4.24459505       5.95458900E-04
   7322.9781196694685        4.17494678       5.91208111E-04
   7325.4353268076302        4.08570385       5.78662672E-04
   7327.8925339457928        4.06136894       5.77556493E-04
   7330.3497410839536        4.28677988       6.05548557E-04
   7332.8069482221163        4.55552864       6.42107858E-04
   7335.2641553602780        4.70064640       6.64264546E-04
   7337.7213624984397        4.83009291       6.79773977E-04
   7340.1785696366014        4.69640350       6.64070132E-04
   7342.6357767747631        4.42501450       6.30371622E-04
   7345.0929839129258        4.46455860       6.32105686E-04
   7347.5501910510866        4.60932493       6.50611008E-04
   7350.0073981892492        4.65908957       6.57803030E-04
   7352.4646053274109        4.63320065       6.55716693E-04
   7354.9218124655727        4.61376810       6.54838514E-04
   7357.3790196037344        4.82589579       6.82328595E-04
   7359.8362267418961        5.09096336       7.17413321E-04
   7362.2934338800587        5.24130630       7.39466399E-04
   7364.7506410182204        5.24713039       7.42497970E-04
   7367.2078481563822        5.30617762       7.48558959E-04
   7369.6650552945439        5.18952465       7.34658155E-04
   7372.1222624327056        5.08311367       7.19913049E-04
   7374.5794695708682        5.02062559       7.11971836E-04
   7377.0366767090300        5.12712049       7.24495389E-04
   7379.4938838471917        5.22589207       7.39210926E-04
   7381.9510909853534        5.37217379       7.57559610E-04
   7384.4082981235151        5.37571001       7.59930466E-04
   7386.8655052616768        5.32794952       7.53495668E-04
   7389.3227123998386        5.25445127       7.43496581E-04
   7391.7799195380012        5.18077421       7.33696157E-04
   7394.2371266761629        5.16838694       7.32151035E-04
   7396.6943338143246        5.26913595       7.43582903E-04
   7399.1515409524864        5.26277637       7.43037614E-04
   7401.6087480906481        5.11965847       7.25383870E-04
   7404.0659552288098        5.03835297       7.14984024E-04
   7406.5231623669715        5.17208242       7.31740671E-04
   7408.9803695051341        5.38150120       7.56666122E-04
   7411.4375766432959        5.27814627       7.45721278E-04
   7413.8947837814576        4.99670935       7.10386958E-04
   7416.3519909196193        4.96611404       7.03876605E-04
   7418.8091980577810        5.08376169       7.18699943E-04
   7421.2664051959437        5.23271036       7.38312141E-04
   7423.7236123341045        5.29498148       7.49003200E-04
   7426.1808194722671        5.37544012       7.57759088E-04
   7428.6380266104288        5.28398418       7.47381826E-04
   7431.0952337485905        5.10473824       7.24028971E-04
   7433.5524408867523        5.07574606       7.17929332E-04
   7436.0096480249140        5.03300524       7.12117646E-04
   7438.4668551630766        5.01011324       7.08035019E-04
   7440.9240623012374        4.91407251       6.96117349E-04
   7443.3812694394001        4.89705038       6.94222224E-04
   7445.8384765775618        5.01182842       7.07773666E-04
   7448.2956837157235        5.11418819       7.21449382E-04
   7450.7528908538861        5.05027914       7.15443166E-04
   7453.2100979920478        5.08990431       7.18360883E-04
   7455.6673051302096        5.00555086       7.10783293E-04
   7458.1245122683713        5.14105368       7.26097671E-04
   7460.5817194065330        5.26400137       7.42444652E-04
   7463.0389265446947        5.24556971       7.43125158E-04
   7465.4961336828565        5.30554676       7.49138533E-04
   7467.9533408210191        5.32573318       7.52169697E-04
   7470.4105479591808        5.20117807       7.38414121E-04
   7472.8677550973425        5.31159401       7.49624916E-04
   7475.3249622355042        5.32877636       7.54462846E-04
   7477.7821693736660        5.41641712       7.65933888E-04
   7480.2393765118277        5.54207373       7.82795541E-04
   7482.6965836499894        5.61782026       7.92710867E-04
   7485.1537907881520        5.55590487       7.87634344E-04
   7487.6109979263138        5.61706495       7.93051906E-04
   7490.0682050644755        5.61597443       7.94490741E-04
   7492.5254122026372        5.60104704       7.94385967E-04
   7494.9826193407989        5.79830170       8.17204185E-04
   7497.4398264789606        5.82925987       8.24142888E-04
   7499.8970336171224        5.80414867       8.21823312E-04
   7502.3542407552850        5.88145494       8.31323559E-04
   7504.8114478934467        5.92988300       8.37823434E-04
   7507.2686550316084        5.92952204       8.39259825E-04
   7509.7258621697702        5.96384621       8.42697977E-04
   7512.1830693079319        5.96525764       8.43625981E-04
   7514.6402764460936        5.93038988       8.39502027E-04
   7517.0974835842553        5.95630503       8.40706867E-04
   7519.5546907224179        5.83985996       8.28577904E-04
   7522.0118978605797        5.88356447       8.31515819E-04
   7524.4691049987414        5.95794296       8.43680522E-04
   7526.9263121369040        6.09336996       8.59900552E-04
   7529.3835192750648        6.19253349       8.75732920E-04
   7531.8407264132275        6.25599384       8.86588881E-04
   7534.2979335513892        6.55766821       9.22757783E-04
   7536.7551406895509        6.54014397       9.26879817E-04
   7539.2123478277126        6.64968872       9.37064120E-04
   7541.6695549658743        6.54451227       9.27602756E-04
   7544.1267621040370        6.49581051       9.18420090E-04
   7546.5839692421978        6.47595978       9.16615303E-04
   7549.0411763803604        6.46607351       9.16400633E-04
   7551.4983835185221        6.66299057       9.38709476E-04
   7553.9555906566839        6.63066721       9.39248712E-04
   7556.4127977948456        6.68056917       9.42651241E-04
   7558.8700049330073        6.63866711       9.39347257E-04
   7561.3272120711699        6.56268501       9.28374997E-04
   7563.7844192093316        6.55827284       9.25565721E-04
   7566.2416263474934        6.37966919       9.07482638E-04
   7568.6988334856551        6.62583923       9.34338546E-04
   7571.1560406238168        6.82071543       9.61537939E-04
   7573.6132477619785        6.77682114       9.60082281E-04
   7576.0704549001402        6.92545128       9.78901167E-04
   7578.5276620383029        7.10154152       1.00092601E-03
   7580.9848691764637        7.02879667       9.89647466E-04
   7583.4420763146263        6.43776941       9.12014337E-04
   7585.8992834527880        5.58642340       7.96322769E-04
   7588.3564905909498        4.81059456       6.85075414E-04
   7590.8136977291124        4.02842045       5.74822887E-04
   7593.2709048672732        3.14016008       4.51903237E-04
   7595.7281120054358        2.42468071       3.49700131E-04
   7598.1853191435976        1.91229844       2.76102423E-04
   7600.6425262817593        1.71653235       2.44378374E-04
   7603.0997334199219        1.64847755       2.35853382E-04
   7605.5569405580827        1.85077894       2.64896633E-04
   7608.0141476962453        2.39790106       3.39865714E-04
   7610.4713548344071        3.12118483       4.39713709E-04
   7612.9285619725688        3.86322451       5.41107496E-04
   7615.3857691107305        4.35488129       6.05506240E-04
   7617.8429762488922        4.09816360       5.77345490E-04
   7620.3001833870549        3.31634474       4.74835222E-04
   7622.7573905252157        2.61301422       3.76996759E-04
   7625.2145976633783        2.21305823       3.17026745E-04
   7627.6718048015400        2.08361888       2.95584352E-04
   7630.1290119397017        1.96559143       2.80558597E-04
   7632.5862190778635        2.06353545       2.90121068E-04
   7635.0434262160252        2.05240989       2.90575379E-04
   7637.5006333541878        2.05762219       2.90896685E-04
   7639.9578404923486        2.06367636       2.91876320E-04
   7642.4150476305113        2.08151102       2.93362158E-04
   7644.8722547686730        2.00396371       2.84395006E-04
   7647.3294619068347        1.97728264       2.78869818E-04
   7649.7866690449964        1.87233078       2.65233830E-04
   7652.2438761831581        1.73955095       2.45860429E-04
   7654.7010833213208        1.53436661       2.18430316E-04
   7657.1582904594816        1.34056532       1.91052968E-04
   7659.6154975976442        1.21594048       1.72957720E-04
   7662.0727047358059        1.12794173       1.61385673E-04
   7664.5299118739676        1.19491065       1.70114581E-04
   7666.9871190121294        1.39160311       1.96636698E-04
   7669.4443261502911        1.62238717       2.26902775E-04
   7671.9015332884537        1.71355498       2.41888309E-04
   7674.3587404266145        1.78639054       2.52274651E-04
   7676.8159475647772        1.87102890       2.64337868E-04
   7679.2731547029389        1.95768130       2.76619248E-04
   7681.7303618411006        2.04873061       2.87759583E-04
   7684.1875689792632        1.99277079       2.82215886E-04
   7686.6447761174240        1.90427268       2.69438169E-04
   7689.1019832555867        1.79052091       2.53252452E-04
   7691.5591903937484        1.56677854       2.23825133E-04
   7694.0163975319101        1.42558134       2.03131101E-04
   7696.4736046700727        1.36938000       1.96801731E-04
   7698.9308118082336        1.55097973       2.19436100E-04
   7701.3880189463962        1.80431092       2.53928883E-04
   7703.8452260845579        1.99248481       2.80896842E-04
   7706.3024332227196        2.17115021       3.05864640E-04
   7708.7596403608813        2.29236484       3.24390130E-04
   7711.2168474990431        2.46447015       3.46078828E-04
   7713.6740546372057        2.49471068       3.54157441E-04
   7716.1312617753665        2.62913537       3.72095499E-04
   7718.5884689135291        2.85834980       4.01999772E-04
   7721.0456760516909        2.95772910       4.18458018E-04
   7723.5028831898526        3.09553432       4.36908304E-04
   7725.9600903280143        3.22408819       4.55923873E-04
   7728.4172974661760        3.36834192       4.75343870E-04
   7730.8745046043387        3.48266602       4.90807113E-04
   7733.3317117424995        3.46086240       4.91491286E-04
   7735.7889188806621        3.58498812       5.04838594E-04
   7738.2461260188238        3.56803107       5.02697949E-04
   7740.7033331569855        3.28371143       4.67420876E-04
   7743.1605402951473        3.12968326       4.43757803E-04
   7745.6177474333090        3.02445436       4.29040811E-04
   7748.0749545714716        2.96992111       4.21467819E-04
   7750.5321617096324        3.02858496       4.27042105E-04
   7752.9893688477950        3.00307989       4.26338258E-04
   7755.4465759859568        3.09132361       4.37862298E-04
   7757.9037831241185        3.29277730       4.62615106E-04
   7760.3609902622811        3.29672861       4.67766164E-04
   7762.8181974004419        3.41539288       4.82409785E-04
   7765.2754045386046        3.56486154       5.02796145E-04
   7767.7326116767663        3.61489749       5.11474384E-04
   7770.1898188149280        3.70902276       5.22649323E-04
   7772.6470259530906        3.65912056       5.17788751E-04
   7775.1042330912514        3.58045006       5.06267475E-04
   7777.5614402294141        3.46537161       4.91318875E-04
   7780.0186473675749        3.38124633       4.79490118E-04
   7782.4758545057375        3.39766145       4.81328054E-04
   7784.9330616438992        3.48141003       4.92648629E-04
   7787.3902687820610        3.62532067       5.10984974E-04
   7789.8474759202236        3.65686512       5.16232569E-04
   7792.3046830583844        3.59322405       5.08304220E-04
   7794.7618901965470        3.51116824       4.98778070E-04
   7797.2190973347087        3.59926462       5.10274898E-04
   7799.6763044728705        3.86248302       5.46628435E-04
   7802.1335116110322        4.23807621       5.97022998E-04
   7804.5907187491939        4.55152225       6.41134451E-04
   7807.0479258873565        4.72551918       6.67265384E-04
   7809.5051330255174        4.87395859       6.87416294E-04
   7811.9623401636800        4.89838028       6.92546368E-04
   7814.4195473018417        4.89593935       6.91422552E-04
   7816.8767544400034        4.78577423       6.76813710E-04
   7819.3339615781651        4.59059525       6.50265545E-04
   7821.7911687163269        4.37308788       6.20464736E-04
   7824.2483758544895        4.23874712       6.01394800E-04
   7826.7055829926503        4.21376514       5.96227532E-04
   7829.1627901308129        4.22771168       5.98865619E-04
   7831.6199972689747        4.31279945       6.10045448E-04
   7834.0772044071364        4.46292686       6.29310787E-04
   7836.5344115452981        4.49044275       6.36725454E-04
   7838.9916186834598        4.66555309       6.57722354E-04
   7841.4488258216224        4.75205660       6.71597838E-04
   7843.9060329597842        4.78319263       6.75571675E-04
   7846.3632400979459        4.77373934       6.74760318E-04
   7848.8204472361076        4.69835711       6.66855020E-04
   7851.2776543742693        4.82711792       6.82542799E-04
   7853.7348615124320        5.00185585       7.05320912E-04
   7856.1920686505928        5.03033447       7.07734784E-04
   7858.6492757887554        4.71228456       6.70505513E-04
   7861.1064829269171        4.56297064       6.47257606E-04
   7863.5636900650788        4.59305716       6.48197194E-04
   7866.0208972032406        4.47264099       6.35760662E-04
   7868.4781043414023        4.59310341       6.48600515E-04
   7870.9353114795649        4.71708632       6.66951644E-04
   7873.3925186177257        4.84997511       6.86650630E-04
   7875.8497257558884        5.13423920       7.24468031E-04
   7878.3069328940501        5.37467241       7.58015027E-04
   7880.7641400322118        5.53129148       7.80994189E-04
   7883.2213471703744        5.60772181       7.90848630E-04
   7885.6785543085352        5.54207087       7.85262091E-04
   7888.1357614466979        5.52777004       7.81335344E-04
   7890.5929685848587        5.52032804       7.78894173E-04
   7893.0501757230213        5.25632000       7.46269419E-04
   7895.5073828611830        5.15234804       7.28098617E-04
   7897.9645899993448        4.95648861       7.05865561E-04
   7900.4217971375074        5.08774042       7.17322167E-04
   7902.8790042756682        5.12611723       7.22032215E-04
   7905.3362114138308        4.81221819       6.82378013E-04
   7907.7934185519925        4.53090429       6.45348220E-04
   7910.2506256901543        4.53029108       6.41813676E-04
   7912.7078328283160        4.69778013       6.63019309E-04
   7915.1650399664777        4.75718832       6.72155933E-04
   7917.6222471046403        4.83184195       6.82314159E-04
   7920.0794542428021        4.78954554       6.78364013E-04
   7922.5366613809638        4.91609621       6.99020573E-04
   7924.9938685191255        5.36594248       7.58481910E-04
   7927.4510756572872        5.28307962       8.35166895E-04
   7929.9082827954498        5.72012186       8.11836391E-04
   7932.3654899336107        5.57553959       7.88176025E-04
   7934.8226970717733        5.31607199       7.53006374E-04
   7937.2799042099350        5.03303957       7.13132962E-04
   7939.7371113480967        4.67934752       6.66416076E-04
   7942.1943184862585        4.64526081       6.57445809E-04
   7944.6515256244202        4.64542532       6.62092993E-04
   7947.1087327625828        5.09959507       7.17755291E-04
   7949.5659399007436        5.44706917       7.69486651E-04
   7952.0231470389062        5.78842449       8.13511899E-04
   7954.4803541770680        5.82600403       8.21757072E-04
   7956.9375613152297        5.61417389       7.96966255E-04
   7959.3947684533914        5.60102558       7.94460124E-04
   7961.8519755915531        5.82460976       8.24149465E-04
   7964.3091827297158        6.15483379       8.66375398E-04
   7966.7663898678766        6.25961733       8.83653353E-04
   7969.2235970060392        6.19302511       8.75016558E-04
   7971.6808041442009        6.02055979       8.51126853E-04
   7974.1380112823626        5.68665695       8.08746845E-04
   7976.5952184205253        5.59834957       7.92564533E-04
   7979.0524255586861        5.57506561       7.88016710E-04
   7981.5096326968487        5.44231272       7.71512860E-04
   7983.9668398350095        5.42839289       7.70184211E-04
   7986.4240469731722        5.60636091       7.92394334E-04
   7988.8812541113339        5.83361864       8.22996488E-04
   7991.3384612494956        5.91671658       8.36776977E-04
   7993.7956683876582        6.04710817       8.54874379E-04
   7996.2528755258199        6.16771364       8.72499135E-04
   7998.7100826639817        6.37468004       9.01224266E-04
   8001.1672898021434        6.59698915       9.32792551E-04
   8003.6244969403051        6.90047169       9.72285285E-04
   8006.0817040784677        6.97304773       9.88326268E-04
   8008.5389112166285        7.23912525       1.02078577E-03
   8010.9961183547912        7.36114645       1.04109081E-03
   8013.4533254929529        7.48775053       1.05957757E-03
   8015.9105326311146        7.72633457       1.09095033E-03
   8018.3677397692763        7.90639734       1.11906754E-03
   8020.8249469074381        8.18367577       1.15525362E-03
   8023.2821540456007        8.43429184       1.19325751E-03
   8025.7393611837615        8.73980808       1.23618008E-03
   8028.1965683219241        9.21433258       1.29482185E-03
   8030.6537754600859        1.00000000      -1971498.38    
   8033.1109825982476        0.00000000      -1.00000000    
