   5529.2169088113069        0.00000000      -1.00000000    
   5531.6741159494686        5.39460257E-02  -7.56624149E-06
   5534.1313230876303        5.16394973E-02   7.30041302E-06
   5536.5885302257930        4.99887392E-02   7.16809063E-06
   5539.0457373639547        5.03924154E-02   6.90184106E-06
   5541.5029445021164        3.91785353E-02   5.60417675E-06
   5543.9601516402781        2.97177117E-02   4.67261179E-06
   5546.4173587784398        4.61492538E-02   7.09946607E-06
   5548.8745659166016        7.00449273E-02   8.83949269E-06
   5551.3317730547642        4.59162593E-02   7.00840383E-06
   5553.7889801929259        3.89361642E-02   6.24237828E-06
   5556.2461873310876        5.86509109E-02   8.00790440E-06
   5558.7033944692494        6.79261014E-02   9.84209055E-06
   5561.1606016074111        8.59049857E-02   1.20624345E-05
   5563.6178087455728        9.88989249E-02   1.38273062E-05
   5566.0750158837354       0.101244003       1.40357342E-05
   5568.5322230218972        9.56987217E-02   1.39940739E-05
   5570.9894301600589       0.107374839       1.48604377E-05
   5573.4466372982206       0.109723076       1.60279924E-05
   5575.9038444363823       0.127315283       1.70011972E-05
   5578.3610515745440       0.102702953       1.54414429E-05
   5580.8182587127058       0.129436985       1.95756202E-05
   5583.2754658508684       0.179851919       2.39703058E-05
   5585.7326729890301       0.173821554       2.50939520E-05
   5588.1898801271918       0.183329463       2.52726768E-05
   5590.6470872653535       0.165446609       2.37420445E-05
   5593.1042944035153       0.163555056       2.34533090E-05
   5595.5615015416770       0.167877421       2.30533660E-05
   5598.0187086798396       0.141637534       2.04221360E-05
   5600.4759158180013       0.129742444       1.86598718E-05
   5602.9331229561631       0.133596435       1.91690160E-05
   5605.3903300943248       0.144608065       1.98359139E-05
   5607.8475372324865       0.129146874       1.86856050E-05
   5610.3047443706482       0.139500901       2.04225144E-05
   5612.7619515088109       0.167819038       2.27512919E-05
   5615.2191586469726       0.155033052       2.21375740E-05
   5617.6763657851343       0.148825943       2.09665250E-05
   5620.1335729232960       0.138011172       1.96210258E-05
   5622.5907800614577       0.130749553       1.85515491E-05
   5625.0479871996195       0.125550196       1.79190301E-05
   5627.5051943377821       0.132532641       1.90919454E-05
   5629.9624014759438       0.149082825       2.05437500E-05
   5632.4196086141055       0.146328688       2.10967228E-05
   5634.8768157522672       0.159063429       2.20191014E-05
   5637.3340228904290       0.144100875       2.00968152E-05
   5639.7912300285907       0.118700847       1.76497197E-05
   5642.2484371667524       0.127516672       1.78263144E-05
   5644.7056443049150       0.132089913       1.91527797E-05
   5647.1628514430768       0.154950365       2.13826952E-05
   5649.6200585812385       0.147953615       2.06856876E-05
   5652.0772657194002       0.137895882       2.04008720E-05
   5654.5344728575619       0.161776647       2.22795916E-05
   5656.9916799957236       0.160775289       2.29046818E-05
   5659.4488871338863       0.167528212       2.36009546E-05
   5661.9060942720480       0.165724739       2.30592486E-05
   5664.3633014102097       0.145083800       2.06573732E-05
   5666.8205085483714       0.131675899       1.92392945E-05
   5669.2777156865332       0.143120110       1.98590551E-05
   5671.7349228246949       0.134056494       1.89399616E-05
   5674.1921299628575       0.131147817       1.93523756E-05
   5676.6493371010192       0.158484280       2.18300938E-05
   5679.1065442391809       0.155763641       2.17589568E-05
   5681.5637513773427       0.148095056       2.17746074E-05
   5684.0209585155044       0.171371177       2.34611125E-05
   5686.4781656536661       0.160859585       2.30387559E-05
   5688.9353727918278       0.164122298       2.32576731E-05
   5691.3925799299905       0.168580025       2.39226447E-05
   5693.8497870681522       0.175839856       2.45664942E-05
   5696.3069942063139       0.176515147       2.58624186E-05
   5698.7642013444756       0.214142665       2.93422308E-05
   5701.2214084826373       0.202639431       2.88891897E-05
   5703.6786156207991       0.214005783       3.12068987E-05
   5706.1358227589617       0.243635327       3.29468712E-05
   5708.5930298971234       0.214355454       3.09473362E-05
   5711.0502370352851       0.208726332       2.96853832E-05
   5713.5074441734469       0.212057605       2.99711301E-05
   5715.9646513116086       0.213704631       3.04231999E-05
   5718.4218584497703       0.227536857       3.20857289E-05
   5720.8790655879329       0.220772654       3.00381289E-05
   5723.3362727260946       0.166565821       2.52267473E-05
   5725.7934798642564       0.186466515       2.68428194E-05
   5728.2506870024181       0.208863661       2.82905858E-05
   5730.7078941405798       0.184488505       2.69540596E-05
   5733.1651012787415       0.190975562       2.63759830E-05
   5735.6223084169033       0.171097249       2.46801374E-05
   5738.0795155550659       0.172963187       2.46076161E-05
   5740.5367226932276       0.178777814       2.53044000E-05
   5742.9939298313893       0.193288848       2.76783321E-05
   5745.4511369695510       0.211934075       2.91471333E-05
   5747.9083441077128       0.204851419       2.98438572E-05
   5750.3655512458745       0.232152581       3.22363558E-05
   5752.8227583840371       0.232016549       3.27838170E-05
   5755.2799655221988       0.231186375       3.26768968E-05
   5757.7371726603606       0.227487847       3.20901490E-05
   5760.1943797985223       0.216248482       3.02357512E-05
   5762.6515869366840       0.188884765       2.73638161E-05
   5765.1087940748457       0.193489000       2.77928502E-05
   5767.5660012130083       0.208800837       2.89443469E-05
   5770.0232083511701       0.200802535       2.85180231E-05
   5772.4804154893318       0.199188411       2.85220176E-05
   5774.9376226274935       0.215614572       3.04128152E-05
   5777.3948297656552       0.222801194       3.11534968E-05
   5779.8520369038170       0.218202695       3.10608302E-05
   5782.3092440419787       0.217359483       3.04256919E-05
   5784.7664511801413       0.208482340       3.00625852E-05
   5787.2236583183030       0.221991763       3.10546711E-05
   5789.6808654564647       0.225951344       3.25491274E-05
   5792.1380725946265       0.259988636       3.67019784E-05
   5794.5952797327882       0.276734918       3.79935045E-05
   5797.0524868709508       0.247666776       3.57543504E-05
   5799.5096940091125       0.256707758       3.70005546E-05
   5801.9669011472743       0.284557045       3.89887318E-05
   5804.4241082854360       0.262460858       3.79374214E-05
   5806.8813154235977       0.274817765       3.84783089E-05
   5809.3385225617594       0.262864769       3.69998561E-05
   5811.7957296999211       0.244847402       3.49545080E-05
   5814.2529368380838       0.234314159       3.29895156E-05
   5816.7101439762455       0.217368990       3.08686249E-05
   5819.1673511144072       0.204614267       2.93204357E-05
   5821.6245582525689       0.208801553       2.93521880E-05
   5824.0817653907307       0.205095783       2.93706944E-05
   5826.5389725288924       0.222403198       3.14774916E-05
   5828.9961796670550       0.233526409       3.26988447E-05
   5831.4533868052167       0.235195503       3.32929085E-05
   5833.9105939433784       0.231188878       3.23525455E-05
   5836.3678010815402       0.216731042       3.10595242E-05
   5838.8250082197019       0.217415601       3.08012277E-05
   5841.2822153578636       0.224595189       3.18006787E-05
   5843.7394224960262       0.220148459       3.02208991E-05
   5846.1966296341880       0.185530275       2.76712162E-05
   5848.6538367723497       0.203217164       2.75900184E-05
   5851.1110439105114       0.168840632       2.44722505E-05
   5853.5682510486731       0.158728808       2.29478865E-05
   5856.0254581868348       0.166638985       2.36293163E-05
   5858.4826653249966       0.184486136       2.60846591E-05
   5860.9398724631592       0.184132412       2.50105804E-05
   5863.3970796013209       0.146934807       2.21216069E-05
   5865.8542867394826       0.163865656       2.28121498E-05
   5868.3114938776444       0.161501497       2.29173256E-05
   5870.7687010158061       0.176386446       2.53236394E-05
   5873.2259081539678       0.162884906       2.12764407E-05
   5875.6831152921304       0.175940558       4.08904816E-05
   5878.1403224302921       0.135388672       7.46196311E-05
   5880.5975295684539       0.289950103       5.51004232E-05
   5883.0547367066156        5.14329672E-02   1.80082970E-05
   5885.5119438447773       0.160933435       1.74343895E-05
   5887.9691509829390        9.05377418E-02   1.73412918E-05
   5890.4263581211017       0.151403680       1.72897944E-05
   5892.8835652592634        6.47777095E-02   1.23712989E-05
   5895.3407723974251        8.98983330E-02   1.31841316E-05
   5897.7979795355868       0.123109214       1.66212703E-05
   5900.2551866737485       0.114773072       1.62763845E-05
   5902.7123938119103       0.118927501       1.73882963E-05
   5905.1696009500720       0.137199059       1.86966827E-05
   5907.6268080882346       0.129198149       1.85465506E-05
   5910.0840152263963       0.131841540       1.86621419E-05
   5912.5412223645581       0.141475156       2.04091102E-05
   5914.9984295027198       0.159148663       2.14360061E-05
   5917.4556366408815       0.130278811       1.89214697E-05
   5919.9128437790432       0.129345536       1.92709922E-05
   5922.3700509172058       0.160779566       2.18896967E-05
   5924.8272580553676       0.152661622       2.13850144E-05
   5927.2844651935293       0.137645662       2.01450985E-05
   5929.7416723316910       0.157106951       2.24099713E-05
   5932.1988794698527       0.172595412       2.35015959E-05
   5934.6560866080144       0.154792443       2.27184737E-05
   5937.1132937461771       0.176060453       2.49993864E-05
   5939.5705008843388       0.190283328       2.60170218E-05
   5942.0277080225005       0.169741318       2.46570580E-05
   5944.4849151606622       0.176567152       2.48506894E-05
   5946.9421222988240       0.173692867       2.42977640E-05
   5949.3993294369857       0.162597299       2.35335829E-05
   5951.8565365751474       0.175330132       2.47363332E-05
   5954.3137437133100       0.181619674       2.53230628E-05
   5956.7709508514718       0.176076725       2.53243306E-05
   5959.2281579896335       0.183310002       2.52299542E-05
   5961.6853651277952       0.159565732       2.30305868E-05
   5964.1425722659569       0.159892842       2.31055019E-05
   5966.5997794041186       0.170781121       2.33836745E-05
   5969.0569865422813       0.159172758       2.36309643E-05
   5971.5141936804430       0.192704320       2.65976669E-05
   5973.9714008186047       0.189881623       2.64397786E-05
   5976.4286079567664       0.170785651       2.46577420E-05
   5978.8858150949281       0.176375270       2.52875197E-05
   5981.3430222330899       0.192584738       2.65129238E-05
   5983.8002293712525       0.173519447       2.46761574E-05
   5986.2574365094142       0.164941579       2.39221172E-05
   5988.7146436475759       0.172379553       2.36808992E-05
   5991.1718507857377       0.161522165       2.40509507E-05
   5993.6290579238994       0.195819825       2.66846746E-05
   5996.0862650620611       0.185251802       2.64887731E-05
   5998.5434722002228       0.186633945       2.62021040E-05
   6001.0006793383855       0.176318243       2.51186702E-05
   6003.4578864765472       0.179426536       2.57509673E-05
   6005.9150936147089       0.191013008       2.65606031E-05
   6008.3723007528706       0.186110750       2.64035716E-05
   6010.8295078910323       0.183988988       2.62535468E-05
   6013.2867150291941       0.193228707       2.70031323E-05
   6015.7439221673567       0.181342691       2.55816612E-05
   6018.2011293055184       0.176868275       2.59878507E-05
   6020.6583364436801       0.200331494       2.70516484E-05
   6023.1155435818418       0.175829694       2.58273958E-05
   6025.5727507200036       0.192478374       2.70433811E-05
   6028.0299578581653       0.193631843       2.70063301E-05
   6030.4871649963279       0.186128885       2.70735891E-05
   6032.9443721344896       0.203407317       2.80146251E-05
   6035.4015792726514       0.193439886       2.79131855E-05
   6037.8587864108131       0.205949619       2.88458705E-05
   6040.3159935489748       0.207109079       2.95069240E-05
   6042.7732006871365       0.220323518       3.11397052E-05
   6045.2304078252982       0.228386596       3.20666695E-05
   6047.6876149634609       0.229758337       3.25353867E-05
   6050.1448221016226       0.224723682       3.13417477E-05
   6052.6020292397843       0.212409854       3.13534219E-05
   6055.0592363779460       0.249802679       3.42845087E-05
   6057.5164435161078       0.237826169       3.36897574E-05
   6059.9736506542704       0.230285808       3.28258357E-05
   6062.4308577924321       0.228260115       3.20840263E-05
   6064.8880649305938       0.225861520       3.26598201E-05
   6067.3452720687555       0.249034584       3.46824054E-05
   6069.8024792069173       0.253308654       3.61169368E-05
   6072.2596863450790       0.269657075       3.79690027E-05
   6074.7168934832407       0.280170977       3.96328724E-05
   6077.1741006214033       0.284931898       3.95392017E-05
   6079.6313077595651       0.255485803       3.66272398E-05
   6082.0885148977268       0.255367875       3.70618836E-05
   6084.5457220358885       0.285314083       3.92224392E-05
   6087.0029291740502       0.268077224       3.82853395E-05
   6089.4601363122119       0.268743604       3.81867139E-05
   6091.9173434503737       0.271938324       3.81210230E-05
   6094.3745505885363       0.269029796       3.87682448E-05
   6096.8317577266980       0.284319013       3.88743319E-05
   6099.2889648648597       0.250900537       3.68897308E-05
   6101.7461720030215       0.273271680       3.77125580E-05
   6104.2033791411832       0.246063367       3.50405207E-05
   6106.6605862793458       0.238502949       3.49192487E-05
   6109.1177934175075       0.265588641       3.63867475E-05
   6111.5750005556692       0.252152234       3.62911160E-05
   6114.0322076938310       0.253260583       3.49410402E-05
   6116.4894148319927       0.228807613       3.37059973E-05
   6118.9466219701544       0.252914935       3.45793705E-05
   6121.4038291083161       0.227675661       3.29718896E-05
   6123.8610362464788       0.237551808       3.36118028E-05
   6126.3182433846405       0.238957405       3.33984608E-05
   6128.7754505228022       0.225746587       3.20771796E-05
   6131.2326576609639       0.218850181       3.14126519E-05
   6133.6898647991256       0.232544497       3.23206623E-05
   6136.1470719372874       0.214422032       3.04577934E-05
   6138.6042790754491       0.209287986       3.02074150E-05
   6141.0614862136117       0.218781441       3.02308654E-05
   6143.5186933517734       0.204480633       2.95119389E-05
   6145.9759004899352       0.216982558       3.08179042E-05
   6148.4331076280969       0.222563788       3.00087522E-05
   6150.8903147662586       0.171491161       2.61531295E-05
   6153.3475219044212       0.204362184       2.88632400E-05
   6155.8047290425829       0.215545028       2.98781815E-05
   6158.2619361807447       0.207813621       2.96635117E-05
   6160.7191433189064       0.202113912       2.83016871E-05
   6163.1763504570681       0.189742878       2.72227026E-05
   6165.6335575952298       0.188112989       2.64592563E-05
   6168.0907647333916       0.179090023       2.49921304E-05
   6170.5479718715542       0.156012043       2.29295274E-05
   6173.0051790097159       0.173655480       2.43630948E-05
   6175.4623861478776       0.169236526       2.36373962E-05
   6177.9195932860393       0.166146711       2.47784392E-05
   6180.3768004242011       0.200550348       2.68587319E-05
   6182.8340075623637       0.172468945       2.48035212E-05
   6185.2912147005254       0.161790654       2.34398249E-05
   6187.7484218386871       0.172692850       2.39320088E-05
   6190.2056289768489       0.161700577       2.31069698E-05
   6192.6628361150106       0.164145887       2.33683531E-05
   6195.1200432531723       0.164297909       2.25663061E-05
   6197.5772503913340       0.141402811       2.09466471E-05
   6200.0344575294966       0.159237012       2.23026018E-05
   6202.4916646676584       0.159763619       2.20811144E-05
   6204.9488718058201       0.143403500       2.10965572E-05
   6207.4060789439818       0.165914208       2.35830448E-05
   6209.8632860821435       0.182617918       2.48715969E-05
   6212.3204932203053       0.162989795       2.38361372E-05
   6214.7777003584670       0.178581133       2.51030051E-05
   6217.2349074966296       0.179276511       2.48928591E-05
   6219.6921146347913       0.165318638       2.40757108E-05
   6222.1493217729530       0.184016854       2.61998539E-05
   6224.6065289111148       0.202414140       2.76177525E-05
   6227.0637360492765       0.173656479       2.49034110E-05
   6229.5209431874382       0.164550602       2.41327416E-05
   6231.9781503256008       0.181259960       2.46398995E-05
   6234.4353574637626       0.160285816       2.33265400E-05
   6236.8925646019243       0.163440317       2.28981135E-05
   6239.3497717400860       0.164464742       2.39301080E-05
   6241.8069788782477       0.183513820       2.45458523E-05
   6244.2641860164094       0.146273047       2.20913535E-05
   6246.7213931545721       0.173742235       2.47532989E-05
   6249.1786002927338       0.179004937       2.40056415E-05
   6251.6358074308955       0.139121801       2.15751861E-05
   6254.0930145690572       0.179846078       2.53153976E-05
   6256.5502217072190       0.208137706       2.88129904E-05
   6259.0074288453807       0.207186386       2.92438326E-05
   6261.4646359835424       0.202238351       2.83727386E-05
   6263.9218431217050       0.190235734       2.75360853E-05
   6266.3790502598667       0.205882445       2.87901348E-05
   6268.8362573980285       0.202772766       2.87151470E-05
   6271.2934645361902       0.210486010       3.03885918E-05
   6273.7506716743519       0.235937178       3.26759255E-05
   6276.2078788125136       0.235057116       3.33458156E-05
   6278.6650859506763       0.233301893       3.27965645E-05
   6281.1222930888380       0.235921457       3.44889631E-05
   6283.5795002269997       0.273297936       3.70182133E-05
   6286.0367073651614       0.242713332       3.53297510E-05
   6288.4939145033231       0.260817438       3.70653288E-05
   6290.9511216414849       0.262821287       3.59230398E-05
   6293.4083287796475       0.232185334       3.54137956E-05
   6295.8655359178092       0.299956590       4.08648775E-05
   6298.3227430559709       0.301240385       4.31303415E-05
   6300.7799501941327       0.317209899       4.36257542E-05
   6303.2371573322944       0.279668003       4.05688916E-05
   6305.6943644704561       0.289895296       4.13204107E-05
   6308.1515716086178       0.300116688       4.19494354E-05
   6310.6087787467804       0.298116952       4.26283332E-05
   6313.0659858849422       0.311935484       4.41734228E-05
   6315.5231930231039       0.332180172       4.65762350E-05
   6317.9804001612656       0.326879710       4.62275275E-05
   6320.4376072994273       0.328639925       4.66530109E-05
   6322.8948144375890       0.326802492       4.58596187E-05
   6325.3520215757508       0.323112071       4.67620557E-05
   6327.8092287139134       0.357646018       4.99310227E-05
   6330.2664358520751       0.364926636       5.13721316E-05
   6332.7236429902368       0.361026525       5.12351653E-05
   6335.1808501283986       0.364265710       5.12428705E-05
   6337.6380572665603       0.356509984       5.08842022E-05
   6340.0952644047229       0.375387728       5.33843813E-05
   6342.5524715428846       0.402503729       5.64747606E-05
   6345.0096786810464       0.405563325       5.66947456E-05
   6347.4668858192081       0.386298299       5.58512911E-05
   6349.9240929573698       0.425230980       5.98221486E-05
   6352.3813000955315       0.426263690       5.88664152E-05
   6354.8385072336932       0.382729650       5.61840861E-05
   6357.2957143718559       0.411740899       5.65967093E-05
   6359.7529215100176       0.378852606       5.49009965E-05
   6362.2101286481793       0.398437321       5.56313025E-05
   6364.6673357863410       0.385287911       5.51324301E-05
   6367.1245429245027       0.411569268       5.86517308E-05
   6369.5817500626654       0.435543239       6.01950996E-05
   6372.0389572008271       0.406802684       5.82027205E-05
   6374.4961643389888       0.403903633       5.73259822E-05
   6376.9533714771505       0.410196513       5.75686536E-05
   6379.4105786153123       0.390375167       5.52729252E-05
   6381.8677857534740       0.381369382       5.46489100E-05
   6384.3249928916357       0.397583812       5.59235668E-05
   6386.7822000297983       0.406386435       5.74887490E-05
   6389.2394071679601       0.402317137       5.60240878E-05
   6391.6966143061218       0.378684789       5.56625710E-05
   6394.1538214442835       0.441690862       6.12057047E-05
   6396.6110285824452       0.431508034       6.01366082E-05
   6399.0682357206069       0.398964584       5.85614216E-05
   6401.5254428587687       0.453070641       6.30746727E-05
   6403.9826499969313       0.456538439       6.39922655E-05
   6406.4398571350930       0.437932402       6.24995446E-05
   6408.8970642732547       0.447790265       6.36249752E-05
   6411.3542714114164       0.467491180       6.55413314E-05
   6413.8114785495782       0.455311924       6.39031350E-05
   6416.2686856877408       0.421853513       6.01939282E-05
   6418.7258928259025       0.411359996       5.85699818E-05
   6421.1830999640642       0.419373393       5.93071491E-05
   6423.6403071022260       0.418173611       5.84614281E-05
   6426.0975142403877       0.400125980       5.80667620E-05
   6428.5547213785494       0.439447880       6.09408598E-05
   6431.0119285167111       0.424623936       6.04418346E-05
   6433.4691356548738       0.427868664       6.02911387E-05
   6435.9263427930355       0.417782426       5.94497069E-05
   6438.3835499311972       0.436456859       6.22923908E-05
   6440.8407570693589       0.457195491       6.30010836E-05
   6443.2979642075206       0.415972948       5.99891137E-05
   6445.7551713456824       0.425460964       6.05167406E-05
   6448.2123784838450       0.446173370       6.22433217E-05
   6450.6695856220067       0.423995316       6.00325293E-05
   6453.1267927601684       0.420185655       6.09156668E-05
   6455.5839998983301       0.470713884       6.53493335E-05
   6458.0412070364919       0.472239226       6.70923691E-05
   6460.4984141746536       0.476018459       6.61200465E-05
   6462.9556213128162       0.432457089       6.24285603E-05
   6465.4128284509779       0.443993777       6.27296467E-05
   6467.8700355891397       0.454965681       6.51345908E-05
   6470.3272427273014       0.505374491       7.07468498E-05
   6472.7844498654631       0.500905216       6.97791766E-05
   6475.2416570036248       0.464345664       6.71566668E-05
   6477.6988641417865       0.479776740       6.70797381E-05
   6480.1560712799492       0.467050076       6.64294857E-05
   6482.6132784181109       0.471243769       6.69445217E-05
   6485.0704855562726       0.481913388       6.72157184E-05
   6487.5276926944343       0.459226340       6.63759783E-05
   6489.9848998325961       0.504231870       7.10286622E-05
   6492.4421069707587       0.520548284       7.28735322E-05
   6494.8993141089204       0.523387492       7.54193243E-05
   6497.3565212470821       0.577665985       8.07256001E-05
   6499.8137283852438       0.590787828       8.33363156E-05
   6502.2709355234056       0.597738266       8.50224023E-05
   6504.7281426615673       0.631001592       8.92959360E-05
   6507.1853497997290       0.663279235       9.33267802E-05
   6509.6425569378916       0.670109391       9.42062979E-05
   6512.0997640760534       0.663050294       9.50446047E-05
   6514.5569712142151       0.710519969       9.98648247E-05
   6517.0141783523768       0.733237982       1.04036859E-04
   6519.4713854905385       0.765172601       1.07104104E-04
   6521.9285926287002       0.762100995       1.09694047E-04
   6524.3857997668620       0.846931040       1.18838187E-04
   6526.8430069050246       0.874808788       1.23282880E-04
   6529.3002140431863       0.894039929       1.26389452E-04
   6531.7574211813480       0.907003105       1.28852524E-04
   6534.2146283195098       0.960183859       1.35796101E-04
   6536.6718354576715       0.993983746       1.39638869E-04
   6539.1290425958341       0.998078823       1.41188808E-04
   6541.5862497339958       0.992038906       1.40177552E-04
   6544.0434568721575       0.984642982       1.38954711E-04
   6546.5006640103193       0.942309260       1.32584770E-04
   6548.9578711484810       0.869450212       1.23831196E-04
   6551.4150782866427       0.833178580       1.19375640E-04
   6553.8722854248044       0.871489942       1.23257007E-04
   6556.3294925629671       0.907046437       1.28583895E-04
   6558.7866997011288       0.964815140       1.35779133E-04
   6561.2439068392905       0.967799723       1.35288341E-04
   6563.7011139774522       0.912612557       1.30045635E-04
   6566.1583211156139       0.873504162       1.22255078E-04
   6568.6155282537766       0.784324288       1.12765134E-04
   6571.0727353919374       0.761890829       1.07565327E-04
   6573.5299425301000       0.732730806       1.04042876E-04
   6575.9871496682617       0.708299696       9.94114234E-05
   6578.4443568064235       0.664953887       9.62506674E-05
   6580.9015639445852       0.711974740       9.91839333E-05
   6583.3587710827469       0.685780287       9.73296919E-05
   6585.8159782209095       0.691645801       9.87746898E-05
   6588.2731853590703       0.717579246       1.00032594E-04
   6590.7303924972330       0.698608339       9.98881078E-05
   6593.1875996353947       0.709275544       9.90092594E-05
   6595.6448067735564       0.677620173       9.71359550E-05
   6598.1020139117181       0.697663903       9.80810946E-05
   6600.5592210498799       0.692689240       9.79792530E-05
   6603.0164281880425       0.695181847       9.87750391E-05
   6605.4736353262042       0.712310016       1.00040546E-04
   6607.9308424643659       0.708512545       1.01083118E-04
   6610.3880496025276       0.745732427       1.05258579E-04
   6612.8452567406894       0.767371714       1.07523418E-04
   6615.3024638788520       0.734270930       1.03148661E-04
   6617.7596710170128       0.680996597       9.83195059E-05
   6620.2168781551754       0.707828283       9.90469125E-05
   6622.6740852933372       0.682280481       9.65718864E-05
   6625.1312924314989       0.660218000       9.34410346E-05
   6627.5884995696606       0.640593350       9.14884149E-05
   6630.0457067078223       0.674230933       9.58384408E-05
   6632.5029138459849       0.703706205       9.76539814E-05
   6634.9601209841458       0.665870249       9.53736235E-05
   6637.4173281223084       0.669170082       9.38873345E-05
   6639.8745352604701       0.645339370       9.19070008E-05
   6642.3317423986318       0.645920515       9.11574680E-05
   6644.7889495367936       0.638403773       9.04198241E-05
   6647.2461566749553       0.636332095       8.97982827E-05
   6649.7033638131179       0.615211904       8.62705783E-05
   6652.1605709512796       0.560095370       8.00119888E-05
   6654.6177780894413       0.550058067       7.93022773E-05
   6657.0749852276031       0.594902098       8.24638046E-05
   6659.5321923657648       0.565694213       8.05051532E-05
   6661.9893995039274       0.571778953       8.20729620E-05
   6664.4466066420882       0.626914144       8.80663356E-05
   6666.9038137802509       0.646595418       9.00868690E-05
   6669.3610209184126       0.616112769       8.86139969E-05
   6671.8182280565743       0.653968692       9.19836602E-05
   6674.2754351947360       0.657840729       9.25188433E-05
   6676.7326423328977       0.645689905       9.15048222E-05
   6679.1898494710604       0.631134033       8.89708390E-05
   6681.6470566092212       0.606211126       8.57790874E-05
   6684.1042637473838       0.571788371       8.09186968E-05
   6686.5614708855455       0.548025727       7.84397998E-05
   6689.0186780237073       0.553715169       7.77140012E-05
   6691.4758851618690       0.547421694       7.85937373E-05
   6693.9330923000307       0.587342441       8.23240916E-05
   6696.3902994381933       0.592880547       8.35698229E-05
   6698.8475065763550       0.596230984       8.52873418E-05
   6701.3047137145168       0.642269671       9.03019245E-05
   6703.7619208526785       0.653022647       9.11106690E-05
   6706.2191279908402       0.614079297       8.78278152E-05
   6708.6763351290019       0.628247738       8.97486680E-05
   6711.1335422671636       0.666338205       9.24332853E-05
   6713.5907494053263       0.623506486       8.84849942E-05
   6716.0479565434880       0.592885256       8.42705049E-05
   6718.5051636816497       0.571870506       8.06458702E-05
   6720.9623708198114       0.547224283       7.83944270E-05
   6723.4195779579732       0.559475124       7.84553486E-05
   6725.8767850961358       0.545278430       7.77352470E-05
   6728.3339922342975       0.570345700       8.14551968E-05
   6730.7911993724592       0.608061433       8.37124389E-05
   6733.2484065106210       0.552962422       7.96549866E-05
   6735.7056136487827       0.572797477       8.21014692E-05
   6738.1628207869444       0.624950528       8.69083815E-05
   6740.6200279251061       0.618459105       8.77876082E-05
   6743.0772350632687       0.622556150       8.76685735E-05
   6745.5344422014305       0.610496879       8.64614776E-05
   6747.9916493395922       0.605548143       8.58931890E-05
   6750.4488564777539       0.607920408       8.56161569E-05
   6752.9060636159156       0.598284364       8.51146542E-05
   6755.3632707540773       0.615117908       8.71862867E-05
   6757.8204778922391       0.636944354       8.97069258E-05
   6760.2776850304017       0.649894834       9.22752442E-05
   6762.7348921685634       0.667704105       9.33155752E-05
   6765.1920993067251       0.652678728       9.40484097E-05
   6767.6493064448869       0.709257185       9.90741682E-05
   6770.1065135830486       0.709619582       1.00787802E-04
   6772.5637207212112       0.742710590       1.05438106E-04
   6775.0209278593729       0.770990431       1.07491091E-04
   6777.4781349975347       0.742477894       1.05594409E-04
   6779.9353421356964       0.713992476       9.94944639E-05
   6782.3925492738581       0.631795049       9.17601792E-05
   6784.8497564120198       0.646472573       9.10789822E-05
   6787.3069635501815       0.641275764       9.05057823E-05
   6789.7641706883442       0.625539124       8.84267429E-05
   6792.2213778265059       0.615087450       8.81229862E-05
   6794.6785849646676       0.655741751       9.22852632E-05
   6797.1357921028293       0.679768205       9.67295855E-05
   6799.5929992409910       0.729602277       1.01988720E-04
   6802.0502063791528       0.717491210       1.01364487E-04
   6804.5074135173145       0.710087121       1.00851357E-04
   6806.9646206554771       0.710904062       1.00262048E-04
   6809.4218277936388       0.706983328       1.00154364E-04
   6811.8790349318006       0.707912207       1.00546706E-04
   6814.3362420699623       0.732705712       1.03060047E-04
   6816.7934492081240       0.717396855       1.00956480E-04
   6819.2506563462866       0.696391582       9.98179821E-05
   6821.7078634844484       0.719365358       1.00860430E-04
   6824.1650706226101       0.723155141       1.03700018E-04
   6826.6222777607718       0.780643106       1.09181929E-04
   6829.0794848989335       0.778065562       1.09329980E-04
   6831.5366920370961       0.748118877       1.06684929E-04
   6833.9938991752570       0.763454318       1.08493965E-04
   6836.4511063134196       0.791627824       1.10829351E-04
   6838.9083134515813       0.781697214       1.11799898E-04
   6841.3655205897430       0.824621081       1.15685558E-04
   6843.8227277279047       0.813392639       1.14286704E-04
   6846.2799348660665       0.776965797       1.10965164E-04
   6848.7371420042291       0.784661889       1.10872053E-04
   6851.1943491423908       0.777501047       1.08947708E-04
   6853.6515562805525       0.737094879       1.06102387E-04
   6856.1087634187143       0.767931461       1.06980056E-04
   6858.5659705568760       0.729893982       1.04846447E-04
   6861.0231776950377       0.785505712       1.12046488E-04
   6863.4803848331994       0.826366186       1.12655092E-04
   6865.9375919713621       0.702491879       1.02615348E-04
   6868.3947991095238       0.728091896       1.04634266E-04
   6870.8520062476855       0.809582055       1.12280766E-04
   6873.3092133858472       0.796695530       1.13432478E-04
   6875.7664205240089       0.836906552       1.19514189E-04
   6878.2236276621707       0.903138220       1.25067498E-04
   6880.6808348003324       0.849611938       1.20332450E-04
   6883.1380419384950       0.815007269       1.17300006E-04
   6885.5952490766567       0.862225473       1.20615550E-04
   6888.0524562148184       0.843329906       1.19134966E-04
   6890.5096633529802       0.838927925       1.20577679E-04
   6892.9668704911419       0.899147689       1.24920043E-04
   6895.4240776293036       0.866021097       1.23257909E-04
   6897.8812847674662       0.862464249       1.21595047E-04
   6900.3384919056280       0.840744674       1.19481570E-04
   6902.7956990437897       0.857312381       1.22217563E-04
   6905.2529061819514       0.911165178       1.28281521E-04
   6907.7101133201131       0.933642805       1.30977234E-04
   6910.1673204582748       0.918013871       1.31153647E-04
   6912.6245275964375       0.956442118       1.33921465E-04
   6915.0817347345992       0.924599230       1.30999819E-04
   6917.5389418727609       0.927536547       1.33061563E-04
   6919.9961490109226       0.983682215       1.36651724E-04
   6922.4533561490844       0.951524913       1.36383940E-04
   6924.9105632872470        1.00158799       1.41821947E-04
   6927.3677704254078        1.05827582       1.49064013E-04
   6929.8249775635704        1.08354390       1.52473745E-04
   6932.2821847017321        1.07784104       1.52790046E-04
   6934.7393918398939        1.09406233       1.55139729E-04
   6937.1965989780556        1.12854791       1.59612377E-04
   6939.6538061162173        1.17482924       1.66646423E-04
   6942.1110132543799        1.23893762       1.74708170E-04
   6944.5682203925408        1.30334592       1.85649580E-04
   6947.0254275307034        1.40027034       1.94865017E-04
   6949.4826346688651        1.36659980       1.94344102E-04
   6951.9398418070268        1.36030090       1.90432969E-04
   6954.3970489451885        1.28232944       1.84642995E-04
   6956.8542560833503        1.35035133       1.89875820E-04
   6959.3114632215129        1.34381711       1.89718208E-04
   6961.7686703596746        1.36155701       1.95035667E-04
   6964.2258774978363        1.44991732       2.02441646E-04
   6966.6830846359981        1.44409382       2.04850003E-04
   6969.1402917741598        1.44200885       2.02866882E-04
   6971.5974989123215        1.41305506       2.01407718E-04
   6974.0547060504832        1.43464851       2.01735267E-04
   6976.5119131886458        1.42262197       2.02948300E-04
   6978.9691203268076        1.49397552       2.11383231E-04
   6981.4263274649693        1.55115700       2.17113789E-04
   6983.8835346031310        1.50970650       2.13995852E-04
   6986.3407417412927        1.49871063       2.13139283E-04
   6988.7979488794554        1.53312826       2.15943146E-04
   6991.2551560176171        1.52650797       2.15826905E-04
   6993.7123631557788        1.51865292       2.14951709E-04
   6996.1695702939405        1.51315320       2.13876701E-04
   6998.6267774321022        1.51747978       2.16385029E-04
   7001.0839845702640        1.60963035       2.27641853E-04
   7003.5411917084257        1.67310214       2.33586892E-04
   7005.9983988465883        1.62477851       2.32306775E-04
   7008.4556059847500        1.68594241       2.37505388E-04
   7010.9128131229118        1.69750428       2.39932750E-04
   7013.3700202610735        1.72954500       2.46440322E-04
   7015.8272273992352        1.83433306       2.58170563E-04
   7018.2844345373978        1.87713373       2.63706635E-04
   7020.7416416755586        1.84559631       2.62026006E-04
   7023.1988488137213        1.88004303       2.67434138E-04
   7025.6560559518830        1.98476660       2.80116510E-04
   7028.1132630900447        2.04630208       2.86706898E-04
   7030.5704702282064        2.22365594       2.91860604E-04
   7033.0276773663682        2.25347233       3.18402337E-04
   7035.4848845045308        2.38763809       3.31481075E-04
   7037.9420916426916        2.28583813       3.26744688E-04
   7040.3992987808542        2.34852242       3.33570817E-04
   7042.8565059190159        2.46856260       3.47144174E-04
   7045.3137130571777        2.48886657       3.50730930E-04
   7047.7709201953394        2.43173003       3.41411331E-04
   7050.2281273335011        2.20074463       3.09206749E-04
   7052.6853344716637        1.83403027       2.63655413E-04
   7055.1425416098255        1.56479180       2.22020259E-04
   7057.5997487479872        1.26984298       1.83071708E-04
   7060.0569558861489        1.07192647       1.54071837E-04
   7062.5141630243106       0.961190224       1.37995317E-04
   7064.9713701624732       0.942746758       1.34185117E-04
   7067.4285773006350       0.958698094       1.35567476E-04
   7069.8857844387967       0.993723512       1.40991338E-04
   7072.3429915769584        1.03561604       1.44789010E-04
   7074.8001987151201        1.03130615       1.47390630E-04
   7077.2574058532819        1.09769917       1.54357229E-04
   7079.7146129914436        1.12480056       1.58143594E-04
   7082.1718201296062        1.11466670       1.57125862E-04
   7084.6290272677679        1.06799793       1.49716376E-04
   7087.0862344059296       0.963541448       1.37684881E-04
   7089.5434415440914       0.921458542       1.31278503E-04
   7092.0006486822531       0.910743415       1.28009618E-04
   7094.4578558204148       0.870436609       1.23774546E-04
   7096.9150629585765       0.850954115       1.19920864E-04
   7099.3722700967392       0.830675960       1.19551732E-04
   7101.8294772349009       0.895057678       1.25168721E-04
   7104.2866843730626       0.900001049       1.27815394E-04
   7106.7438915112243       0.925725937       1.29812208E-04
   7109.2010986493860       0.916552246       1.31434077E-04
   7111.6583057875478       0.986894488       1.38209245E-04
   7114.1155129257095        1.00450361       1.43467885E-04
   7116.5727200638721        1.07668054       1.50223670E-04
   7119.0299272020338        1.08175015       1.55060028E-04
   7121.4871343401956       0.997912467       1.47384766E-04
   7123.9443414783573       0.925909281       1.53681889E-04
   7126.4015486165190       0.860077381       2.45397736E-04
   7128.8587557546816       0.830442131       2.33488434E-04
   7131.3159628928424       0.816492975       1.50029664E-04
   7133.7731700310051       0.765675366       1.11499503E-04
   7136.2303771691668       0.802370667       1.14490780E-04
   7138.6875843073285       0.832320571       1.16096657E-04
   7141.1447914454911       0.831644893       1.19236058E-04
   7143.6019985836519       0.868747473       1.21098470E-04
   7146.0592057218146       0.855358541       1.22475525E-04
   7148.5164128599763       0.895033777       1.26175393E-04
   7150.9736199981380       0.930616498       1.31440131E-04
   7153.4308271362997       0.950787127       1.33836642E-04
   7155.8880342744615       0.945964515       1.33408917E-04
   7158.3452414126241       0.922837257       1.31111039E-04
   7160.8024485507858       0.938999236       1.33447087E-04
   7163.2596556889475       0.966076672       1.35083901E-04
   7165.7168628271093       0.933840036       1.32779431E-04
   7168.1740699652710       0.940744042       1.33652167E-04
   7170.6312771034327       0.976928294       1.37803960E-04
   7173.0884842415944       0.993213177       1.40294360E-04
   7175.5456913797570        1.02400470       1.46476727E-04
   7178.0028985179188        1.10641837       1.53621644E-04
   7180.4601056560805        1.06901145       1.52666064E-04
   7182.9173127942422        1.12548041       1.61083575E-04
   7185.3745199324039        1.22445238       1.69439372E-04
   7187.8317270705656        1.17814076       1.68335624E-04
   7190.2889342087274        1.19985056       1.69038627E-04
   7192.7461413468900        1.19230425       1.68779952E-04
   7195.2033484850517        1.18168485       1.65978272E-04
   7197.6605556232134        1.10560763       1.56771493E-04
   7200.1177627613752        1.07106686       1.54549314E-04
   7202.5749698995369        1.14200270       1.58584749E-04
   7205.0321770376986        1.10075700       1.57928633E-04
   7207.4893841758603        1.17866743       1.67955732E-04
   7209.9465913140230        1.27925277       1.77656359E-04
   7212.4037984521847        1.23699796       1.75141467E-04
   7214.8610055903464        1.30119634       1.73892826E-04
   7217.3182127285090        1.29184246       1.83002427E-04
   7219.7754198666698        1.37156296       1.92725885E-04
   7222.2326270048325        1.40010500       1.97885282E-04
   7224.6898341429942        1.42084730       2.00424925E-04
   7227.1470412811559        1.41482973       1.99824994E-04
   7229.6042484193176        1.40880358       2.00880851E-04
   7232.0614555574793        1.48604095       2.10548111E-04
   7234.5186626956420        1.56441152       2.19175723E-04
   7236.9758698338028        1.55224597       2.19805312E-04
   7239.4330769719654        1.57995570       2.26261327E-04
   7241.8902841101271        1.72939992       2.43122922E-04
   7244.3474912482889        1.78836691       2.50436919E-04
   7246.8046983864506        1.75403702       2.49810633E-04
   7249.2619055246123        1.81330085       2.58117914E-04
   7251.7191126627749        1.95836520       2.76991021E-04
   7254.1763198009367        2.07855868       2.90936179E-04
   7256.6335269390984        2.07952547       2.95349921E-04
   7259.0907340772601        2.13944387       3.02389148E-04
   7261.5479412154218        2.19907165       3.11776006E-04
   7264.0051483535835        2.28065848       3.19992629E-04
   7266.4623554917453        2.23187733       3.15583369E-04
   7268.9195626299079        2.20830655       3.15045414E-04
   7271.3767697680696        2.26848292       3.17923463E-04
   7273.8339769062313        2.21948791       3.16431309E-04
   7276.2911840443930        2.30467844       3.27727525E-04
   7278.7483911825548        2.42651272       3.38561484E-04
   7281.2055983207165        2.36646247       3.37634410E-04
   7283.6628054588782        2.43453240       3.43206892E-04
   7286.1200125970408        2.45009351       3.47669004E-04
   7288.5772197352026        2.56905746       3.66467633E-04
   7291.0344268733643        2.78195238       3.89243447E-04
   7293.4916340115260        2.83721423       4.02400503E-04
   7295.9488411496877        2.93585515       4.13942587E-04
   7298.4060482878504        2.99020362       4.23625082E-04
   7300.8632554260121        3.10309815       4.40460281E-04
   7303.3204625641738        3.27272606       4.60183743E-04
   7305.7776697023355        3.33383608       4.72060434E-04
   7308.2348768404972        3.44275331       4.87873680E-04
   7310.6920839786590        3.58797669       5.06191282E-04
   7313.1492911168207        3.70273495       5.24815929E-04
   7315.6064982549833        3.86470437       5.44892042E-04
   7318.0637053931450        3.95688820       5.59555774E-04
   7320.5209125313067        4.06449986       5.75026264E-04
   7322.9781196694685        4.13252401       5.79517742E-04
   7325.4353268076302        3.99772263       5.68968477E-04
   7327.8925339457928        4.05441809       5.77251776E-04
   7330.3497410839536        4.27086020       6.02008658E-04
   7332.8069482221163        4.38216305       6.17000624E-04
   7335.2641553602780        4.38702154       6.22277381E-04
   7337.7213624984397        4.47833395       6.32443756E-04
   7340.1785696366014        4.49771976       6.33944757E-04
   7342.6357767747631        4.45305920       6.33114716E-04
   7345.0929839129258        4.53834772       6.39770005E-04
   7347.5501910510866        4.50189114       6.34332304E-04
   7350.0073981892492        4.38155413       6.23786764E-04
   7352.4646053274109        4.44984674       6.29966904E-04
   7354.9218124655727        4.54702950       6.42904430E-04
   7357.3790196037344        4.65113640       6.57450582E-04
   7359.8362267418961        4.73735428       6.69459114E-04
   7362.2934338800587        4.83565331       6.85321167E-04
   7364.7506410182204        4.97010326       6.99205324E-04
   7367.2078481563822        4.96081114       7.03268335E-04
   7369.6650552945439        5.03556156       7.11993314E-04
   7372.1222624327056        5.07902622       7.15750444E-04
   7374.5794695708682        5.01923847       7.11146218E-04
   7377.0366767090300        5.01895189       7.10433815E-04
   7379.4938838471917        5.04450417       7.13354093E-04
   7381.9510909853534        5.09002066       7.21573131E-04
   7384.4082981235151        5.17793846       7.27820036E-04
   7386.8655052616768        5.07161379       7.19126139E-04
   7389.3227123998386        5.06025124       7.16606562E-04
   7391.7799195380012        5.06424284       7.15191010E-04
   7394.2371266761629        5.05460644       7.16870243E-04
   7396.6943338143246        5.08119059       7.14051654E-04
   7399.1515409524864        4.92156029       6.98953401E-04
   7401.6087480906481        4.90084124       6.95317693E-04
   7404.0659552288098        4.97339249       7.02337595E-04
   7406.5231623669715        4.99783087       7.05970859E-04
   7408.9803695051341        4.98850727       7.05547107E-04
   7411.4375766432959        4.96306133       6.99950324E-04
   7413.8947837814576        4.85269260       6.88259606E-04
   7416.3519909196193        4.85486078       6.88962056E-04
   7418.8091980577810        4.93028927       6.93762267E-04
   7421.2664051959437        4.86221886       6.89104141E-04
   7423.7236123341045        4.88777304       6.93868147E-04
   7426.1808194722671        5.00981760       7.05051236E-04
   7428.6380266104288        4.96662331       7.01443409E-04
   7431.0952337485905        4.89544201       6.94144284E-04
   7433.5524408867523        4.89236689       6.91290654E-04
   7436.0096480249140        4.87345552       6.90271670E-04
   7438.4668551630766        4.88502359       6.88987377E-04
   7440.9240623012374        4.80129337       6.79134275E-04
   7443.3812694394001        4.75551319       6.76372671E-04
   7445.8384765775618        4.85311604       6.82840589E-04
   7448.2956837157235        4.77861500       6.75069052E-04
   7450.7528908538861        4.70376492       6.69207540E-04
   7453.2100979920478        4.79841566       6.77619246E-04
   7455.6673051302096        4.85824251       6.87030843E-04
   7458.1245122683713        4.91119194       6.93112321E-04
   7460.5817194065330        4.90947533       6.95270079E-04
   7463.0389265446947        4.97285366       7.04529346E-04
   7465.4961336828565        5.08595133       7.17675837E-04
   7467.9533408210191        5.11493206       7.20817596E-04
   7470.4105479591808        5.02114725       7.10513385E-04
   7472.8677550973425        4.97038078       7.06150546E-04
   7475.3249622355042        5.05570555       7.14197115E-04
   7477.7821693736660        5.10966110       7.22307479E-04
   7480.2393765118277        5.16300631       7.30975997E-04
   7482.6965836499894        5.26128817       7.43755838E-04
   7485.1537907881520        5.33395576       7.52231106E-04
   7487.6109979263138        5.31035948       7.50816136E-04
   7490.0682050644755        5.29121256       7.50119041E-04
   7492.5254122026372        5.36804914       7.60232331E-04
   7494.9826193407989        5.48049307       7.72654661E-04
   7497.4398264789606        5.47446442       7.73181499E-04
   7499.8970336171224        5.44320488       7.72228872E-04
   7502.3542407552850        5.52618790       7.81819923E-04
   7504.8114478934467        5.61857748       7.93397077E-04
   7507.2686550316084        5.66008186       8.00067151E-04
   7509.7258621697702        5.67992496       8.02407681E-04
   7512.1830693079319        5.66040087       8.01292539E-04
   7514.6402764460936        5.70311975       8.08667392E-04
   7517.0974835842553        5.79292870       8.14185129E-04
   7519.5546907224179        5.67342329       8.05130054E-04
   7522.0118978605797        5.67334080       8.02136085E-04
   7524.4691049987414        5.66365004       8.02644063E-04
   7526.9263121369040        5.76840591       8.17747263E-04
   7529.3835192750648        5.92452621       8.34093022E-04
   7531.8407264132275        5.94213676       8.41667352E-04
   7534.2979335513892        6.03548288       8.55093123E-04
   7536.7551406895509        6.21152020       8.77416693E-04
   7539.2123478277126        6.32359362       8.91401607E-04
   7541.6695549658743        6.30416870       8.91032047E-04
   7544.1267621040370        6.29884386       8.94793891E-04
   7546.5839692421978        6.44517708       9.07330250E-04
   7549.0411763803604        6.41489267       9.08959890E-04
   7551.4983835185221        6.47372007       9.14732867E-04
   7553.9555906566839        6.46927643       9.13695781E-04
   7556.4127977948456        6.44001913       9.12050309E-04
   7558.8700049330073        6.43180370       9.07988695E-04
   7561.3272120711699        6.38425016       9.04595887E-04
   7563.7844192093316        6.35150194       8.94132652E-04
   7566.2416263474934        6.18317556       8.80434120E-04
   7568.6988334856551        6.26968431       8.85588815E-04
   7571.1560406238168        6.30482292       8.91159405E-04
   7573.6132477619785        6.34437370       8.98965925E-04
   7576.0704549001402        6.48909807       9.19421844E-04
   7578.5276620383029        6.67835665       9.37347242E-04
   7580.9848691764637        6.47078228       9.09732364E-04
   7583.4420763146263        6.00235796       8.52311903E-04
   7585.8992834527880        5.56006432       7.83771800E-04
   7588.3564905909498        4.91095352       6.98744901E-04
   7590.8136977291124        4.33561897       6.17604994E-04
   7593.2709048672732        3.81099010       5.38481807E-04
   7595.7281120054358        3.20278573       4.63948352E-04
   7598.1853191435976        3.04979348       4.36196337E-04
   7600.6425262817593        3.09463930       4.37352341E-04
   7603.0997334199219        3.21050429       4.58623224E-04
   7605.5569405580827        3.51369309       4.93494852E-04
   7608.0141476962453        3.79858518       5.46652358E-04
   7610.4713548344071        4.50110626       6.30529248E-04
   7612.9285619725688        4.80228996       6.66486041E-04
   7615.3857691107305        4.55454016       6.42743486E-04
   7617.8429762488922        4.18402147       5.92185592E-04
   7620.3001833870549        3.85381126       5.52885642E-04
   7622.7573905252157        3.79760671       5.31760568E-04
   7625.2145976633783        3.45006490       4.87611891E-04
   7627.6718048015400        3.08210087       4.43693716E-04
   7630.1290119397017        2.99073434       4.19733959E-04
   7632.5862190778635        2.73211789       3.88672895E-04
   7635.0434262160252        2.58573341       3.70860973E-04
   7637.5006333541878        2.65205765       3.73714778E-04
   7639.9578404923486        2.65016508       3.73083458E-04
   7642.4150476305113        2.55080223       3.59795144E-04
   7644.8722547686730        2.41776490       3.44321103E-04
   7647.3294619068347        2.37550426       3.35185498E-04
   7649.7866690449964        2.29300475       3.24205786E-04
   7652.2438761831581        2.18633533       3.07366281E-04
   7654.7010833213208        1.96109390       2.77408224E-04
   7657.1582904594816        1.73479486       2.49332079E-04
   7659.6154975976442        1.61433673       2.24826639E-04
   7662.0727047358059        1.34879816       1.96623587E-04
   7664.5299118739676        1.31844354       1.86482022E-04
   7666.9871190121294        1.28759933       1.83230921E-04
   7669.4443261502911        1.34602571       1.92464635E-04
   7671.9015332884537        1.49194705       2.10782804E-04
   7674.3587404266145        1.66195846       2.35266503E-04
   7676.8159475647772        1.81326890       2.53803155E-04
   7679.2731547029389        1.87671125       2.65633309E-04
   7681.7303618411006        1.93892384       2.72587407E-04
   7684.1875689792632        1.93392110       2.72897887E-04
   7686.6447761174240        1.90682304       2.70759600E-04
   7689.1019832555867        1.90574002       2.66150309E-04
   7691.5591903937484        1.70376551       2.40316687E-04
   7694.0163975319101        1.49773908       2.19515539E-04
   7696.4736046700727        1.57150531       2.17567009E-04
   7698.9308118082336        1.47235179       2.13201507E-04
   7701.3880189463962        1.60177410       2.26270175E-04
   7703.8452260845579        1.69066417       2.38211622E-04
   7706.3024332227196        1.78387880       2.54054641E-04
   7708.7596403608813        1.93773413       2.73842947E-04
   7711.2168474990431        2.14447308       3.05749505E-04
   7713.6740546372057        2.37337375       3.28105642E-04
   7716.1312617753665        2.32709718       3.33849806E-04
   7718.5884689135291        2.50441885       3.54304851E-04
   7721.0456760516909        2.68092465       3.77974327E-04
   7723.5028831898526        2.80945063       3.95914511E-04
   7725.9600903280143        2.88320541       4.08372289E-04
   7728.4172974661760        2.99686480       4.23158403E-04
   7730.8745046043387        3.08094096       4.36419912E-04
   7733.3317117424995        3.22538948       4.56835231E-04
   7735.7889188806621        3.35764956       4.70750703E-04
   7738.2461260188238        3.30258346       4.66588477E-04
   7740.7033331569855        3.23151422       4.59362665E-04
   7743.1605402951473        3.21334481       4.50095860E-04
   7745.6177474333090        3.00125122       4.28656233E-04
   7748.0749545714716        2.95226002       4.16547729E-04
   7750.5321617096324        2.82495332       4.00575605E-04
   7752.9893688477950        2.78590822       3.98340228E-04
   7755.4465759859568        2.89613485       4.06872656E-04
   7757.9037831241185        2.91019750       4.11974703E-04
   7760.3609902622811        2.93040681       4.14732640E-04
   7762.8181974004419        3.00840521       4.27547144E-04
   7765.2754045386046        3.14370751       4.41487035E-04
   7767.7326116767663        3.20241737       4.56681882E-04
   7770.1898188149280        3.38471866       4.73299384E-04
   7772.6470259530906        3.38212991       4.83084092E-04
   7775.1042330912514        3.55849552       4.97163972E-04
   7777.5614402294141        3.44478440       4.88044287E-04
   7780.0186473675749        3.38525677       4.79843060E-04
   7782.4758545057375        3.34811091       4.74819593E-04
   7784.9330616438992        3.41068101       4.83249867E-04
   7787.3902687820610        3.43508339       4.81929368E-04
   7789.8474759202236        3.35795140       4.79493465E-04
   7792.3046830583844        3.38134956       4.71287349E-04
   7794.7618901965470        3.40594435       4.63764882E-04
   7797.2190973347087        3.50542808       4.92739608E-04
   7799.6763044728705        3.63769603       5.11719263E-04
   7802.1335116110322        3.70984912       5.28020202E-04
   7804.5907187491939        3.89975286       5.48368960E-04
   7807.0479258873565        4.00473356       5.69658063E-04
   7809.5051330255174        4.26752329       6.02844055E-04
   7811.9623401636800        4.47828579       6.28981506E-04
   7814.4195473018417        4.50677299       6.37560093E-04
   7816.8767544400034        4.52803707       6.38114056E-04
   7819.3339615781651        4.45952368       6.33586082E-04
   7821.7911687163269        4.50019646       6.32859301E-04
   7824.2483758544895        4.29696131       6.04450994E-04
   7826.7055829926503        4.01075268       5.77699451E-04
   7829.1627901308129        4.11943007       5.78011968E-04
   7831.6199972689747        4.05871248       5.77361148E-04
   7834.0772044071364        4.08922482       5.73316589E-04
   7836.5344115452981        3.97472095       5.71905985E-04
   7838.9916186834598        4.28155947       6.00328494E-04
   7841.4488258216224        4.34699726       6.17016573E-04
   7843.9060329597842        4.54571772       6.39764243E-04
   7846.3632400979459        4.52628565       6.37339486E-04
   7848.8204472361076        4.45337582       6.33689866E-04
   7851.2776543742693        4.51645613       6.39788457E-04
   7853.7348615124320        4.68620491       6.62094855E-04
   7856.1920686505928        4.72634554       6.63006096E-04
   7858.6492757887554        4.61601877       6.58692734E-04
   7861.1064829269171        4.68083143       6.56524848E-04
   7863.5636900650788        4.53951359       6.44845539E-04
   7866.0208972032406        4.50786495       6.38924539E-04
   7868.4781043414023        4.54447031       6.41590334E-04
   7870.9353114795649        4.49304342       6.33826014E-04
   7873.3925186177257        4.44464827       6.36429992E-04
   7875.8497257558884        4.74725628       6.69559871E-04
   7878.3069328940501        4.94703722       6.96259667E-04
   7880.7641400322118        5.03478956       7.13272369E-04
   7883.2213471703744        5.16567993       7.28266954E-04
   7885.6785543085352        5.23140907       7.42080039E-04
   7888.1357614466979        5.39270449       7.60172552E-04
   7890.5929685848587        5.40441847       7.60459225E-04
   7893.0501757230213        5.27095032       7.49046623E-04
   7895.5073828611830        5.28102875       7.46057252E-04
   7897.9645899993448        5.24888802       7.42598204E-04
   7900.4217971375074        5.20386124       7.33549823E-04
   7902.8790042756682        4.99725151       7.04720849E-04
   7905.3362114138308        4.70017052       6.70102774E-04
   7907.7934185519925        4.65516853       6.62820647E-04
   7910.2506256901543        4.76904154       6.69104513E-04
   7912.7078328283160        4.58382368       6.45071501E-04
   7915.1650399664777        4.30503511       6.18747436E-04
   7917.6222471046403        4.49606037       6.38195896E-04
   7920.0794542428021        4.72460127       6.60390244E-04
   7922.5366613809638        4.65638113       6.63073675E-04
   7924.9938685191255        4.82526159       6.83464052E-04
   7927.4510756572872        5.03368855       7.10108434E-04
   7929.9082827954498        5.19045258       7.32944405E-04
   7932.3654899336107        5.25442696       7.38574599E-04
   7934.8226970717733        5.16263628       7.34174857E-04
   7937.2799042099350        5.22961044       7.36955903E-04
   7939.7371113480967        5.12487411       7.20474869E-04
   7942.1943184862585        4.82153368       6.85811858E-04
   7944.6515256244202        4.70415974       6.70137175E-04
   7947.1087327625828        4.80590057       6.80492143E-04
   7949.5659399007436        4.97045612       7.04067643E-04
   7952.0231470389062        5.16536331       7.25904712E-04
   7954.4803541770680        5.14596748       7.27368053E-04
   7956.9375613152297        5.18215418       7.39305164E-04
   7959.3947684533914        5.48914194       7.72909436E-04
   7961.8519755915531        5.65148163       7.97847926E-04
   7964.3091827297158        5.75994158       8.13694496E-04
   7966.7663898678766        5.84412050       8.26990930E-04
   7969.2235970060392        5.93694019       8.36679363E-04
   7971.6808041442009        5.89197969       8.33808503E-04
   7974.1380112823626        5.87875605       8.31179204E-04
   7976.5952184205253        5.78286076       8.13601830E-04
   7979.0524255586861        5.53254557       7.88738951E-04
   7981.5096326968487        5.50126362       7.74631684E-04
   7983.9668398350095        5.31720209       7.55423389E-04
   7986.4240469731722        5.30888557       7.54127395E-04
   7988.8812541113339        5.40704966       7.61506031E-04
   7991.3384612494956        5.39533615       7.65688892E-04
   7993.7956683876582        5.52108431       7.82376563E-04
   7996.2528755258199        5.73281336       8.10488418E-04
   7998.7100826639817        5.96186352       8.43826914E-04
   8001.1672898021434        6.20195532       8.72227654E-04
   8003.6244969403051        6.24698496       8.85483925E-04
   8006.0817040784677        6.42567825       9.09813214E-04
   8008.5389112166285        6.61602736       9.32313735E-04
   8010.9961183547912        6.74692392       9.59987752E-04
   8013.4533254929529        7.09912539       9.98029136E-04
   8015.9105326311146        7.20247316       1.01851427E-03
   8018.3677397692763        7.31118441       1.03384675E-03
   8020.8249469074381        7.45919704       1.05871912E-03
   8023.2821540456007        7.75876904       1.09209004E-03
   8025.7393611837615        7.84739494       1.11344946E-03
   8028.1965683219241        8.16959286       1.15656003E-03
   8030.6537754600859        8.42155552       1.18102529E-03
   8033.1109825982476        8.38363838       1.19909935E-03
