   5529.2169088113069        6.52992800E-02  -9.23471089E-06
   5531.6741159494686        6.69222325E-02   9.40623522E-06
   5534.1313230876303        7.51414374E-02   1.04455039E-05
   5536.5885302257930        3.78468856E-02   5.71804776E-06
   5539.0457373639547        2.96330806E-02   4.36791424E-06
   5541.5029445021164        5.03410101E-02   6.99388920E-06
   5543.9601516402781        5.86214736E-02   8.16013562E-06
   5546.4173587784398        3.56193222E-02   5.42861790E-06
   5548.8745659166016        4.83679920E-02   6.73048953E-06
   5551.3317730547642        6.66042045E-02   9.33940919E-06
   5553.7889801929259        5.19656949E-02   7.61530009E-06
   5556.2461873310876        6.98661134E-02   9.69517532E-06
   5558.7033944692494        7.27257505E-02   1.04063110E-05
   5561.1606016074111        8.03614333E-02   1.14303002E-05
   5563.6178087455728        9.92364958E-02   1.38993919E-05
   5566.0750158837354       0.104773842       1.49145235E-05
   5568.5322230218972       0.109747589       1.55245107E-05
   5570.9894301600589       0.126307994       1.78380851E-05
   5573.4466372982206       0.128759012       1.84731216E-05
   5575.9038444363823       0.163693130       2.26906468E-05
   5578.3610515745440       0.151046559       2.14877309E-05
   5580.8182587127058       0.123445116       1.78033042E-05
   5583.2754658508684       0.142943576       2.00150862E-05
   5585.7326729890301       0.156802148       2.21416612E-05
   5588.1898801271918       0.145390183       2.06263103E-05
   5590.6470872653535       0.150818303       2.12572595E-05
   5593.1042944035153       0.140659392       2.00954510E-05
   5595.5615015416770       0.157013848       2.20189067E-05
   5598.0187086798396       0.156128421       2.21328191E-05
   5600.4759158180013       0.154784411       2.18152836E-05
   5602.9331229561631       0.145313099       2.07396351E-05
   5605.3903300943248       0.154551357       2.17169727E-05
   5607.8475372324865       0.158623770       2.22894068E-05
   5610.3047443706482       0.133002833       1.90495157E-05
   5612.7619515088109       0.126485735       1.79131221E-05
   5615.2191586469726       0.138645217       1.94759614E-05
   5617.6763657851343       0.129358545       1.84513228E-05
   5620.1335729232960       0.134948254       1.88999711E-05
   5622.5907800614577       0.127817675       1.82015228E-05
   5625.0479871996195       0.120254092       1.71090760E-05
   5627.5051943377821       0.136167645       1.90127030E-05
   5629.9624014759438       0.122588426       1.75288351E-05
   5632.4196086141055       0.117579937       1.69110972E-05
   5634.8768157522672       0.151731670       2.11520146E-05
   5637.3340228904290       0.161369473       2.27684995E-05
   5639.7912300285907       0.139864922       1.99520455E-05
   5642.2484371667524       0.142951652       2.03435502E-05
   5644.7056443049150       0.162136093       2.27594028E-05
   5647.1628514430768       0.173166960       2.44350413E-05
   5649.6200585812385       0.155956671       2.23775878E-05
   5652.0772657194002       0.182014406       2.53201179E-05
   5654.5344728575619       0.167558894       2.41020207E-05
   5656.9916799957236       0.176158547       2.45931533E-05
   5659.4488871338863       0.179674119       2.53890739E-05
   5661.9060942720480       0.140578285       2.03043255E-05
   5664.3633014102097       0.160157010       2.24849409E-05
   5666.8205085483714       0.172386438       2.44536423E-05
   5669.2777156865332       0.186503842       2.58899654E-05
   5671.7349228246949       0.142891288       2.08469664E-05
   5674.1921299628575       0.135271087       1.93047308E-05
   5676.6493371010192       0.184527934       2.57610282E-05
   5679.1065442391809       0.173710525       2.48000033E-05
   5681.5637513773427       0.188465297       2.63105267E-05
   5684.0209585155044       0.164270625       2.37151598E-05
   5686.4781656536661       0.180075601       2.52317586E-05
   5688.9353727918278       0.196208522       2.77951021E-05
   5691.3925799299905       0.194781750       2.75075799E-05
   5693.8497870681522       0.202124894       2.84966791E-05
   5696.3069942063139       0.186105430       2.66910793E-05
   5698.7642013444756       0.212902486       2.98724171E-05
   5701.2214084826373       0.228188083       3.21884836E-05
   5703.6786156207991       0.217049584       3.07028422E-05
   5706.1358227589617       0.206328586       2.92415734E-05
   5708.5930298971234       0.200946242       2.84800899E-05
   5711.0502370352851       0.207362518       2.92851128E-05
   5713.5074441734469       0.210708991       2.97354727E-05
   5715.9646513116086       0.205024198       2.91288488E-05
   5718.4218584497703       0.209867299       2.94995007E-05
   5720.8790655879329       0.206272885       2.92835939E-05
   5723.3362727260946       0.195517585       2.78191037E-05
   5725.7934798642564       0.220044404       3.09382522E-05
   5728.2506870024181       0.219460160       3.11887234E-05
   5730.7078941405798       0.234747380       3.29722970E-05
   5733.1651012787415       0.226399317       3.21349835E-05
   5735.6223084169033       0.222543180       3.13516794E-05
   5738.0795155550659       0.210700423       2.98999566E-05
   5740.5367226932276       0.202045426       2.88224546E-05
   5742.9939298313893       0.226521373       3.19086903E-05
   5745.4511369695510       0.248628229       3.49883776E-05
   5747.9083441077128       0.236210212       3.37816673E-05
   5750.3655512458745       0.261039436       3.66515960E-05
   5752.8227583840371       0.276775002       3.90355272E-05
   5755.2799655221988       0.255564362       3.61554776E-05
   5757.7371726603606       0.239589721       3.40589941E-05
   5760.1943797985223       0.235056177       3.30632029E-05
   5762.6515869366840       0.232190147       3.27577109E-05
   5765.1087940748457       0.184943169       2.67628147E-05
   5767.5660012130083       0.214758471       2.99505245E-05
   5770.0232083511701       0.218122706       3.08427916E-05
   5772.4804154893318       0.196269393       2.80958484E-05
   5774.9376226274935       0.212028101       2.97948318E-05
   5777.3948297656552       0.229785517       3.25858564E-05
   5779.8520369038170       0.230067596       3.23663371E-05
   5782.3092440419787       0.237120613       3.37478086E-05
   5784.7664511801413       0.231562838       3.27600101E-05
   5787.2236583183030       0.267589390       3.74332667E-05
   5789.6808654564647       0.204320341       2.99336953E-05
   5792.1380725946265       0.259217829       3.58252000E-05
   5794.5952797327882       0.252313077       3.61666935E-05
   5797.0524868709508       0.257100910       3.62560568E-05
   5799.5096940091125       0.281459749       3.98722259E-05
   5801.9669011472743       0.297899187       4.17754527E-05
   5804.4241082854360       0.285855472       4.04441853E-05
   5806.8813154235977       0.240551889       3.45369699E-05
   5809.3385225617594       0.263876885       3.69064037E-05
   5811.7957296999211       0.263445467       3.71621063E-05
   5814.2529368380838       0.218308628       3.13999262E-05
   5816.7101439762455       0.231011793       3.24025932E-05
   5819.1673511144072       0.245329291       3.46115703E-05
   5821.6245582525689       0.216226503       3.09764837E-05
   5824.0817653907307       0.241608709       3.38473183E-05
   5826.5389725288924       0.240611970       3.43756765E-05
   5828.9961796670550       0.262518764       3.67420107E-05
   5831.4533868052167       0.264654994       3.74497722E-05
   5833.9105939433784       0.233936802       3.32189011E-05
   5836.3678010815402       0.233434156       3.29420582E-05
   5838.8250082197019       0.219321832       3.12096672E-05
   5841.2822153578636       0.231590152       3.24010107E-05
   5843.7394224960262       0.207371265       2.94638485E-05
   5846.1966296341880       0.176256299       2.51292386E-05
   5848.6538367723497       0.175794259       2.49820787E-05
   5851.1110439105114       0.198295772       2.75563398E-05
   5853.5682510486731       0.166751519       2.40712925E-05
   5856.0254581868348       0.155144170       2.19678896E-05
   5858.4826653249966       0.185010061       2.60601773E-05
   5860.9398724631592       0.177763462       2.51855708E-05
   5863.3970796013209       0.191662952       2.69499469E-05
   5865.8542867394826       0.164521366       2.38186913E-05
   5868.3114938776444       0.205159575       2.83372647E-05
   5870.7687010158061       0.181097269       2.59294629E-05
   5873.2259081539678       0.155880257       2.21009759E-05
   5875.6831152921304       0.156815171       2.23793868E-05
   5878.1403224302921       0.178308457       2.47400967E-05
   5880.5975295684539       0.159157798       2.26879984E-05
   5883.0547367066156       0.111603335       1.62324141E-05
   5885.5119438447773       0.133204028       1.83505126E-05
   5887.9691509829390       0.111487277       1.60610016E-05
   5890.4263581211017        8.83667991E-02   1.29893351E-05
   5892.8835652592634       0.130780831       1.80089446E-05
   5895.3407723974251       0.134882703       1.92083917E-05
   5897.7979795355868       0.113946415       1.65151032E-05
   5900.2551866737485       0.152479321       2.12602663E-05
   5902.7123938119103       0.160655051       2.27310065E-05
   5905.1696009500720       0.159138665       2.24001851E-05
   5907.6268080882346       0.142482221       2.03587206E-05
   5910.0840152263963       0.146481350       2.05503311E-05
   5912.5412223645581       0.142700315       2.02309002E-05
   5914.9984295027198       0.131338790       1.89018683E-05
   5917.4556366408815       0.159329683       2.24010964E-05
   5919.9128437790432       0.185499206       2.59901772E-05
   5922.3700509172058       0.167892829       2.38286757E-05
   5924.8272580553676       0.150672123       2.15100463E-05
   5927.2844651935293       0.158166349       2.24089272E-05
   5929.7416723316910       0.181907132       2.54716997E-05
   5932.1988794698527       0.171496764       2.42803726E-05
   5934.6560866080144       0.151851937       2.18388996E-05
   5937.1132937461771       0.171340346       2.42032329E-05
   5939.5705008843388       0.207190320       2.89236759E-05
   5942.0277080225005       0.181196779       2.59022981E-05
   5944.4849151606622       0.174248159       2.45747306E-05
   5946.9421222988240       0.173406944       2.46476338E-05
   5949.3993294369857       0.180575132       2.54764109E-05
   5951.8565365751474       0.189536974       2.67269006E-05
   5954.3137437133100       0.183071867       2.58274831E-05
   5956.7709508514718       0.166947424       2.38670673E-05
   5959.2281579896335       0.173090711       2.44267740E-05
   5961.6853651277952       0.192477539       2.69858283E-05
   5964.1425722659569       0.168084964       2.41624075E-05
   5966.5997794041186       0.182175830       2.56873645E-05
   5969.0569865422813       0.205226332       2.89147883E-05
   5971.5141936804430       0.207120001       2.91258930E-05
   5973.9714008186047       0.185779288       2.64676273E-05
   5976.4286079567664       0.174195871       2.46286781E-05
   5978.8858150949281       0.178031042       2.52677110E-05
   5981.3430222330899       0.182228118       2.58636301E-05
   5983.8002293712525       0.208599478       2.92578989E-05
   5986.2574365094142       0.200750351       2.85093938E-05
   5988.7146436475759       0.200950921       2.82671499E-05
   5991.1718507857377       0.185889557       2.65444796E-05
   5993.6290579238994       0.193052739       2.70914443E-05
   5996.0862650620611       0.192118764       2.72263333E-05
   5998.5434722002228       0.178756982       2.54586448E-05
   6001.0006793383855       0.195304871       2.74294089E-05
   6003.4578864765472       0.193683162       2.75823695E-05
   6005.9150936147089       0.204025164       2.85209571E-05
   6008.3723007528706       0.191038549       2.73296173E-05
   6010.8295078910323       0.183946237       2.60772995E-05
   6013.2867150291941       0.214223310       2.99724106E-05
   6015.7439221673567       0.186240599       2.67189098E-05
   6018.2011293055184       0.198139966       2.78109346E-05
   6020.6583364436801       0.198520631       2.84035286E-05
   6023.1155435818418       0.225070581       3.14329409E-05
   6025.5727507200036       0.225535333       3.19569699E-05
   6028.0299578581653       0.201184466       2.86107443E-05
   6030.4871649963279       0.208575845       2.94016845E-05
   6032.9443721344896       0.205037430       2.91434790E-05
   6035.4015792726514       0.216748819       3.05803806E-05
   6037.8587864108131       0.225543529       3.18813873E-05
   6040.3159935489748       0.229025006       3.24196262E-05
   6042.7732006871365       0.233745426       3.32409109E-05
   6045.2304078252982       0.261155307       3.66965141E-05
   6047.6876149634609       0.269314468       3.81690770E-05
   6050.1448221016226       0.270695269       3.80433266E-05
   6052.6020292397843       0.257313460       3.66501408E-05
   6055.0592363779460       0.247553870       3.51983399E-05
   6057.5164435161078       0.286117315       3.99920500E-05
   6059.9736506542704       0.258991480       3.71226270E-05
   6062.4308577924321       0.272400498       3.83188817E-05
   6064.8880649305938       0.288261145       4.08258311E-05
   6067.3452720687555       0.293346912       4.12745030E-05
   6069.8024792069173       0.284938544       4.04422062E-05
   6072.2596863450790       0.272575349       3.85472013E-05
   6074.7168934832407       0.279787868       3.95925854E-05
   6077.1741006214033       0.274817318       3.89368070E-05
   6079.6313077595651       0.293721348       4.12286572E-05
   6082.0885148977268       0.262840688       3.76377902E-05
   6084.5457220358885       0.278700292       3.91766480E-05
   6087.0029291740502       0.288356811       4.06828622E-05
   6089.4601363122119       0.271407008       3.85618951E-05
   6091.9173434503737       0.269764841       3.79593585E-05
   6094.3745505885363       0.262457699       3.72430914E-05
   6096.8317577266980       0.244609714       3.49324218E-05
   6099.2889648648597       0.283644259       3.95488496E-05
   6101.7461720030215       0.260387033       3.72157920E-05
   6104.2033791411832       0.253933817       3.57503122E-05
   6106.6605862793458       0.256638139       3.65137785E-05
   6109.1177934175075       0.263827592       3.71379538E-05
   6111.5750005556692       0.276933551       3.90458445E-05
   6114.0322076938310       0.245621681       3.50928131E-05
   6116.4894148319927       0.265130609       3.70155794E-05
   6118.9466219701544       0.234380797       3.37311139E-05
   6121.4038291083161       0.246050254       3.43559987E-05
   6123.8610362464788       0.247916952       3.51787166E-05
   6126.3182433846405       0.215526238       3.10131509E-05
   6128.7754505228022       0.263433963       3.65936867E-05
   6131.2326576609639       0.247400492       3.52609350E-05
   6133.6898647991256       0.224633843       3.18516832E-05
   6136.1470719372874       0.234085172       3.28971255E-05
   6138.6042790754491       0.215877667       3.07532100E-05
   6141.0614862136117       0.212166801       2.99878593E-05
   6143.5186933517734       0.223221287       3.13828969E-05
   6145.9759004899352       0.203349233       2.89444179E-05
   6148.4331076280969       0.198587731       2.80264030E-05
   6150.8903147662586       0.197819009       2.79095093E-05
   6153.3475219044212       0.182588756       2.60617035E-05
   6155.8047290425829       0.191237107       2.69219927E-05
   6158.2619361807447       0.202369526       2.82351393E-05
   6160.7191433189064       0.146258295       2.12751402E-05
   6163.1763504570681       0.180559188       1.86275338E-05
   6165.6335575952298       0.165955171       2.34705967E-05
   6168.0907647333916       0.187799484       2.63647853E-05
   6170.5479718715542       0.200409591       2.81707016E-05
   6173.0051790097159       0.159571618       2.31170816E-05
   6175.4623861478776       0.184611157       2.57065585E-05
   6177.9195932860393       0.184050113       2.61901387E-05
   6180.3768004242011       0.178427815       2.54782171E-05
   6182.8340075623637       0.209707737       2.92003897E-05
   6185.2912147005254       0.201879665       2.87266193E-05
   6187.7484218386871       0.174676761       2.47342887E-05
   6190.2056289768489       0.178798527       2.53772323E-05
   6192.6628361150106       0.171732008       2.44354651E-05
   6195.1200432531723       0.204530522       2.85735659E-05
   6197.5772503913340       0.174530029       2.51747115E-05
   6200.0344575294966       0.199818715       2.76466235E-05
   6202.4916646676584       0.165761381       2.40867248E-05
   6204.9488718058201       0.171720669       2.42029364E-05
   6207.4060789439818       0.206544206       2.89325799E-05
   6209.8632860821435       0.186338097       2.64832088E-05
   6212.3204932203053       0.174659982       2.48821452E-05
   6214.7777003584670       0.186352625       2.61032801E-05
   6217.2349074966296       0.185040429       2.62341673E-05
   6219.6921146347913       0.161704555       2.31571375E-05
   6222.1493217729530       0.187714264       2.63134480E-05
   6224.6065289111148       0.186328366       2.63391557E-05
   6227.0637360492765       0.181705967       2.58095679E-05
   6229.5209431874382       0.178384990       2.51173151E-05
   6231.9781503256008       0.184015989       2.61412497E-05
   6234.4353574637626       0.173284441       2.47842181E-05
   6236.8925646019243       0.217996284       3.03130655E-05
   6239.3497717400860       0.184074551       2.64897135E-05
   6241.8069788782477       0.193514377       2.72257348E-05
   6244.2641860164094       0.198980972       2.82168076E-05
   6246.7213931545721       0.214448020       3.00163083E-05
   6249.1786002927338       0.184055835       2.64261216E-05
   6251.6358074308955       0.190572977       2.67990072E-05
   6254.0930145690572       0.196903929       2.79241976E-05
   6256.5502217072190       0.203499779       2.85965052E-05
   6259.0074288453807       0.193823040       2.75932234E-05
   6261.4646359835424       0.192932487       2.72374509E-05
   6263.9218431217050       0.201383337       2.86327049E-05
   6266.3790502598667       0.215246007       3.05547437E-05
   6268.8362573980285       0.254566222       3.57063327E-05
   6271.2934645361902       0.253640682       3.58283796E-05
   6273.7506716743519       0.238936886       3.39640246E-05
   6276.2078788125136       0.236158758       3.33824610E-05
   6278.6650859506763       0.249813080       3.53634314E-05
   6281.1222930888380       0.251328796       3.57071840E-05
   6283.5795002269997       0.286061376       3.98634547E-05
   6286.0367073651614       0.241697818       3.49022921E-05
   6288.4939145033231       0.251882046       3.52428651E-05
   6290.9511216414849       0.265461683       3.77813922E-05
   6293.4083287796475       0.264084876       3.72639515E-05
   6295.8655359178092       0.289623201       4.08787237E-05
   6298.3227430559709       0.269376159       3.84645937E-05
   6300.7799501941327       0.311216593       4.35183392E-05
   6303.2371573322944       0.287577689       4.11659457E-05
   6305.6943644704561       0.310596913       4.36921691E-05
   6308.1515716086178       0.322487444       4.56630369E-05
   6310.6087787467804       0.334414870       4.72036591E-05
   6313.0659858849422       0.330962449       4.67736900E-05
   6315.5231930231039       0.330860496       4.67023820E-05
   6317.9804001612656       0.303094715       4.34308167E-05
   6320.4376072994273       0.344671339       4.84389093E-05
   6322.8948144375890       0.370316893       5.22897026E-05
   6325.3520215757508       0.369524091       5.22584778E-05
   6327.8092287139134       0.365087032       5.15930333E-05
   6330.2664358520751       0.360047430       5.10914506E-05
   6332.7236429902368       0.365961462       5.19160021E-05
   6335.1808501283986       0.405396253       5.70377124E-05
   6337.6380572665603       0.408136487       5.79110783E-05
   6340.0952644047229       0.422370672       5.94526537E-05
   6342.5524715428846       0.415017545       5.90302225E-05
   6345.0096786810464       0.426045418       6.01060783E-05
   6347.4668858192081       0.448902339       6.32272131E-05
   6349.9240929573698       0.416808605       5.93734439E-05
   6352.3813000955315       0.431609303       6.06319045E-05
   6354.8385072336932       0.419632643       5.97094040E-05
   6357.2957143718559       0.420457453       5.92016113E-05
   6359.7529215100176       0.426128596       6.02897671E-05
   6362.2101286481793       0.397994518       5.64936781E-05
   6364.6673357863410       0.416371644       5.88467083E-05
   6367.1245429245027       0.420112997       5.93022814E-05
   6369.5817500626654       0.429728866       6.06710491E-05
   6372.0389572008271       0.394476265       5.62411988E-05
   6374.4961643389888       0.429465115       6.03671433E-05
   6376.9533714771505       0.422214270       5.98715997E-05
   6379.4105786153123       0.431363970       6.07609727E-05
   6381.8677857534740       0.404652506       5.74933729E-05
   6384.3249928916357       0.410669476       5.78785257E-05
   6386.7822000297983       0.393688887       5.60657390E-05
   6389.2394071679601       0.420305103       5.91249700E-05
   6391.6966143061218       0.423678190       6.00637322E-05
   6394.1538214442835       0.428613067       6.07361872E-05
   6396.6110285824452       0.453938276       6.41027291E-05
   6399.0682357206069       0.476370454       6.72671449E-05
   6401.5254428587687       0.474344999       6.71707458E-05
   6403.9826499969313       0.485920459       6.82883256E-05
   6406.4398571350930       0.446292341       6.35686010E-05
   6408.8970642732547       0.431934029       6.12262957E-05
   6411.3542714114164       0.466060460       6.56564152E-05
   6413.8114785495782       0.464886934       6.56984776E-05
   6416.2686856877408       0.451844603       6.40207800E-05
   6418.7258928259025       0.445148230       6.28655762E-05
   6421.1830999640642       0.443434924       6.27751870E-05
   6423.6403071022260       0.431166142       6.10007155E-05
   6426.0975142403877       0.440713942       6.21090585E-05
   6428.5547213785494       0.407257050       5.82122375E-05
   6431.0119285167111       0.444092214       6.22127263E-05
   6433.4691356548738       0.440613925       6.27446643E-05
   6435.9263427930355       0.446382612       6.28399139E-05
   6438.3835499311972       0.460708767       6.51200462E-05
   6440.8407570693589       0.428435475       6.10000934E-05
   6443.2979642075206       0.463655472       6.52152885E-05
   6445.7551713456824       0.459486961       6.52870876E-05
   6448.2123784838450       0.482198924       6.78633660E-05
   6450.6695856220067       0.477115303       6.75828924E-05
   6453.1267927601684       0.469839782       6.63671308E-05
   6455.5839998983301       0.458299309       6.50077345E-05
   6458.0412070364919       0.465621978       6.58133140E-05
   6460.4984141746536       0.478851259       6.76186537E-05
   6462.9556213128162       0.476866513       6.77244097E-05
   6465.4128284509779       0.499618113       7.04110571E-05
   6467.8700355891397       0.517176449       7.28981395E-05
   6470.3272427273014       0.476964325       6.80957673E-05
   6472.7844498654631       0.507676661       7.14514899E-05
   6475.2416570036248       0.530808210       7.48844686E-05
   6477.6988641417865       0.504283428       7.15420829E-05
   6480.1560712799492       0.501510382       7.08290027E-05
   6482.6132784181109       0.499407202       7.07781874E-05
   6485.0704855562726       0.504845738       7.13247791E-05
   6487.5276926944343       0.516449571       7.32831395E-05
   6489.9848998325961       0.541367054       7.61970587E-05
   6492.4421069707587       0.552281618       7.83553842E-05
   6494.8993141089204       0.547536910       7.76446177E-05
   6497.3565212470821       0.607338905       8.55366234E-05
   6499.8137283852438       0.600031257       8.55846665E-05
   6502.2709355234056       0.678928733       9.53589843E-05
   6504.7281426615673       0.698688209       9.89238833E-05
   6507.1853497997290       0.705334544       9.95588853E-05
   6509.6425569378916       0.692255795       9.80293771E-05
   6512.0997640760534       0.690177560       9.79957840E-05
   6514.5569712142151       0.729123831       1.02824932E-04
   6517.0141783523768       0.768886328       1.08798857E-04
   6519.4713854905385       0.770586014       1.09324283E-04
   6521.9285926287002       0.843960643       1.19060162E-04
   6524.3857997668620       0.865200162       1.22800862E-04
   6526.8430069050246       0.944959044       1.32942223E-04
   6529.3002140431863       0.943149030       1.33760666E-04
   6531.7574211813480       0.962412953       1.36374714E-04
   6534.2146283195098        1.02117836       1.43900194E-04
   6536.6718354576715        1.04827547       1.48477688E-04
   6539.1290425958341        1.04305649       1.47153638E-04
   6541.5862497339958        1.05624843       1.48944368E-04
   6544.0434568721575       0.936338663       1.33509704E-04
   6546.5006640103193       0.968071222       1.35743219E-04
   6548.9578711484810       0.883032441       1.26189465E-04
   6551.4150782866427       0.897137940       1.26306113E-04
   6553.8722854248044       0.921001971       1.31863795E-04
   6556.3294925629671        1.05751491       1.50235908E-04
   6558.7866997011288        1.33766699       1.86817910E-04
   6561.2439068392905        1.31262708       1.85395300E-04
   6563.7011139774522        1.14414525       1.61664910E-04
   6566.1583211156139       0.920907974       1.31384513E-04
   6568.6155282537766       0.786475480       1.11658497E-04
   6571.0727353919374       0.765516818       1.08003893E-04
   6573.5299425301000       0.717514634       1.02042621E-04
   6575.9871496682617       0.721074402       1.01885809E-04
   6578.4443568064235       0.751665175       1.06064988E-04
   6580.9015639445852       0.734389544       1.04119797E-04
   6583.3587710827469       0.745225430       1.05323888E-04
   6585.8159782209095       0.757479131       1.07028100E-04
   6588.2731853590703       0.757663488       1.06897372E-04
   6590.7303924972330       0.720459640       1.02187529E-04
   6593.1875996353947       0.703653634       9.98691976E-05
   6595.6448067735564       0.745265901       1.04903484E-04
   6598.1020139117181       0.748094976       1.05751300E-04
   6600.5592210498799       0.707489491       1.00426965E-04
   6603.0164281880425       0.721500278       1.01657308E-04
   6605.4736353262042       0.702827454       1.00159741E-04
   6607.9308424643659       0.746783733       1.05052910E-04
   6610.3880496025276       0.781435430       1.10541936E-04
   6612.8452567406894       0.756271899       1.07292719E-04
   6615.3024638788520       0.806189239       1.13083435E-04
   6617.7596710170128       0.733700871       1.04559971E-04
   6620.2168781551754       0.716134906       1.00842386E-04
   6622.6740852933372       0.694464386       9.85710358E-05
   6625.1312924314989       0.675159037       9.57561424E-05
   6627.5884995696606       0.720442593       1.01297388E-04
   6630.0457067078223       0.698827028       9.91690904E-05
   6632.5029138459849       0.684955418       9.65610161E-05
   6634.9601209841458       0.666199327       9.44392159E-05
   6637.4173281223084       0.636357486       9.03586842E-05
   6639.8745352604701       0.678872108       9.58864475E-05
   6642.3317423986318       0.704024315       9.95232112E-05
   6644.7889495367936       0.733781517       1.02915037E-04
   6647.2461566749553       0.642818630       9.16164427E-05
   6649.7033638131179       0.585762560       8.30248318E-05
   6652.1605709512796       0.594319105       8.39128479E-05
   6654.6177780894413       0.584538698       8.30090503E-05
   6657.0749852276031       0.608589053       8.55353792E-05
   6659.5321923657648       0.596017838       8.47619885E-05
   6661.9893995039274       0.589024663       8.38296255E-05
   6664.4466066420882       0.684926093       9.58767851E-05
   6666.9038137802509       0.664388299       9.45228749E-05
   6669.3610209184126       0.663882256       9.38210214E-05
   6671.8182280565743       0.693412006       9.77897289E-05
   6674.2754351947360       0.677099824       9.57899683E-05
   6676.7326423328977       0.654435933       9.24849301E-05
   6679.1898494710604       0.627356827       8.86859998E-05
   6681.6470566092212       0.587707043       8.35198443E-05
   6684.1042637473838       0.592719078       8.36657055E-05
   6686.5614708855455       0.604770064       8.56943443E-05
   6689.0186780237073       0.615187347       8.67220879E-05
   6691.4758851618690       0.619324386       8.76669146E-05
   6693.9330923000307       0.593690336       8.45343602E-05
   6696.3902994381933       0.658606112       9.24374035E-05
   6698.8475065763550       0.651184082       9.25933782E-05
   6701.3047137145168       0.668984711       9.45009015E-05
   6703.7619208526785       0.704712987       9.94463408E-05
   6706.2191279908402       0.702758670       9.91224952E-05
   6708.6763351290019       0.661921978       9.39876190E-05
   6711.1335422671636       0.646433115       9.11996976E-05
   6713.5907494053263       0.637557745       9.00638261E-05
   6716.0479565434880       0.584304810       8.29183045E-05
   6718.5051636816497       0.574789286       8.13325023E-05
   6720.9623708198114       0.569947720       8.09836420E-05
   6723.4195779579732       0.619909644       8.71957527E-05
   6725.8767850961358       0.623874128       8.84001493E-05
   6728.3339922342975       0.625280321       8.84073015E-05
   6730.7911993724592       0.635348737       8.97308855E-05
   6733.2484065106210       0.630229712       8.92606113E-05
   6735.7056136487827       0.630071461       8.91394229E-05
   6738.1628207869444       0.647686481       9.18096848E-05
   6740.6200279251061       0.679656923       9.56315635E-05
   6743.0772350632687       0.682408273       9.64555074E-05
   6745.5344422014305       0.625596166       8.89693620E-05
   6747.9916493395922       0.649903297       9.14875491E-05
   6750.4488564777539       0.628588915       8.94504265E-05
   6752.9060636159156       0.659588933       9.27049259E-05
   6755.3632707540773       0.650578260       9.24366686E-05
   6757.8204778922391       0.652699709       9.23947664E-05
   6760.2776850304017       0.699742973       9.87633757E-05
   6762.7348921685634       0.711934626       1.00910496E-04
   6765.1920993067251       0.747453809       1.05609754E-04
   6767.6493064448869       0.778818011       1.09864268E-04
   6770.1065135830486       0.775690913       1.09791501E-04
   6772.5637207212112       0.761657298       1.07842287E-04
   6775.0209278593729       0.779923439       1.09885783E-04
   6777.4781349975347       0.744939148       1.05620609E-04
   6779.9353421356964       0.724732637       1.02271319E-04
   6782.3925492738581       0.694549024       9.82048223E-05
   6784.8497564120198       0.642906487       9.13088224E-05
   6787.3069635501815       0.636039734       8.99950683E-05
   6789.7641706883442       0.655940890       9.31005343E-05
   6792.2213778265059       0.704735816       9.92517525E-05
   6794.6785849646676       0.734662890       1.03813683E-04
   6797.1357921028293       0.709615052       1.00811296E-04
   6799.5929992409910       0.755793989       1.06263687E-04
   6802.0502063791528       0.735710740       1.04731735E-04
   6804.5074135173145       0.766009152       1.07648782E-04
   6806.9646206554771       0.763741553       1.08431312E-04
   6809.4218277936388       0.749750495       1.06006693E-04
   6811.8790349318006       0.787326336       1.10843663E-04
   6814.3362420699623       0.726713181       1.03577724E-04
   6816.7934492081240       0.756460309       1.06511732E-04
   6819.2506563462866       0.763292909       1.08007705E-04
   6821.7078634844484       0.752566755       1.06666892E-04
   6824.1650706226101       0.770503461       1.09073211E-04
   6826.6222777607718       0.818968534       1.15263523E-04
   6829.0794848989335       0.795929968       1.13310525E-04
   6831.5366920370961       0.832287014       1.16967749E-04
   6833.9938991752570       0.836507976       1.18661679E-04
   6836.4511063134196       0.812262833       1.15069990E-04
   6838.9083134515813       0.866797566       1.21791585E-04
   6841.3655205897430       0.798056424       1.13765935E-04
   6843.8227277279047       0.814388394       1.14543451E-04
   6846.2799348660665       0.800308943       1.13795839E-04
   6848.7371420042291       0.814585447       1.14588423E-04
   6851.1943491423908       0.811005652       1.14909933E-04
   6853.6515562805525       0.768013120       1.08809225E-04
   6856.1087634187143       0.792517185       1.12226735E-04
   6858.5659705568760       0.807346106       1.14155824E-04
   6861.0231776950377       0.861593068       1.21214653E-04
   6863.4803848331994       0.795667112       1.13218564E-04
   6865.9375919713621       0.813294053       1.14157898E-04
   6868.3947991095238       0.740659714       1.05981097E-04
   6870.8520062476855       0.769788027       1.08837790E-04
   6873.3092133858472       0.859505475       1.21416204E-04
   6875.7664205240089       0.909256816       1.28232088E-04
   6878.2236276621707       0.919996321       1.30109314E-04
   6880.6808348003324       0.905192554       1.27702951E-04
   6883.1380419384950       0.868489206       1.23141974E-04
   6885.5952490766567       0.830778360       1.18069613E-04
   6888.0524562148184       0.896574795       1.25955135E-04
   6890.5096633529802       0.873926401       1.24166807E-04
   6892.9668704911419       0.876500010       1.23765669E-04
   6895.4240776293036       0.897462904       1.26828905E-04
   6897.8812847674662       0.883263707       1.24979677E-04
   6900.3384919056280       0.883405983       1.25122708E-04
   6902.7956990437897       0.899425387       1.27224892E-04
   6905.2529061819514       0.937248349       1.32416768E-04
   6907.7101133201131       0.947165251       1.34037851E-04
   6910.1673204582748       0.972668648       1.37244002E-04
   6912.6245275964375       0.957108915       1.35402777E-04
   6915.0817347345992       0.937861383       1.32837318E-04
   6917.5389418727609       0.938242614       1.32670510E-04
   6919.9961490109226       0.957518101       1.35260212E-04
   6922.4533561490844       0.941562891       1.34084024E-04
   6924.9105632872470        1.03022468       1.44774327E-04
   6927.3677704254078        1.05924141       1.50572509E-04
   6929.8249775635704        1.10298908       1.55163594E-04
   6932.2821847017321        1.13717878       1.60874159E-04
   6934.7393918398939        1.06577885       1.52184977E-04
   6937.1965989780556        1.21501946       1.70994215E-04
   6939.6538061162173        1.28314698       1.81735202E-04
   6942.1110132543799        1.36370683       1.91956773E-04
   6944.5682203925408        1.32805061       1.89133294E-04
   6947.0254275307034        1.41189730       1.98506808E-04
   6949.4826346688651        1.43305612       2.02740921E-04
   6951.9398418070268        1.37681210       1.94753753E-04
   6954.3970489451885        1.35952199       1.92547188E-04
   6956.8542560833503        1.34988976       1.91310362E-04
   6959.3114632215129        1.42373812       2.00686060E-04
   6961.7686703596746        1.41743457       2.00927796E-04
   6964.2258774978363        1.44281435       2.03721924E-04
   6966.6830846359981        1.45395684       2.05860269E-04
   6969.1402917741598        1.47192478       2.08105703E-04
   6971.5974989123215        1.50093734       2.12107436E-04
   6974.0547060504832        1.50422764       2.12719649E-04
   6976.5119131886458        1.49920988       2.12341663E-04
   6978.9691203268076        1.53033066       2.16092638E-04
   6981.4263274649693        1.54546463       2.18512869E-04
   6983.8835346031310        1.52396238       2.15904860E-04
   6986.3407417412927        1.55894077       2.19956128E-04
   6988.7979488794554        1.54666078       2.19100286E-04
   6991.2551560176171        1.54724741       2.18833564E-04
   6993.7123631557788        1.57981789       2.22953066E-04
   6996.1695702939405        1.54880190       2.19597059E-04
   6998.6267774321022        1.55843687       2.20363770E-04
   7001.0839845702640        1.60329080       2.27052209E-04
   7003.5411917084257        1.66073954       2.34620398E-04
   7005.9983988465883        1.72601426       2.43820759E-04
   7008.4556059847500        1.71698558       2.43537375E-04
   7010.9128131229118        1.80075347       2.53740902E-04
   7013.3700202610735        1.80008090       2.55483377E-04
   7015.8272273992352        1.85096037       2.60781555E-04
   7018.2844345373978        1.86209702       2.63948052E-04
   7020.7416416755586        1.84382474       2.61596346E-04
   7023.1988488137213        2.00095510       2.82300083E-04
   7025.6560559518830        2.06299829       2.92434182E-04
   7028.1132630900447        2.19644332       3.09960917E-04
   7030.5704702282064        2.25928569       3.20147927E-04
   7033.0276773663682        2.37211037       3.34982265E-04
   7035.4848845045308        2.45010352       3.46389395E-04
   7037.9420916426916        2.49327183       3.52836127E-04
   7040.3992987808542        2.54779077       3.60324339E-04
   7042.8565059190159        2.63216352       3.71354574E-04
   7045.3137130571777        2.59465671       3.66083405E-04
   7047.7709201953394        2.43013287       3.42949992E-04
   7050.2281273335011        2.09256697       2.96436890E-04
   7052.6853344716637        1.74404430       2.47255317E-04
   7055.1425416098255        1.41814840       2.01369985E-04
   7057.5997487479872        1.18067896       1.67678474E-04
   7060.0569558861489        1.01311135       1.44208578E-04
   7062.5141630243106       0.993124306       1.40615812E-04
   7064.9713701624732        1.02037048       1.44088553E-04
   7067.4285773006350        1.04188585       1.47438055E-04
   7069.8857844387967        1.03955066       1.47405401E-04
   7072.3429915769584        1.11099374       1.56853013E-04
   7074.8001987151201        1.14236224       1.61534612E-04
   7077.2574058532819        1.17933393       1.66862068E-04
   7079.7146129914436        1.19782066       1.69050400E-04
   7082.1718201296062        1.21638167       1.71233696E-04
   7084.6290272677679        1.07589567       1.52820940E-04
   7087.0862344059296        1.00139129       1.41583005E-04
   7089.5434415440914       0.924457908       1.31569555E-04
   7092.0006486822531       0.960076749       1.34675603E-04
   7094.4578558204148       0.895244360       1.27390027E-04
   7096.9150629585765       0.854573488       1.21351768E-04
   7099.3722700967392       0.923765182       1.30346889E-04
   7101.8294772349009       0.967115402       1.36605653E-04
   7104.2866843730626       0.975971460       1.38100615E-04
   7106.7438915112243       0.986344576       1.39546290E-04
   7109.2010986493860        1.00852954       1.43026773E-04
   7111.6583057875478        1.07204366       1.50959895E-04
   7114.1155129257095        1.09069669       1.54788489E-04
   7116.5727200638721        1.10996628       1.56734677E-04
   7119.0299272020338        1.17129147       1.64580255E-04
   7121.4871343401956        1.03845310       1.47933461E-04
   7123.9443414783573        1.00602853       1.41550569E-04
   7126.4015486165190       0.932677925       1.32263653E-04
   7128.8587557546816       0.852816463       1.21023368E-04
   7131.3159628928424       0.841372848       1.19180528E-04
   7133.7731700310051       0.873679996       1.23432765E-04
   7136.2303771691668       0.891014338       1.26025174E-04
   7138.6875843073285       0.911045372       1.28605432E-04
   7141.1447914454911       0.897316039       1.27381878E-04
   7143.6019985836519       0.929938793       1.31207998E-04
   7146.0592057218146       0.955968618       1.35091774E-04
   7148.5164128599763       0.940746009       1.33783033E-04
   7150.9736199981380        1.01208353       1.42182500E-04
   7153.4308271362997        1.01645803       1.44107384E-04
   7155.8880342744615       0.984954596       1.39665382E-04
   7158.3452414126241        1.05036581       1.47441533E-04
   7160.8024485507858       0.972108006       1.38297124E-04
   7163.2596556889475       0.940547943       1.32931789E-04
   7165.7168628271093       0.948959887       1.34348535E-04
   7168.1740699652710       0.955626488       1.35527574E-04
   7170.6312771034327        1.01830840       1.43905811E-04
   7173.0884842415944        1.08109355       1.52725115E-04
   7175.5456913797570        1.11300111       1.57650458E-04
   7178.0028985179188        1.16507077       1.64193480E-04
   7180.4601056560805        1.17043328       1.65799473E-04
   7182.9173127942422        1.15913105       1.64539073E-04
   7185.3745199324039        1.25191939       1.76541944E-04
   7187.8317270705656        1.29500663       1.82936157E-04
   7190.2889342087274        1.29607308       1.83434357E-04
   7192.7461413468900        1.29505634       1.82772405E-04
   7195.2033484850517        1.27835155       1.80723699E-04
   7197.6605556232134        1.20404518       1.70787564E-04
   7200.1177627613752        1.21532130       1.71622683E-04
   7202.5749698995369        1.19692278       1.69864419E-04
   7205.0321770376986        1.25002587       1.76539383E-04
   7207.4893841758603        1.28983390       1.82536969E-04
   7209.9465913140230        1.33927953       1.88767255E-04
   7212.4037984521847        1.31391835       1.86485573E-04
   7214.8610055903464        1.33243942       1.88525737E-04
   7217.3182127285090        1.40378511       1.98112597E-04
   7219.7754198666698        1.41820884       2.00499082E-04
   7222.2326270048325        1.40721190       1.99650574E-04
   7224.6898341429942        1.46317399       2.06333483E-04
   7227.1470412811559        1.49709141       2.11769904E-04
   7229.6042484193176        1.47456503       2.09025136E-04
   7232.0614555574793        1.54445124       2.17900451E-04
   7234.5186626956420        1.54868281       2.19663110E-04
   7236.9758698338028        1.61615920       2.28446617E-04
   7239.4330769719654        1.68931496       2.39440560E-04
   7241.8902841101271        1.81427872       2.55907013E-04
   7244.3474912482889        1.88438988       2.66258110E-04
   7246.8046983864506        1.88350880       2.67202297E-04
   7249.2619055246123        1.96815503       2.78682564E-04
   7251.7191126627749        2.13302875       3.00503161E-04
   7254.1763198009367        2.16570568       3.06465692E-04
   7256.6335269390984        2.15325451       3.05236317E-04
   7259.0907340772601        2.24986863       3.17346188E-04
   7261.5479412154218        2.27894974       3.22829903E-04
   7264.0051483535835        2.31086612       3.26560548E-04
   7266.4623554917453        2.37218213       3.34909972E-04
   7268.9195626299079        2.31991482       3.28319351E-04
   7271.3767697680696        2.29602361       3.24716617E-04
   7273.8339769062313        2.26122856       3.20874853E-04
   7276.2911840443930        2.36717248       3.34247365E-04
   7278.7483911825548        2.45304894       3.47110181E-04
   7281.2055983207165        2.52655911       3.56976554E-04
   7283.6628054588782        2.57935858       3.64585459E-04
   7286.1200125970408        2.58395481       3.66084132E-04
   7288.5772197352026        2.65567470       3.76378244E-04
   7291.0344268733643        2.84581089       4.02123609E-04
   7293.4916340115260        3.02292919       4.27259540E-04
   7295.9488411496877        3.13387012       4.43298195E-04
   7298.4060482878504        3.25156569       4.59888688E-04
   7300.8632554260121        3.36689639       4.76139016E-04
   7303.3204625641738        3.48728776       4.92899911E-04
   7305.7776697023355        3.56094837       5.04285330E-04
   7308.2348768404972        3.70103931       5.22950082E-04
   7310.6920839786590        3.82320428       5.41074143E-04
   7313.1492911168207        3.94315481       5.57728927E-04
   7315.6064982549833        4.11067533       5.80894528E-04
   7318.0637053931450        4.20096350       5.94138575E-04
   7320.5209125313067        4.29149437       6.05962006E-04
   7322.9781196694685        4.26270103       6.03396678E-04
   7325.4353268076302        4.25326157       6.01634267E-04
   7327.8925339457928        4.29659033       6.08364062E-04
   7330.3497410839536        4.41203451       6.24460052E-04
   7332.8069482221163        4.62697697       6.53403229E-04
   7335.2641553602780        4.74013042       6.69765403E-04
   7337.7213624984397        4.73470688       6.69581874E-04
   7340.1785696366014        4.70435286       6.65875152E-04
   7342.6357767747631        4.74305582       6.69940317E-04
   7345.0929839129258        4.72584486       6.68125344E-04
   7347.5501910510866        4.61669636       6.54004514E-04
   7350.0073981892492        4.64579964       6.57211989E-04
   7352.4646053274109        4.74393463       6.70264475E-04
   7354.9218124655727        4.77969503       6.76104857E-04
   7357.3790196037344        4.78246069       6.77585485E-04
   7359.8362267418961        4.95330524       7.00138509E-04
   7362.2934338800587        5.12586308       7.25319900E-04
   7364.7506410182204        5.31153679       7.49718864E-04
   7367.2078481563822        5.36913061       7.59284303E-04
   7369.6650552945439        5.31324673       7.51907704E-04
   7372.1222624327056        5.36472654       7.57491332E-04
   7374.5794695708682        5.26842976       7.46292470E-04
   7377.0366767090300        5.26244116       7.44109740E-04
   7379.4938838471917        5.31638288       7.51865562E-04
   7381.9510909853534        5.34697008       7.55749876E-04
   7384.4082981235151        5.34270287       7.56207097E-04
   7386.8655052616768        5.37206221       7.58845767E-04
   7389.3227123998386        5.36830664       7.59097864E-04
   7391.7799195380012        5.25354862       7.44375109E-04
   7394.2371266761629        5.35213184       7.54420995E-04
   7396.6943338143246        5.20711184       7.38045142E-04
   7399.1515409524864        5.10256243       7.21854740E-04
   7401.6087480906481        5.16436720       7.30119005E-04
   7404.0659552288098        5.15079594       7.28757645E-04
   7406.5231623669715        5.20641851       7.35953567E-04
   7408.9803695051341        5.19979620       7.35757698E-04
   7411.4375766432959        5.25763750       7.41941214E-04
   7413.8947837814576        5.12173843       7.26614380E-04
   7416.3519909196193        5.16695261       7.29460909E-04
   7418.8091980577810        5.23041964       7.38279894E-04
   7421.2664051959437        4.98658800       7.08752254E-04
   7423.7236123341045        5.11434317       7.21688732E-04
   7426.1808194722671        5.26339769       7.43297918E-04
   7428.6380266104288        5.12595749       7.26124388E-04
   7431.0952337485905        5.14184046       7.26065889E-04
   7433.5524408867523        5.06218863       7.17075134E-04
   7436.0096480249140        5.06355286       7.14883732E-04
   7438.4668551630766        5.00926352       7.08549924E-04
   7440.9240623012374        4.86232042       6.88747969E-04
   7443.3812694394001        4.89488745       6.91295194E-04
   7445.8384765775618        4.84927845       6.86717103E-04
   7448.2956837157235        4.85755777       6.87045511E-04
   7450.7528908538861        4.93970442       6.98315853E-04
   7453.2100979920478        4.97182274       7.03684986E-04
   7455.6673051302096        5.06377745       7.15347880E-04
   7458.1245122683713        5.09899092       7.21137098E-04
   7460.5817194065330        5.07797861       7.18629570E-04
   7463.0389265446947        5.14020348       7.26467813E-04
   7465.4961336828565        5.15709019       7.29754101E-04
   7467.9533408210191        5.20313406       7.35014619E-04
   7470.4105479591808        5.18608284       7.33612338E-04
   7472.8677550973425        5.12757683       7.26014317E-04
   7475.3249622355042        5.20223570       7.35364389E-04
   7477.7821693736660        5.26514578       7.45179655E-04
   7480.2393765118277        5.37036419       7.59083370E-04
   7482.6965836499894        5.46828365       7.73171720E-04
   7485.1537907881520        5.50677156       7.78590271E-04
   7487.6109979263138        5.53748560       7.83072202E-04
   7490.0682050644755        5.53252697       7.83056079E-04
   7492.5254122026372        5.61768627       7.93793064E-04
   7494.9826193407989        5.64723539       7.98764522E-04
   7497.4398264789606        5.65391064       8.00225593E-04
   7499.8970336171224        5.74199390       8.12058919E-04
   7502.3542407552850        5.86975098       8.29069875E-04
   7504.8114478934467        5.86430168       8.30111559E-04
   7507.2686550316084        5.89263010       8.33232363E-04
   7509.7258621697702        5.97032595       8.43412417E-04
   7512.1830693079319        5.91086531       8.36424239E-04
   7514.6402764460936        5.87591648       8.30266159E-04
   7517.0974835842553        5.79075527       8.20465677E-04
   7519.5546907224179        5.81870079       8.22154921E-04
   7522.0118978605797        5.89261436       8.32575490E-04
   7524.4691049987414        5.76236677       8.17211869E-04
   7526.9263121369040        5.91388321       8.34941166E-04
   7529.3835192750648        5.99560690       8.48739350E-04
   7531.8407264132275        6.07884741       8.60427041E-04
   7534.2979335513892        6.30900383       8.91597301E-04
   7536.7551406895509        6.48362923       9.15730721E-04
   7539.2123478277126        6.48471212       9.17642552E-04
   7541.6695549658743        6.48510075       9.17469792E-04
   7544.1267621040370        6.57883358       9.29737580E-04
   7546.5839692421978        6.58935213       9.32192663E-04
   7549.0411763803604        6.61513376       9.34896292E-04
   7551.4983835185221        6.58682299       9.31613613E-04
   7553.9555906566839        6.52984381       9.24251624E-04
   7556.4127977948456        6.57601643       9.29661095E-04
   7558.8700049330073        6.62929964       9.37085482E-04
   7561.3272120711699        6.59827375       9.32864437E-04
   7563.7844192093316        6.53106260       9.24034626E-04
   7566.2416263474934        6.47958136       9.16724966E-04
   7568.6988334856551        6.51550007       9.21346247E-04
   7571.1560406238168        6.53165150       9.24784807E-04
   7573.6132477619785        6.67969418       9.43985302E-04
   7576.0704549001402        6.79636192       9.60461446E-04
   7578.5276620383029        6.79473066       9.58802644E-04
   7580.9848691764637        6.52808714       9.22217383E-04
   7583.4420763146263        6.00091124       8.47806223E-04
   7585.8992834527880        5.30402088       7.50617532E-04
   7588.3564905909498        4.48586702       6.35743316E-04
   7590.8136977291124        3.77542520       5.35107334E-04
   7593.2709048672732        3.10849571       4.42755379E-04
   7595.7281120054358        2.82101035       3.99281300E-04
   7598.1853191435976        2.70951223       3.84919025E-04
   7600.6425262817593        2.77493286       3.93571914E-04
   7603.0997334199219        3.06319332       4.33974521E-04
   7605.5569405580827        3.41408229       4.85274417E-04
   7608.0141476962453        4.01284456       5.67880343E-04
   7610.4713548344071        4.65725183       6.56512624E-04
   7612.9285619725688        5.01463366       7.05196930E-04
   7615.3857691107305        4.79384422       6.78004522E-04
   7617.8429762488922        4.34800243       6.15170400E-04
   7620.3001833870549        3.95746922       5.60529064E-04
   7622.7573905252157        3.60301900       5.08986705E-04
   7625.2145976633783        3.25524259       4.60995594E-04
   7627.6718048015400        2.81599808       4.01206489E-04
   7630.1290119397017        2.80958986       3.95302370E-04
   7632.5862190778635        2.67080617       3.79090605E-04
   7635.0434262160252        2.56638384       3.64506850E-04
   7637.5006333541878        2.72967863       3.83610633E-04
   7639.9578404923486        2.69600129       3.81621649E-04
   7642.4150476305113        2.50402594       3.55157565E-04
   7644.8722547686730        2.53857803       3.57623823E-04
   7647.3294619068347        2.38408113       3.38273472E-04
   7649.7866690449964        2.33317018       3.28356895E-04
   7652.2438761831581        2.12628150       3.01129417E-04
   7654.7010833213208        1.86047125       2.64024799E-04
   7657.1582904594816        1.70519102       2.40753536E-04
   7659.6154975976442        1.55978060       2.20702743E-04
   7662.0727047358059        1.33509207       1.90908861E-04
   7664.5299118739676        1.38451350       1.95004133E-04
   7666.9871190121294        1.43090224       2.03488264E-04
   7669.4443261502911        1.53761494       2.17543478E-04
   7671.9015332884537        1.72411346       2.43581628E-04
   7674.3587404266145        1.83351552       2.59432447E-04
   7676.8159475647772        1.96649635       2.77885905E-04
   7679.2731547029389        2.04848480       2.89369811E-04
   7681.7303618411006        2.10923100       2.97230319E-04
   7684.1875689792632        1.99707901       2.83721107E-04
   7686.6447761174240        2.00086331       2.81687768E-04
   7689.1019832555867        1.93315363       2.73273792E-04
   7691.5591903937484        1.74522781       2.47407821E-04
   7694.0163975319101        1.64282787       2.32267310E-04
   7696.4736046700727        1.54030621       2.18886693E-04
   7698.9308118082336        1.55333149       2.20526577E-04
   7701.3880189463962        1.70976365       2.41288944E-04
   7703.8452260845579        1.83362484       2.59720080E-04
   7706.3024332227196        1.94813859       2.76137696E-04
   7708.7596403608813        2.16447806       3.05173890E-04
   7711.2168474990431        2.26813364       3.21580417E-04
   7713.6740546372057        2.41323781       3.41333391E-04
   7716.1312617753665        2.60316277       3.67758097E-04
   7718.5884689135291        2.72480273       3.86086642E-04
   7721.0456760516909        2.90330577       4.09908913E-04
   7723.5028831898526        3.04763627       4.30555025E-04
   7725.9600903280143        3.07208967       4.35369642E-04
   7728.4172974661760        3.20108581       4.53007349E-04
   7730.8745046043387        3.38823366       4.78175352E-04
   7733.3317117424995        3.48360729       4.92365740E-04
   7735.7889188806621        3.46082973       4.89929342E-04
   7738.2461260188238        3.52441883       4.96823690E-04
   7740.7033331569855        3.40128899       4.81294119E-04
   7743.1605402951473        3.22983527       4.57339891E-04
   7745.6177474333090        3.14043117       4.44037083E-04
   7748.0749545714716        3.07660389       4.35217371E-04
   7750.5321617096324        2.99816942       4.24332800E-04
   7752.9893688477950        2.98791337       4.22537938E-04
   7755.4465759859568        2.96485567       4.20377241E-04
   7757.9037831241185        3.08102226       4.34934977E-04
   7760.3609902622811        3.14980721       4.45778947E-04
   7762.8181974004419        3.20196629       4.53248387E-04
   7765.2754045386046        3.33182764       4.70602186E-04
   7767.7326116767663        3.40213823       4.82107891E-04
   7770.1898188149280        3.53783464       4.99757531E-04
   7772.6470259530906        3.68341589       5.19382709E-04
   7775.1042330912514        3.58190942       5.06826269E-04
   7777.5614402294141        3.45834136       4.90097096E-04
   7780.0186473675749        3.45048165       4.88672114E-04
   7782.4758545057375        3.59340692       5.07057237E-04
   7784.9330616438992        3.61051416       5.10882994E-04
   7787.3902687820610        3.61174965       5.10039448E-04
   7789.8474759202236        3.55021262       5.02583047E-04
   7792.3046830583844        3.49509645       4.94739914E-04
   7794.7618901965470        3.53493142       5.01627743E-04
   7797.2190973347087        3.75964594       5.29467652E-04
   7799.6763044728705        3.85622787       5.45968651E-04
   7802.1335116110322        3.80112982       5.40941430E-04
   7804.5907187491939        4.24962282       5.97974926E-04
   7807.0479258873565        4.41839790       6.25842833E-04
   7809.5051330255174        4.54966068       6.43372885E-04
   7811.9623401636800        4.73793888       6.68386463E-04
   7814.4195473018417        4.73258162       6.69394445E-04
   7816.8767544400034        4.61772919       6.54251722E-04
   7819.3339615781651        4.70774364       6.62519829E-04
   7821.7911687163269        4.44832563       6.30786293E-04
   7824.2483758544895        4.17872524       5.92035358E-04
   7826.7055829926503        4.17987490       5.90787735E-04
   7829.1627901308129        4.13750124       5.85252186E-04
   7831.6199972689747        4.12521935       5.83721558E-04
   7834.0772044071364        4.12015438       5.84057532E-04
   7836.5344115452981        4.31724930       6.09858136E-04
   7838.9916186834598        4.46855974       6.31366158E-04
   7841.4488258216224        4.52793646       6.40019192E-04
   7843.9060329597842        4.49773073       6.38115569E-04
   7846.3632400979459        4.70210552       6.62864302E-04
   7848.8204472361076        4.77248907       6.75321324E-04
   7851.2776543742693        4.72417402       6.68299326E-04
   7853.7348615124320        4.79335070       6.77543692E-04
   7856.1920686505928        4.76370668       6.74165436E-04
   7858.6492757887554        4.83331585       6.81963633E-04
   7861.1064829269171        4.69462347       6.64880034E-04
   7863.5636900650788        4.61885786       6.52882969E-04
   7866.0208972032406        4.53864288       6.43883424E-04
   7868.4781043414023        4.67357445       6.59432379E-04
   7870.9353114795649        4.75269175       6.73022878E-04
   7873.3925186177257        4.79649687       6.78683922E-04
   7875.8497257558884        4.99558544       7.06056715E-04
   7878.3069328940501        5.07854319       7.19570846E-04
   7880.7641400322118        5.34831524       7.54821056E-04
   7883.2213471703744        5.45677900       7.71556050E-04
   7885.6785543085352        5.49227858       7.77003821E-04
   7888.1357614466979        5.53165388       7.80897914E-04
   7890.5929685848587        5.47511196       7.75185588E-04
   7893.0501757230213        5.36405897       7.58817594E-04
   7895.5073828611830        5.44217825       7.68070167E-04
   7897.9645899993448        5.21670198       7.40158430E-04
   7900.4217971375074        5.29235172       7.45175290E-04
   7902.8790042756682        5.05010271       7.16963026E-04
   7905.3362114138308        4.95757198       6.99675875E-04
   7907.7934185519925        4.89335775       6.92609523E-04
   7910.2506256901543        4.74032259       6.70615293E-04
   7912.7078328283160        4.72706079       6.67997636E-04
   7915.1650399664777        4.58361435       6.51149196E-04
   7917.6222471046403        4.79684114       6.76299154E-04
   7920.0794542428021        4.90074253       6.93495036E-04
   7922.5366613809638        4.90861130       6.94759947E-04
   7924.9938685191255        5.04658365       7.14538503E-04
   7927.4510756572872        5.26261520       7.44365621E-04
   7929.9082827954498        5.55324078       7.82854273E-04
   7932.3654899336107        5.52693605       7.81641866E-04
   7934.8226970717733        5.38089705       7.61547417E-04
   7937.2799042099350        5.32030249       7.51236861E-04
   7939.7371113480967        5.16210365       7.29919411E-04
   7942.1943184862585        4.89130974       6.93079026E-04
   7944.6515256244202        4.79794693       6.80502912E-04
   7947.1087327625828        4.96272421       7.01617391E-04
   7949.5659399007436        5.22724581       7.38181407E-04
   7952.0231470389062        5.27771330       7.48372462E-04
   7954.4803541770680        5.54812145       7.82729418E-04
   7956.9375613152297        5.67689466       8.03435745E-04
   7959.3947684533914        5.75576353       8.13598803E-04
   7961.8519755915531        5.85644293       8.28719290E-04
   7964.3091827297158        5.94992065       8.41587549E-04
   7966.7663898678766        6.12406969       8.65202281E-04
   7969.2235970060392        6.15931940       8.70679331E-04
   7971.6808041442009        6.14590502       8.68496601E-04
   7974.1380112823626        6.00199556       8.49621196E-04
   7976.5952184205253        5.95606709       8.40543828E-04
   7979.0524255586861        5.72928047       8.11210077E-04
   7981.5096326968487        5.50417948       7.80059258E-04
   7983.9668398350095        5.54024506       7.82637508E-04
   7986.4240469731722        5.55363369       7.86650751E-04
   7988.8812541113339        5.62445354       7.95439468E-04
   7991.3384612494956        5.81715298       8.21717957E-04
   7993.7956683876582        5.82205486       8.26098374E-04
   7996.2528755258199        6.13132429       8.64511181E-04
   7998.7100826639817        6.27134705       8.88107694E-04
   8001.1672898021434        6.35493517       8.99270002E-04
   8003.6244969403051        6.64003706       9.37538163E-04
   8006.0817040784677        6.69450760       9.48336034E-04
   8008.5389112166285        6.89199543       9.74857539E-04
   8010.9961183547912        7.16576004       1.01273588E-03
   8013.4533254929529        7.37297440       1.04270747E-03
   8015.9105326311146        7.50965071       1.06226048E-03
   8018.3677397692763        7.71683168       1.09080633E-03
   8020.8249469074381        7.81951761       1.10824115E-03
   8023.2821540456007        8.19341660       1.15626352E-03
   8025.7393611837615        8.39257145       1.18782686E-03
   8028.1965683219241        8.52049446       1.20417553E-03
   8030.6537754600859        8.68035603       1.22967048E-03
   8033.1109825982476        8.92348480       1.26296107E-03
