   5529.2169088113069        7.79660270E-02   1.00235839E-05
   5531.6741159494686        3.82069275E-02   6.14081227E-06
   5534.1313230876303        2.01670304E-02   3.56610667E-06
   5536.5885302257930        4.49791215E-02   5.91304661E-06
   5539.0457373639547        1.03713851E-02   2.14455622E-06
   5541.5029445021164        9.20294039E-03   2.55166901E-06
   5543.9601516402781        4.32000309E-02   5.60297713E-06
   5546.4173587784398        2.80426070E-02   4.23871325E-06
   5548.8745659166016        3.38791981E-02   4.75001616E-06
   5551.3317730547642        4.05401997E-02   5.96758946E-06
   5553.7889801929259        6.07055388E-02   8.23244591E-06
   5556.2461873310876        5.88892214E-02   8.47051160E-06
   5558.7033944692494        6.11950941E-02   8.52679659E-06
   5561.1606016074111        5.71482331E-02   8.13187671E-06
   5563.6178087455728        1.65599827E-02   3.08715062E-06
   5566.0750158837354        3.09863649E-02   4.45124033E-06
   5568.5322230218972        5.07794395E-02   7.02365742E-06
   5570.9894301600589       0.100320950       7.37769324E-06
   5573.4466372982206        5.81243224E-02   8.49836033E-06
   5575.9038444363823        8.39801729E-02   1.24412627E-05
   5578.3610515745440       0.143845424       1.97699410E-05
   5580.8182587127058       0.160116464       2.22683411E-05
   5583.2754658508684       0.145051643       2.05507549E-05
   5585.7326729890301       0.110907957       1.64879493E-05
   5588.1898801271918       0.139634296       1.93301439E-05
   5590.6470872653535       0.142821848       2.01822040E-05
   5593.1042944035153       0.136079267       1.91236577E-05
   5595.5615015416770       0.115485243       1.65580641E-05
   5598.0187086798396        9.92248356E-02   1.44204387E-05
   5600.4759158180013       0.113666780       1.56466813E-05
   5602.9331229561631        9.43925232E-02   1.38231771E-05
   5605.3903300943248       0.102663144       1.49536882E-05
   5607.8475372324865       0.147286847       2.00349859E-05
   5610.3047443706482       0.116684794       1.70207331E-05
   5612.7619515088109       0.121936463       1.71924330E-05
   5615.2191586469726       0.128261805       1.78695536E-05
   5617.6763657851343       0.100815751       1.47224264E-05
   5620.1335729232960       0.106229313       1.54497829E-05
   5622.5907800614577       0.146645635       2.00009745E-05
   5625.0479871996195       0.123106591       1.75862751E-05
   5627.5051943377821        9.50612649E-02   1.40190687E-05
   5629.9624014759438       0.112377539       1.57565482E-05
   5632.4196086141055       0.126183555       1.75195528E-05
   5634.8768157522672        9.65645164E-02   1.41564396E-05
   5637.3340228904290       0.107940100       1.52904431E-05
   5639.7912300285907       0.125064909       1.74000179E-05
   5642.2484371667524       0.120096713       1.69915184E-05
   5644.7056443049150       0.107134759       1.55664056E-05
   5647.1628514430768       0.130884975       1.83350312E-05
   5649.6200585812385       0.148128793       2.09325972E-05
   5652.0772657194002       0.162952796       2.25983767E-05
   5654.5344728575619       0.143950477       2.07073899E-05
   5656.9916799957236       0.139481112       1.98313137E-05
   5659.4488871338863       0.152972788       2.13479070E-05
   5661.9060942720480       0.127560928       1.84678593E-05
   5664.3633014102097       0.137466058       1.92242132E-05
   5666.8205085483714       0.130462915       1.85825502E-05
   5669.2777156865332       0.131172284       1.87836213E-05
   5671.7349228246949       0.154939666       2.17101297E-05
   5674.1921299628575       0.165913507       2.31040012E-05
   5676.6493371010192       0.140447021       2.07235225E-05
   5679.1065442391809       0.177425057       2.43917530E-05
   5681.5637513773427       0.178536326       2.55061896E-05
   5684.0209585155044       0.179565161       2.53166181E-05
   5686.4781656536661       0.190163165       2.65558210E-05
   5688.9353727918278       0.173837826       1.72436921E-05
   5691.3925799299905       0.166220054       2.27732271E-05
   5693.8497870681522       0.185530618       2.61802707E-05
   5696.3069942063139       0.186328545       2.61834048E-05
   5698.7642013444756       0.183320567       2.58606597E-05
   5701.2214084826373       0.159822792       2.31518279E-05
   5703.6786156207991       0.181824699       2.56026160E-05
   5706.1358227589617       0.206206381       2.89226882E-05
   5708.5930298971234       0.204040557       2.85249480E-05
   5711.0502370352851       0.173779353       2.50851572E-05
   5713.5074441734469       0.161967635       2.31347622E-05
   5715.9646513116086       0.181818366       2.53610669E-05
   5718.4218584497703       0.157908022       2.31783724E-05
   5720.8790655879329       0.200249746       2.73041114E-05
   5723.3362727260946       0.160827637       2.34882973E-05
   5725.7934798642564       0.161284283       2.31424074E-05
   5728.2506870024181       0.202616796       2.80523054E-05
   5730.7078941405798       0.190939888       2.73332080E-05
   5733.1651012787415       0.203504756       2.83353511E-05
   5735.6223084169033       0.188790217       2.70870714E-05
   5738.0795155550659       0.187143862       2.65654780E-05
   5740.5367226932276       0.210603371       2.93980829E-05
   5742.9939298313893       0.180135861       2.58918044E-05
   5745.4511369695510       0.192777336       2.73739333E-05
   5747.9083441077128       0.211261243       2.96042272E-05
   5750.3655512458745       0.218043521       3.04914538E-05
   5752.8227583840371       0.224387512       2.37885251E-05
   5755.2799655221988       0.191801712       2.65388098E-05
   5757.7371726603606       0.185772941       2.65045201E-05
   5760.1943797985223       0.185808882       2.60083016E-05
   5762.6515869366840       0.172349840       2.49038003E-05
   5765.1087940748457       0.189318985       2.63409947E-05
   5767.5660012130083       0.187305778       2.65124290E-05
   5770.0232083511701       0.159935981       2.33009596E-05
   5772.4804154893318       0.197105035       2.74187005E-05
   5774.9376226274935       0.201327935       2.87049097E-05
   5777.3948297656552       0.223782510       3.09432689E-05
   5779.8520369038170       0.187665775       2.74896320E-05
   5782.3092440419787       0.216062099       3.02275694E-05
   5784.7664511801413       0.240133792       3.36103367E-05
   5787.2236583183030       0.215540558       3.10447685E-05
   5789.6808654564647       0.245972425       3.44222972E-05
   5792.1380725946265       0.251477122       3.55504599E-05
   5794.5952797327882       0.254251868       3.57511344E-05
   5797.0524868709508       0.237757012       3.39407379E-05
   5799.5096940091125       0.243366137       3.43782340E-05
   5801.9669011472743       0.249714792       3.51385461E-05
   5804.4241082854360       0.239777461       3.40430815E-05
   5806.8813154235977       0.233641729       3.30511175E-05
   5809.3385225617594       0.230587333       3.24081375E-05
   5811.7957296999211       0.189115331       2.72211801E-05
   5814.2529368380838       0.178797469       2.55212981E-05
   5816.7101439762455       0.190792263       2.72029392E-05
   5819.1673511144072       0.224971876       3.11609729E-05
   5821.6245582525689       0.207845137       2.95336067E-05
   5824.0817653907307       0.187926605       2.69726934E-05
   5826.5389725288924       0.206025839       2.91081051E-05
   5828.9961796670550       0.227786541       3.19193205E-05
   5831.4533868052167       0.227932215       3.20943909E-05
   5833.9105939433784       0.213700935       3.04498808E-05
   5836.3678010815402       0.214934036       3.02779281E-05
   5838.8250082197019       0.207510844       2.92884997E-05
   5841.2822153578636       0.180948913       2.57894299E-05
   5843.7394224960262       0.164877266       2.36007436E-05
   5846.1966296341880       0.171951264       2.46143481E-05
   5848.6538367723497       0.205141664       2.82528308E-05
   5851.1110439105114       0.176776797       2.52013906E-05
   5853.5682510486731       0.129230782       1.92116622E-05
   5856.0254581868348       0.161440030       2.29043617E-05
   5858.4826653249966       0.202885628       2.77942872E-05
   5860.9398724631592       0.168023497       2.40922491E-05
   5863.3970796013209       0.125718951       1.88595259E-05
   5865.8542867394826       0.170442417       2.33852643E-05
   5868.3114938776444       0.166619956       2.34924792E-05
   5870.7687010158061       0.137710333       1.99969454E-05
   5873.2259081539678       0.153759450       2.15825221E-05
   5875.6831152921304       0.165224299       2.32897473E-05
   5878.1403224302921       0.165252879       2.31718313E-05
   5880.5975295684539       0.153491125       2.19994017E-05
   5883.0547367066156       0.151288927       2.09795726E-05
   5885.5119438447773       0.114989445       1.69174782E-05
   5887.9691509829390       0.107352957       8.73713634E-06
   5890.4263581211017       0.124019764       1.60259933E-05
   5892.8835652592634       0.102409050       1.49873658E-05
   5895.3407723974251       0.104003564       8.87351689E-06
   5897.7979795355868        9.67128128E-02   1.34815300E-05
   5900.2551866737485       0.122671135       1.73475873E-05
   5902.7123938119103       0.150211111       2.05442630E-05
   5905.1696009500720       0.114025943       1.67566013E-05
   5907.6268080882346       0.114935614       1.64234680E-05
   5910.0840152263963       0.143633604       2.01960938E-05
   5912.5412223645581       0.156993330       2.18816131E-05
   5914.9984295027198       0.155190751       2.19463200E-05
   5917.4556366408815       0.135991573       1.97002701E-05
   5919.9128437790432       0.160559610       2.23167826E-05
   5922.3700509172058       0.152759537       2.17190500E-05
   5924.8272580553676       0.151325256       2.13320418E-05
   5927.2844651935293       0.144109428       2.07787652E-05
   5929.7416723316910       0.165715352       2.28422323E-05
   5932.1988794698527       0.141924933       2.06253735E-05
   5934.6560866080144       0.150360137       2.13803633E-05
   5937.1132937461771       0.180314839       2.49722634E-05
   5939.5705008843388       0.157997414       2.29204143E-05
   5942.0277080225005       0.179792702       2.49437508E-05
   5944.4849151606622       0.172800973       2.45621759E-05
   5946.9421222988240       0.157836393       2.28057161E-05
   5949.3993294369857       0.191805899       2.67628366E-05
   5951.8565365751474       0.196174353       2.74104495E-05
   5954.3137437133100       0.169101432       2.43609102E-05
   5956.7709508514718       0.164022341       2.34214021E-05
   5959.2281579896335       0.187516972       2.60682718E-05
   5961.6853651277952       0.161108598       2.31813410E-05
   5964.1425722659569       0.166922063       2.34908348E-05
   5966.5997794041186       0.163062766       2.32494349E-05
   5969.0569865422813       0.175931752       2.46044856E-05
   5971.5141936804430       0.164519995       2.35720072E-05
   5973.9714008186047       0.176576674       2.46826185E-05
   5976.4286079567664       0.168143556       2.39007804E-05
   5978.8858150949281       0.162415788       2.29801935E-05
   5981.3430222330899       0.157135487       2.21935188E-05
   5983.8002293712525       0.144432783       2.05662873E-05
   5986.2574365094142       0.179602504       2.04169191E-05
   5988.7146436475759       0.182006076       2.53437338E-05
   5991.1718507857377       0.200746894       2.79009655E-05
   5993.6290579238994       0.167520121       2.42201550E-05
   5996.0862650620611       0.169273153       2.40440404E-05
   5998.5434722002228       0.188293517       2.62812700E-05
   6001.0006793383855       0.171486869       2.45203955E-05
   6003.4578864765472       0.178805768       2.55682753E-05
   6005.9150936147089       0.207971483       2.86371142E-05
   6008.3723007528706       0.178927377       2.57803149E-05
   6010.8295078910323       0.155251145       2.27152086E-05
   6013.2867150291941       0.204050228       2.81540324E-05
   6015.7439221673567       0.187957898       2.69636275E-05
   6018.2011293055184       0.205756322       2.86959475E-05
   6020.6583364436801       0.184528306       2.63781112E-05
   6023.1155435818418       0.183472827       2.59829649E-05
   6025.5727507200036       0.183248177       2.63266775E-05
   6028.0299578581653       0.221546218       3.07732735E-05
   6030.4871649963279       0.216675267       3.07271948E-05
   6032.9443721344896       0.218800306       3.09587667E-05
   6035.4015792726514       0.220499203       3.13695236E-05
   6037.8587864108131       0.242542043       3.37930396E-05
   6040.3159935489748       0.217021659       3.13503151E-05
   6042.7732006871365       0.241296276       3.36546291E-05
   6045.2304078252982       0.236882016       3.34795259E-05
   6047.6876149634609       0.215480849       3.13264427E-05
   6050.1448221016226       0.264698386       3.66605855E-05
   6052.6020292397843       0.265357912       3.74796473E-05
   6055.0592363779460       0.241186619       3.47484820E-05
   6057.5164435161078       0.274408102       3.79933845E-05
   6059.9736506542704       0.236575544       3.40137594E-05
   6062.4308577924321       0.223905221       3.21155458E-05
   6064.8880649305938       0.259638906       3.62233295E-05
   6067.3452720687555       0.254638195       3.60549493E-05
   6069.8024792069173       0.250453740       3.54644544E-05
   6072.2596863450790       0.251509994       3.57852259E-05
   6074.7168934832407       0.271764696       3.81225218E-05
   6077.1741006214033       0.274942011       3.88848821E-05
   6079.6313077595651       0.271784157       3.84407103E-05
   6082.0885148977268       0.273963898       3.86799511E-05
   6084.5457220358885       0.265389532       3.75757954E-05
   6087.0029291740502       0.259358913       3.68472320E-05
   6089.4601363122119       0.267769516       3.78718250E-05
   6091.9173434503737       0.278742582       3.89051274E-05
   6094.3745505885363       0.243070528       3.51162453E-05
   6096.8317577266980       0.249977037       3.48903377E-05
   6099.2889648648597       0.239225954       3.41412378E-05
   6101.7461720030215       0.220769003       3.18212733E-05
   6104.2033791411832       0.269918710       3.73750008E-05
   6106.6605862793458       0.237282887       3.41053201E-05
   6109.1177934175075       0.251296669       3.50187220E-05
   6111.5750005556692       0.212419778       3.09031020E-05
   6114.0322076938310       0.236753076       3.29595678E-05
   6116.4894148319927       0.233261347       3.32633535E-05
   6118.9466219701544       0.239463255       3.33377066E-05
   6121.4038291083161       0.208035305       2.99192307E-05
   6123.8610362464788       0.191078514       2.71986410E-05
   6126.3182433846405       0.202096462       2.83946283E-05
   6128.7754505228022       0.186311215       2.68834683E-05
   6131.2326576609639       0.217530787       3.00712145E-05
   6133.6898647991256       0.196725190       2.83240461E-05
   6136.1470719372874       0.204190046       2.84383186E-05
   6138.6042790754491       0.186910182       2.67286377E-05
   6141.0614862136117       0.169269189       2.41341331E-05
   6143.5186933517734       0.179287091       2.51125839E-05
   6145.9759004899352       0.198783487       2.28386489E-05
   6148.4331076280969       0.188672349       2.61188325E-05
   6150.8903147662586       0.184591368       2.61530222E-05
   6153.3475219044212       0.171054751       2.44523835E-05
   6155.8047290425829       0.185058519       2.59102526E-05
   6158.2619361807447       0.176872537       2.50014691E-05
   6160.7191433189064       0.160980016       2.32661987E-05
   6163.1763504570681       0.186444789       2.59632779E-05
   6165.6335575952298       0.185411930       2.59879762E-05
   6168.0907647333916       0.141313106       2.06931181E-05
   6170.5479718715542       0.150588527       2.13500643E-05
   6173.0051790097159       0.173580363       2.42449187E-05
   6175.4623861478776       0.171260998       2.43063132E-05
   6177.9195932860393       0.176111400       2.46938362E-05
   6180.3768004242011       0.163586050       2.32859038E-05
   6182.8340075623637       0.154776275       2.21267619E-05
   6185.2912147005254       0.169269919       2.36494598E-05
   6187.7484218386871       0.159461677       2.26731772E-05
   6190.2056289768489       0.155210674       2.20373731E-05
   6192.6628361150106       0.161326513       2.28148692E-05
   6195.1200432531723       0.167799830       2.36611704E-05
   6197.5772503913340       0.172421098       2.43364648E-05
   6200.0344575294966       0.170799270       2.40794980E-05
   6202.4916646676584       0.161936134       2.29177149E-05
   6204.9488718058201       0.145163432       2.07123721E-05
   6207.4060789439818       0.142038837       2.02187839E-05
   6209.8632860821435       0.149720833       2.12355244E-05
   6212.3204932203053       0.167520031       2.34062663E-05
   6214.7777003584670       0.163181171       2.32138864E-05
   6217.2349074966296       0.169318959       2.39555011E-05
   6219.6921146347913       0.180954948       2.54419228E-05
   6222.1493217729530       0.180939078       2.55203850E-05
   6224.6065289111148       0.173455670       2.48016986E-05
   6227.0637360492765       0.188098580       2.63110232E-05
   6229.5209431874382       0.183712378       2.60223751E-05
   6231.9781503256008       0.173821226       2.48531160E-05
   6234.4353574637626       0.189242810       2.64580922E-05
   6236.8925646019243       0.181198239       2.57478878E-05
   6239.3497717400860       0.176160753       2.50049634E-05
   6241.8069788782477       0.184760422       2.61095538E-05
   6244.2641860164094       0.186926544       2.61526584E-05
   6246.7213931545721       0.167326406       2.41441758E-05
   6249.1786002927338       0.175915644       2.51606161E-05
   6251.6358074308955       0.219061270       3.03280467E-05
   6254.0930145690572       0.200746775       2.87071944E-05
   6256.5502217072190       0.208877757       2.92094810E-05
   6259.0074288453807       0.181899682       2.61886817E-05
   6261.4646359835424       0.187808841       2.66006300E-05
   6263.9218431217050       0.201647207       2.83190366E-05
   6266.3790502598667       0.202299133       2.86045761E-05
   6268.8362573980285       0.195626125       2.79078049E-05
   6271.2934645361902       0.213094786       2.96744838E-05
   6273.7506716743519       0.183049783       2.64433438E-05
   6276.2078788125136       0.195219308       2.78932639E-05
   6278.6650859506763       0.237728119       3.31381925E-05
   6281.1222930888380       0.247685492       3.47674249E-05
   6283.5795002269997       0.229462594       3.31017582E-05
   6286.0367073651614       0.264264971       3.68153633E-05
   6288.4939145033231       0.263925195       3.72341856E-05
   6290.9511216414849       0.236618966       3.40360748E-05
   6293.4083287796475       0.261158943       3.66903623E-05
   6295.8655359178092       0.271943659       3.85231397E-05
   6298.3227430559709       0.289145470       4.07307671E-05
   6300.7799501941327       0.297643989       4.18153504E-05
   6303.2371573322944       0.276845396       3.94652416E-05
   6305.6943644704561       0.274498403       3.91292706E-05
   6308.1515716086178       0.304077804       4.26413608E-05
   6310.6087787467804       0.308940709       4.38791794E-05
   6313.0659858849422       0.328928769       4.62222779E-05
   6315.5231930231039       0.331559837       4.67708087E-05
   6317.9804001612656       0.313314170       4.46107297E-05
   6320.4376072994273       0.321388692       4.55835579E-05
   6322.8948144375890       0.343608767       4.83098811E-05
   6325.3520215757508       0.349103332       4.92881336E-05
   6327.8092287139134       0.343485653       4.90202328E-05
   6330.2664358520751       0.378874868       5.30596917E-05
   6332.7236429902368       0.379966259       5.37582200E-05
   6335.1808501283986       0.376041234       5.35272411E-05
   6337.6380572665603       0.409025192       5.75473532E-05
   6340.0952644047229       0.424922228       5.97436119E-05
   6342.5524715428846       0.408918709       5.81214481E-05
   6345.0096786810464       0.412229717       5.83838410E-05
   6347.4668858192081       0.427980781       6.00607018E-05
   6349.9240929573698       0.397820920       5.65783157E-05
   6352.3813000955315       0.380775094       5.42710113E-05
   6354.8385072336932       0.400498539       5.61910201E-05
   6357.2957143718559       0.386283278       5.48893986E-05
   6359.7529215100176       0.381778985       5.43065362E-05
   6362.2101286481793       0.413668364       5.80021297E-05
   6364.6673357863410       0.405215204       5.75413396E-05
   6367.1245429245027       0.412195444       5.80877640E-05
   6369.5817500626654       0.407391101       5.77853352E-05
   6372.0389572008271       0.407732099       5.74330588E-05
   6374.4961643389888       0.393335283       5.57610911E-05
   6376.9533714771505       0.371927738       5.29892532E-05
   6379.4105786153123       0.388824314       5.46442134E-05
   6381.8677857534740       0.375162095       5.33176935E-05
   6384.3249928916357       0.380263239       5.38195272E-05
   6386.7822000297983       0.397835642       5.63020694E-05
   6389.2394071679601       0.422196001       5.92750002E-05
   6391.6966143061218       0.419843554       5.97244762E-05
   6394.1538214442835       0.443171501       6.25038228E-05
   6396.6110285824452       0.470230997       6.60688820E-05
   6399.0682357206069       0.451938957       6.41440492E-05
   6401.5254428587687       0.454318702       6.41785300E-05
   6403.9826499969313       0.447652251       6.34940443E-05
   6406.4398571350930       0.458296567       6.46261906E-05
   6408.8970642732547       0.452907592       6.41189545E-05
   6411.3542714114164       0.451217264       6.36693949E-05
   6413.8114785495782       0.432759821       6.16227335E-05
   6416.2686856877408       0.445447475       6.26306282E-05
   6418.7258928259025       0.429122955       6.07122747E-05
   6421.1830999640642       0.398595423       5.70814918E-05
   6423.6403071022260       0.427744746       6.01490610E-05
   6426.0975142403877       0.437774986       6.13859011E-05
   6428.5547213785494       0.385528803       5.55140614E-05
   6431.0119285167111       0.406708807       5.72830177E-05
   6433.4691356548738       0.428582072       6.04224188E-05
   6435.9263427930355       0.425357789       6.05519635E-05
   6438.3835499311972       0.465952158       6.49946087E-05
   6440.8407570693589       0.430141360       6.14902456E-05
   6443.2979642075206       0.437035859       6.19938219E-05
   6445.7551713456824       0.474382907       6.63225437E-05
   6448.2123784838450       0.441592395       6.28117778E-05
   6450.6695856220067       0.426543206       6.09041308E-05
   6453.1267927601684       0.464923322       6.50310685E-05
   6455.5839998983301       0.450409204       6.39761129E-05
   6458.0412070364919       0.442455351       6.25280663E-05
   6460.4984141746536       0.440122664       6.21332074E-05
   6462.9556213128162       0.408556879       5.86425485E-05
   6465.4128284509779       0.453582853       6.35577162E-05
   6467.8700355891397       0.461093456       6.52484450E-05
   6470.3272427273014       0.466596752       6.59990183E-05
   6472.7844498654631       0.479376584       6.76230266E-05
   6475.2416570036248       0.475696564       6.71101297E-05
   6477.6988641417865       0.448561311       6.37391058E-05
   6480.1560712799492       0.437850475       6.22379011E-05
   6482.6132784181109       0.453734159       6.41289153E-05
   6485.0704855562726       0.474926651       6.72050810E-05
   6487.5276926944343       0.503736496       7.12203109E-05
   6489.9848998325961       0.539461672       7.55190267E-05
   6492.4421069707587       0.509624898       7.27712759E-05
   6494.8993141089204       0.526390553       7.47788945E-05
   6497.3565212470821       0.588899255       8.25194875E-05
   6499.8137283852438       0.592229605       8.41268629E-05
   6502.2709355234056       0.628552377       8.86966882E-05
   6504.7281426615673       0.663355887       9.35002026E-05
   6507.1853497997290       0.669885516       9.44267085E-05
   6509.6425569378916       0.644863069       9.13619442E-05
   6512.0997640760534       0.619705200       8.86843045E-05
   6514.5569712142151       0.688372910       9.72226335E-05
   6517.0141783523768       0.772087812       1.08275555E-04
   6519.4713854905385       0.788138151       1.11486966E-04
   6521.9285926287002       0.810794234       1.14824899E-04
   6524.3857997668620       0.858587563       1.21460944E-04
   6526.8430069050246       0.925478399       1.30350163E-04
   6529.3002140431863       0.969102979       1.36745963E-04
   6531.7574211813480       0.995266318       1.40650765E-04
   6534.2146283195098        1.02526975       1.44825928E-04
   6536.6718354576715        1.04303122       1.47037106E-04
   6539.1290425958341        1.01769865       1.43765341E-04
   6541.5862497339958       0.946002364       1.34365328E-04
   6544.0434568721575       0.897452831       1.27069419E-04
   6546.5006640103193       0.837669075       1.19112854E-04
   6548.9578711484810       0.812770665       1.15676150E-04
   6551.4150782866427       0.859797478       1.21918260E-04
   6553.8722854248044       0.965888619       1.37144190E-04
   6556.3294925629671        1.15209901       1.62082273E-04
   6558.7866997011288        1.30556190       1.81205891E-04
   6561.2439068392905        1.15346134       1.63717254E-04
   6563.7011139774522       0.879129827       1.27166408E-04
   6566.1583211156139       0.757347643       1.08492917E-04
   6568.6155282537766       0.723337054       1.02758335E-04
   6571.0727353919374       0.724955201       1.02301070E-04
   6573.5299425301000       0.703847945       9.97828320E-05
   6575.9871496682617       0.697161734       9.86327723E-05
   6578.4443568064235       0.697389841       9.89126565E-05
   6580.9015639445852       0.725625873       1.02363338E-04
   6583.3587710827469       0.749355316       1.05609448E-04
   6585.8159782209095       0.742877245       1.04933766E-04
   6588.2731853590703       0.723395705       1.02498612E-04
   6590.7303924972330       0.709270060       1.00294492E-04
   6593.1875996353947       0.694359958       9.82240381E-05
   6595.6448067735564       0.670738518       9.53933122E-05
   6598.1020139117181       0.702649057       9.91419583E-05
   6600.5592210498799       0.730326355       1.02860162E-04
   6603.0164281880425       0.732456684       1.03679296E-04
   6605.4736353262042       0.739150643       1.04588937E-04
   6607.9308424643659       0.763329625       1.07466112E-04
   6610.3880496025276       0.742633045       1.05476298E-04
   6612.8452567406894       0.758248448       1.06685809E-04
   6615.3024638788520       0.730129063       1.03468003E-04
   6617.7596710170128       0.696968138       9.87339881E-05
   6620.2168781551754       0.674004138       9.55669893E-05
   6622.6740852933372       0.661097825       9.40328900E-05
   6625.1312924314989       0.703169167       9.89967521E-05
   6627.5884995696606       0.718239307       1.01008867E-04
   6630.0457067078223       0.675373077       9.58425953E-05
   6632.5029138459849       0.637457013       9.04137996E-05
   6634.9601209841458       0.617677450       8.78067076E-05
   6637.4173281223084       0.629646182       8.93220349E-05
   6639.8745352604701       0.679741621       9.51077964E-05
   6642.3317423986318       0.645157993       9.17349753E-05
   6644.7889495367936       0.633356988       8.93563192E-05
   6647.2461566749553       0.606650889       8.58589847E-05
   6649.7033638131179       0.554330826       7.90405902E-05
   6652.1605709512796       0.556402028       7.88429461E-05
   6654.6177780894413       0.574303210       8.10539132E-05
   6657.0749852276031       0.588528454       8.30480712E-05
   6659.5321923657648       0.587785542       8.34204402E-05
   6661.9893995039274       0.620665729       8.75766200E-05
   6664.4466066420882       0.649318576       9.15878481E-05
   6666.9038137802509       0.664610982       9.35447970E-05
   6669.3610209184126       0.643309534       9.15706696E-05
   6671.8182280565743       0.665078342       9.36460056E-05
   6674.2754351947360       0.666193724       9.39509482E-05
   6676.7326423328977       0.619019568       8.78102437E-05
   6679.1898494710604       0.583190739       8.29084165E-05
   6681.6470566092212       0.568681717       8.07006872E-05
   6684.1042637473838       0.583153784       8.21127396E-05
   6686.5614708855455       0.565793514       8.07509496E-05
   6689.0186780237073       0.608162940       8.52189769E-05
   6691.4758851618690       0.605062664       8.58319690E-05
   6693.9330923000307       0.605536580       8.56965926E-05
   6696.3902994381933       0.631433010       8.88940194E-05
   6698.8475065763550       0.613437414       8.71312441E-05
   6701.3047137145168       0.634126782       8.95590929E-05
   6703.7619208526785       0.652731597       9.25750064E-05
   6706.2191279908402       0.698772311       9.76307274E-05
   6708.6763351290019       0.649798155       9.26513603E-05
   6711.1335422671636       0.633108735       8.97257632E-05
   6713.5907494053263       0.646947563       9.07678186E-05
   6716.0479565434880       0.568923175       8.13770748E-05
   6718.5051636816497       0.544355392       7.74614164E-05
   6720.9623708198114       0.568732023       8.04927404E-05
   6723.4195779579732       0.602290213       8.47126430E-05
   6725.8767850961358       0.608537555       8.59906067E-05
   6728.3339922342975       0.601748407       8.54048776E-05
   6730.7911993724592       0.627929628       8.85217087E-05
   6733.2484065106210       0.634444118       8.94414770E-05
   6735.7056136487827       0.613066375       8.71498851E-05
   6738.1628207869444       0.625241578       8.86092821E-05
   6740.6200279251061       0.664076626       9.31051472E-05
   6743.0772350632687       0.631839693       8.95807389E-05
   6745.5344422014305       0.598266482       8.51008081E-05
   6747.9916493395922       0.606681049       8.57885316E-05
   6750.4488564777539       0.618916690       8.74380494E-05
   6752.9060636159156       0.627155364       8.88542272E-05
   6755.3632707540773       0.655396402       9.25034692E-05
   6757.8204778922391       0.682158589       9.64798091E-05
   6760.2776850304017       0.716543317       1.01151018E-04
   6762.7348921685634       0.751027226       1.05733430E-04
   6765.1920993067251       0.745558262       1.05344378E-04
   6767.6493064448869       0.729522824       1.03582257E-04
   6770.1065135830486       0.745245099       1.05657964E-04
   6772.5637207212112       0.795841753       1.11563793E-04
   6775.0209278593729       0.762892962       1.07939006E-04
   6777.4781349975347       0.701995790       9.98470568E-05
   6779.9353421356964       0.672132373       9.54098068E-05
   6782.3925492738581       0.662786365       9.37178484E-05
   6784.8497564120198       0.648562312       9.21348401E-05
   6787.3069635501815       0.665904284       9.40857644E-05
   6789.7641706883442       0.688566208       9.70598849E-05
   6792.2213778265059       0.680003226       9.63678758E-05
   6794.6785849646676       0.689076364       9.73048009E-05
   6797.1357921028293       0.688962162       9.77131567E-05
   6799.5929992409910       0.716449678       1.01213918E-04
   6802.0502063791528       0.747562408       1.05363863E-04
   6804.5074135173145       0.755461812       1.06802734E-04
   6806.9646206554771       0.758405447       1.07118081E-04
   6809.4218277936388       0.753136575       1.06689768E-04
   6811.8790349318006       0.757836878       1.07252476E-04
   6814.3362420699623       0.779663324       1.09776731E-04
   6816.7934492081240       0.758016646       1.07773260E-04
   6819.2506563462866       0.777008295       1.09237932E-04
   6821.7078634844484       0.750166714       1.06659521E-04
   6824.1650706226101       0.751082242       1.06970110E-04
   6826.6222777607718       0.837152898       1.17093048E-04
   6829.0794848989335       0.824914694       1.16754891E-04
   6831.5366920370961       0.805737257       1.14130060E-04
   6833.9938991752570       0.807361126       1.14424089E-04
   6836.4511063134196       0.827828825       1.16852483E-04
   6838.9083134515813       0.840105057       1.18589065E-04
   6841.3655205897430       0.826999187       1.17005293E-04
   6843.8227277279047       0.812283933       1.14704977E-04
   6846.2799348660665       0.770443320       1.09428671E-04
   6848.7371420042291       0.750413358       1.06388936E-04
   6851.1943491423908       0.758388460       1.07477244E-04
   6853.6515562805525       0.789672494       1.11885296E-04
   6856.1087634187143       0.857979238       1.20642042E-04
   6858.5659705568760       0.880428433       1.23798265E-04
   6861.0231776950377       0.828890562       1.17150608E-04
   6863.4803848331994       0.723870695       1.03307175E-04
   6865.9375919713621       0.654756606       9.35790667E-05
   6868.3947991095238       0.663469553       9.44474377E-05
   6870.8520062476855       0.737941325       1.03955121E-04
   6873.3092133858472       0.804223001       1.13161368E-04
   6875.7664205240089       0.835296690       1.17960350E-04
   6878.2236276621707       0.862407386       1.21476929E-04
   6880.6808348003324       0.848732948       1.19880082E-04
   6883.1380419384950       0.809795380       1.15040159E-04
   6885.5952490766567       0.800731778       1.13434529E-04
   6888.0524562148184       0.816411912       1.15483381E-04
   6890.5096633529802       0.830365717       1.17255382E-04
   6892.9668704911419       0.839305103       1.18544696E-04
   6895.4240776293036       0.821408987       1.16332507E-04
   6897.8812847674662       0.819878221       1.15851893E-04
   6900.3384919056280       0.803811312       1.14778755E-04
   6902.7956990437897       0.885724962       1.24337006E-04
   6905.2529061819514       0.917966247       1.29524793E-04
   6907.7101133201131       0.911281765       1.29005944E-04
   6910.1673204582748       0.923748434       1.30792803E-04
   6912.6245275964375       0.942611933       1.32748537E-04
   6915.0817347345992       0.918130815       1.29886059E-04
   6917.5389418727609       0.871147394       1.24776328E-04
   6919.9961490109226       0.962749839       1.35336333E-04
   6922.4533561490844        1.02124357       1.44098332E-04
   6924.9105632872470        1.04837477       1.48042614E-04
   6927.3677704254078        1.07714367       1.52332621E-04
   6929.8249775635704        1.10311317       1.55828442E-04
   6932.2821847017321        1.12686920       1.58668103E-04
   6934.7393918398939        1.08052444       1.54135691E-04
   6937.1965989780556        1.14031386       1.61128890E-04
   6939.6538061162173        1.22677588       1.73132124E-04
   6942.1110132543799        1.29332674       1.82703603E-04
   6944.5682203925408        1.36845660       1.92282401E-04
   6947.0254275307034        1.34018552       1.89531740E-04
   6949.4826346688651        1.27655494       1.80913878E-04
   6951.9398418070268        1.22659528       1.74429995E-04
   6954.3970489451885        1.23837519       1.75137771E-04
   6956.8542560833503        1.27308321       1.80106246E-04
   6959.3114632215129        1.31282306       1.86303165E-04
   6961.7686703596746        1.43667662       2.01521922E-04
   6964.2258774978363        1.44061053       2.03599571E-04
   6966.6830846359981        1.41711748       2.00794995E-04
   6969.1402917741598        1.42677999       2.02020048E-04
   6971.5974989123215        1.46757245       2.07650402E-04
   6974.0547060504832        1.52766049       2.15378765E-04
   6976.5119131886458        1.54882979       2.18444344E-04
   6978.9691203268076        1.49798703       2.12494371E-04
   6981.4263274649693        1.48945093       2.10655679E-04
   6983.8835346031310        1.47647965       2.09078527E-04
   6986.3407417412927        1.47559047       2.08411366E-04
   6988.7979488794554        1.45129144       2.06105993E-04
   6991.2551560176171        1.48235583       2.09202495E-04
   6993.7123631557788        1.50085020       2.12300016E-04
   6996.1695702939405        1.49729908       2.12030762E-04
   6998.6267774321022        1.53577590       2.16595246E-04
   7001.0839845702640        1.51179790       2.15111941E-04
   7003.5411917084257        1.60846007       2.26873948E-04
   7005.9983988465883        1.69090509       2.38911627E-04
   7008.4556059847500        1.76302385       2.48018565E-04
   7010.9128131229118        1.73881209       2.46527343E-04
   7013.3700202610735        1.74095464       2.46205309E-04
   7015.8272273992352        1.76782250       2.49766366E-04
   7018.2844345373978        1.77337039       2.51551188E-04
   7020.7416416755586        1.86841977       2.63478898E-04
   7023.1988488137213        1.94999564       2.76412378E-04
   7025.6560559518830        2.11632419       2.98155093E-04
   7028.1132630900447        2.26623011       3.19311221E-04
   7030.5704702282064        2.34205461       3.30735318E-04
   7033.0276773663682        2.42208099       3.41152976E-04
   7035.4848845045308        2.39881158       3.40538129E-04
   7037.9420916426916        2.48913884       3.50923685E-04
   7040.3992987808542        2.53673244       3.57999874E-04
   7042.8565059190159        2.49636173       3.53405310E-04
   7045.3137130571777        2.47273660       3.47573688E-04
   7047.7709201953394        2.17038846       3.08092072E-04
   7050.2281273335011        1.67769051       2.41484202E-04
   7052.6853344716637        1.26615727       1.83164942E-04
   7055.1425416098255        1.01816475       1.46653503E-04
   7057.5997487479872       0.928996146       1.32490546E-04
   7060.0569558861489       0.925908089       1.31440771E-04
   7062.5141630243106       0.975847125       1.37155526E-04
   7064.9713701624732       0.984778404       1.39354670E-04
   7067.4285773006350       0.997766197       1.41060242E-04
   7069.8857844387967        1.04910254       1.47914194E-04
   7072.3429915769584        1.07655132       1.52467430E-04
   7074.8001987151201        1.16318631       1.63563018E-04
   7077.2574058532819        1.19403398       1.68312006E-04
   7079.7146129914436        1.19068527       1.67222795E-04
   7082.1718201296062        1.05051303       1.49923319E-04
   7084.6290272677679       0.970794201       1.37524708E-04
   7087.0862344059296       0.896358967       1.27259424E-04
   7089.5434415440914       0.827495933       1.18190008E-04
   7092.0006486822531       0.858381271       1.21432022E-04
   7094.4578558204148       0.913421750       1.28388114E-04
   7096.9150629585765       0.905256450       1.28127867E-04
   7099.3722700967392       0.905386746       1.28298459E-04
   7101.8294772349009       0.938527703       1.32944231E-04
   7104.2866843730626        1.01010728       1.42190605E-04
   7106.7438915112243        1.05057204       1.48069492E-04
   7109.2010986493860        1.05522192       1.49489089E-04
   7111.6583057875478        1.09188759       1.54390393E-04
   7114.1155129257095        1.14727712       1.61790158E-04
   7116.5727200638721        1.17437565       1.65158068E-04
   7119.0299272020338        1.11409628       1.57579008E-04
   7121.4871343401956       0.997248709       1.41554934E-04
   7123.9443414783573       0.865475416       1.23913022E-04
   7126.4015486165190       0.809796989       1.15899587E-04
   7128.8587557546816       0.879331052       1.23186575E-04
   7131.3159628928424       0.861599803       1.22194120E-04
   7133.7731700310051       0.857185900       1.21610523E-04
   7136.2303771691668       0.902523220       1.27216132E-04
   7138.6875843073285       0.919902861       1.29700216E-04
   7141.1447914454911       0.902180731       1.27856518E-04
   7143.6019985836519       0.906570852       1.28655054E-04
   7146.0592057218146       0.956523895       1.34427333E-04
   7148.5164128599763       0.956643403       1.35968512E-04
   7150.9736199981380        1.00530601       1.41974306E-04
   7153.4308271362997       0.988890409       1.50122709E-04
   7155.8880342744615       0.986772180       1.40870485E-04
   7158.3452414126241       0.988963902       1.39427604E-04
   7160.8024485507858       0.967293918       1.36962786E-04
   7163.2596556889475       0.926063240       1.31482288E-04
   7165.7168628271093       0.933478355       1.31942958E-04
   7168.1740699652710       0.927963674       1.31528461E-04
   7170.6312771034327       0.956072211       1.35489812E-04
   7173.0884842415944        1.02211010       1.44385631E-04
   7175.5456913797570        1.09798169       1.54216585E-04
   7178.0028985179188        1.09574878       1.55202215E-04
   7180.4601056560805        1.10869122       1.56679613E-04
   7182.9173127942422        1.12150395       1.58773502E-04
   7185.3745199324039        1.14867222       1.62262237E-04
   7187.8317270705656        1.16654265       1.64391895E-04
   7190.2889342087274        1.12779462       1.60084834E-04
   7192.7461413468900        1.11207032       1.56989379E-04
   7195.2033484850517        1.07399011       1.52104694E-04
   7197.6605556232134        1.00741816       1.43561934E-04
   7200.1177627613752        1.03788698       1.46680424E-04
   7202.5749698995369        1.06732070       1.51473141E-04
   7205.0321770376986        1.15617621       1.62601034E-04
   7207.4893841758603        1.19766200       1.69750245E-04
   7209.9465913140230        1.27475905       1.79590192E-04
   7212.4037984521847        1.33005214       1.87669895E-04
   7214.8610055903464        1.34378994       1.90388208E-04
   7217.3182127285090        1.40662432       1.98495647E-04
   7219.7754198666698        1.44315720       2.03926305E-04
   7222.2326270048325        1.47439682       2.08371173E-04
   7224.6898341429942        1.49110925       2.10543760E-04
   7227.1470412811559        1.47468936       2.08076308E-04
   7229.6042484193176        1.37738585       1.96510460E-04
   7232.0614555574793        1.40408576       1.98897949E-04
   7234.5186626956420        1.48309267       2.09137681E-04
   7236.9758698338028        1.52659798       2.16206710E-04
   7239.4330769719654        1.61192489       2.27836616E-04
   7241.8902841101271        1.72163153       2.42527472E-04
   7244.3474912482889        1.76769662       2.50088575E-04
   7246.8046983864506        1.83132422       2.58035230E-04
   7249.2619055246123        1.82850504       2.59332097E-04
   7251.7191126627749        1.88849044       2.67749623E-04
   7254.1763198009367        2.04298925       2.87502160E-04
   7256.6335269390984        2.11473346       2.98708066E-04
   7259.0907340772601        2.15245938       3.04261892E-04
   7261.5479412154218        2.20717549       3.12882272E-04
   7264.0051483535835        2.31801152       3.25869361E-04
   7266.4623554917453        2.29989505       3.24601395E-04
   7268.9195626299079        2.11706686       3.01476946E-04
   7271.3767697680696        2.06994915       2.92785815E-04
   7273.8339769062313        1.99283278       2.85784452E-04
   7276.2911840443930        2.24424148       3.15656711E-04
   7278.7483911825548        2.45397973       3.45587963E-04
   7281.2055983207165        2.52903938       3.56490840E-04
   7283.6628054588782        2.53876185       3.58318153E-04
   7286.1200125970408        2.42128420       3.45680339E-04
   7288.5772197352026        2.58659530       3.65410640E-04
   7291.0344268733643        2.78829336       3.93077702E-04
   7293.4916340115260        2.92182136       4.12497466E-04
   7295.9488411496877        3.02787352       4.27555700E-04
   7298.4060482878504        3.09871817       4.37809475E-04
   7300.8632554260121        3.14396596       4.46138438E-04
   7303.3204625641738        3.34414434       4.71718522E-04
   7305.7776697023355        3.51232052       4.95013664E-04
   7308.2348768404972        3.54468918       5.01199043E-04
   7310.6920839786590        3.58689713       5.09238860E-04
   7313.1492911168207        3.80972123       5.37189946E-04
   7315.6064982549833        3.99383616       5.63382695E-04
   7318.0637053931450        4.04823303       5.73066820E-04
   7320.5209125313067        4.19406176       5.90152456E-04
   7322.9781196694685        4.06792068       5.77342231E-04
   7325.4353268076302        4.05619955       5.74417936E-04
   7327.8925339457928        4.14056635       5.86622162E-04
   7330.3497410839536        4.34276533       6.13846758E-04
   7332.8069482221163        4.60840607       6.50493428E-04
   7335.2641553602780        4.82945919       6.80241326E-04
   7337.7213624984397        4.85329962       6.84991421E-04
   7340.1785696366014        4.68981981       6.63730782E-04
   7342.6357767747631        4.47374296       6.35501521E-04
   7345.0929839129258        4.42640877       6.28100010E-04
   7347.5501910510866        4.57701635       6.44904503E-04
   7350.0073981892492        4.54986906       6.44640299E-04
   7352.4646053274109        4.58044004       6.47755049E-04
   7354.9218124655727        4.66794538       6.59924990E-04
   7357.3790196037344        4.73469210       6.71040500E-04
   7359.8362267418961        5.00517797       7.06207647E-04
   7362.2934338800587        5.21420336       7.35391979E-04
   7364.7506410182204        5.30651283       7.49083236E-04
   7367.2078481563822        5.26503944       7.44561316E-04
   7369.6650552945439        5.20147038       7.35361071E-04
   7372.1222624327056        5.05715609       7.17834861E-04
   7374.5794695708682        5.12595749       7.24534621E-04
   7377.0366767090300        5.19993210       7.35144713E-04
   7379.4938838471917        5.27850199       7.46619306E-04
   7381.9510909853534        5.40167427       7.62878743E-04
   7384.4082981235151        5.48111010       7.73801585E-04
   7386.8655052616768        5.42656231       7.67592515E-04
   7389.3227123998386        5.34629059       7.55182758E-04
   7391.7799195380012        5.13056564       7.29356369E-04
   7394.2371266761629        5.17168522       7.32018263E-04
   7396.6943338143246        5.35170555       7.54238688E-04
   7399.1515409524864        5.28654575       7.47112674E-04
   7401.6087480906481        5.15663815       7.30998116E-04
   7404.0659552288098        5.11257792       7.24868500E-04
   7406.5231623669715        5.28362083       7.44950434E-04
   7408.9803695051341        5.27931738       7.46576756E-04
   7411.4375766432959        5.26585293       7.43532553E-04
   7413.8947837814576        5.11783409       7.25467165E-04
   7416.3519909196193        5.06085777       7.16192881E-04
   7418.8091980577810        5.06144524       7.18022930E-04
   7421.2664051959437        5.26390982       7.41828699E-04
   7423.7236123341045        5.35502768       7.56613736E-04
   7426.1808194722671        5.33442163       7.53763306E-04
   7428.6380266104288        5.30303907       7.49754603E-04
   7431.0952337485905        5.14864826       7.29065330E-04
   7433.5524408867523        5.08024168       7.18978350E-04
   7436.0096480249140        4.97675705       7.07054220E-04
   7438.4668551630766        5.18938398       7.28895771E-04
   7440.9240623012374        4.97216415       7.06655672E-04
   7443.3812694394001        4.96024895       7.01827521E-04
   7445.8384765775618        5.04064608       7.12705718E-04
   7448.2956837157235        5.10681248       7.21019518E-04
   7450.7528908538861        5.09420156       7.20712997E-04
   7453.2100979920478        5.09699535       7.21348217E-04
   7455.6673051302096        5.15336418       7.28124287E-04
   7458.1245122683713        5.18427658       7.33902154E-04
   7460.5817194065330        5.27109194       7.44603400E-04
   7463.0389265446947        5.34361458       7.54018838E-04
   7465.4961336828565        5.23668575       7.42525095E-04
   7467.9533408210191        5.27665138       7.45181402E-04
   7470.4105479591808        5.24876261       7.43363053E-04
   7472.8677550973425        5.28263092       7.47555459E-04
   7475.3249622355042        5.41627407       7.65231089E-04
   7477.7821693736660        5.50802469       7.78375310E-04
   7480.2393765118277        5.58748770       7.89192971E-04
   7482.6965836499894        5.59344244       7.91798171E-04
   7485.1537907881520        5.65435076       7.97720277E-04
   7487.6109979263138        5.57282257       7.89846410E-04
   7490.0682050644755        5.56602001       7.87296623E-04
   7492.5254122026372        5.64167023       7.97916378E-04
   7494.9826193407989        5.69640493       8.06743919E-04
   7497.4398264789606        5.92831755       8.35086918E-04
   7499.8970336171224        5.90003204       8.35563871E-04
   7502.3542407552850        5.95369291       8.41367873E-04
   7504.8114478934467        5.98885775       8.47328221E-04
   7507.2686550316084        6.03503180       8.51640652E-04
   7509.7258621697702        5.93899441       8.42313457E-04
   7512.1830693079319        5.97666931       8.44071561E-04
   7514.6402764460936        5.97045374       8.43431801E-04
   7517.0974835842553        5.78109980       8.21876572E-04
   7519.5546907224179        5.96570206       8.41017580E-04
   7522.0118978605797        5.97730494       8.45504750E-04
   7524.4691049987414        5.97433901       8.46005685E-04
   7526.9263121369040        6.10154629       8.61984852E-04
   7529.3835192750648        6.21080399       8.78341612E-04
   7531.8407264132275        6.34041786       8.96893907E-04
   7534.2979335513892        6.58747196       9.29562724E-04
   7536.7551406895509        6.69947290       9.46772285E-04
   7539.2123478277126        6.80572271       9.59931000E-04
   7541.6695549658743        6.65535688       9.42486105E-04
   7544.1267621040370        6.55699158       9.28347697E-04
   7546.5839692421978        6.51130533       9.22004518E-04
   7549.0411763803604        6.58573198       9.31159128E-04
   7551.4983835185221        6.66992235       9.43606894E-04
   7553.9555906566839        6.84348631       9.64109786E-04
   7556.4127977948456        6.72146320       9.51618131E-04
   7558.8700049330073        6.63431787       9.38479323E-04
   7561.3272120711699        6.57602310       9.29200265E-04
   7563.7844192093316        6.43252039       9.12336574E-04
   7566.2416263474934        6.51452112       9.20686522E-04
   7568.6988334856551        6.66102648       9.40083584E-04
   7571.1560406238168        6.67268515       9.44723492E-04
   7573.6132477619785        6.85245371       9.66909924E-04
   7576.0704549001402        6.93835163       9.81981750E-04
   7578.5276620383029        7.12679768       1.00422616E-03
   7580.9848691764637        7.04925299       9.92348418E-04
   7583.4420763146263        6.32330751       8.97666032E-04
   7585.8992834527880        5.41382837       7.71824212E-04
   7588.3564905909498        4.56506634       6.51166367E-04
   7590.8136977291124        3.67333794       5.26046962E-04
   7593.2709048672732        2.80150509       4.04660066E-04
   7595.7281120054358        2.95227480       3.19073384E-04
   7598.1853191435976        1.81196845       2.60302128E-04
   7600.6425262817593        1.56205034       2.25027252E-04
   7603.0997334199219        1.70462513       2.39709552E-04
   7605.5569405580827        1.85149086       2.65312527E-04
   7608.0141476962453        2.37050629       3.36270750E-04
   7610.4713548344071        3.13623405       4.40643606E-04
   7612.9285619725688        3.81825829       5.34597028E-04
   7615.3857691107305        4.24270582       5.91376855E-04
   7617.8429762488922        3.93068480       5.54625061E-04
   7620.3001833870549        3.82601333       4.55937261E-04
   7622.7573905252157        2.48491287       3.57860612E-04
   7625.2145976633783        2.09467006       3.00205284E-04
   7627.6718048015400        1.92155969       2.74294551E-04
   7630.1290119397017        1.97436512       2.78219668E-04
   7632.5862190778635        1.94880319       2.76294682E-04
   7635.0434262160252        1.98956406       2.81304849E-04
   7637.5006333541878        2.04784966       2.89543357E-04
   7639.9578404923486        2.12915850       2.99314532E-04
   7642.4150476305113        2.05932617       2.92099488E-04
   7644.8722547686730        2.03334570       2.87483825E-04
   7647.3294619068347        2.00034761       2.82758410E-04
   7649.7866690449964        1.91589057       2.70652905E-04
   7652.2438761831581        1.75801504       2.49370001E-04
   7654.7010833213208        1.57279563       2.23067516E-04
   7657.1582904594816        1.36368442       1.94395732E-04
   7659.6154975976442        1.17321181       1.68193350E-04
   7662.0727047358059        1.15842831       1.64504410E-04
   7664.5299118739676        1.22256684       1.74040586E-04
   7666.9871190121294        1.41932583       1.99677495E-04
   7669.4443261502911        1.59187639       2.23775147E-04
   7671.9015332884537        1.69872022       2.39994362E-04
   7674.3587404266145        1.82886946       2.58685322E-04
   7676.8159475647772        2.00794005       2.81285669E-04
   7679.2731547029389        2.00077152       2.83293572E-04
   7681.7303618411006        1.99312615       2.82424648E-04
   7684.1875689792632        2.05119634       2.88473821E-04
   7686.6447761174240        1.93565965       2.73937563E-04
   7689.1019832555867        1.73174214       2.46266660E-04
   7691.5591903937484        1.53068531       2.18765592E-04
   7694.0163975319101        1.44280922       2.05047152E-04
   7696.4736046700727        1.42772806       2.03869859E-04
   7698.9308118082336        1.57998896       2.24293442E-04
   7701.3880189463962        1.85936296       2.61009554E-04
   7703.8452260845579        2.03071308       2.86405470E-04
   7706.3024332227196        2.17577481       3.06837377E-04
   7708.7596403608813        2.29836273       3.24958150E-04
   7711.2168474990431        2.44660497       3.44803382E-04
   7713.6740546372057        2.54886913       3.60025908E-04
   7716.1312617753665        2.63306808       3.72856710E-04
   7718.5884689135291        2.80944777       3.96474934E-04
   7721.0456760516909        2.97349906       4.19850578E-04
   7723.5028831898526        3.13203120       4.42152203E-04
   7725.9600903280143        3.27959371       4.63364529E-04
   7728.4172974661760        3.42718768       4.83094045E-04
   7730.8745046043387        3.47974253       4.92275052E-04
   7733.3317117424995        3.53800201       5.00894093E-04
   7735.7889188806621        3.66839743       5.16097702E-04
   7738.2461260188238        3.54808617       5.01535309E-04
   7740.7033331569855        3.27146769       4.65235818E-04
   7743.1605402951473        3.10225177       4.40347823E-04
   7745.6177474333090        3.01493263       4.27093823E-04
   7748.0749545714716        2.94595265       4.18549229E-04
   7750.5321617096324        3.03700876       4.29251755E-04
   7752.9893688477950        3.14510894       4.42893885E-04
   7755.4465759859568        3.09664845       4.39252966E-04
   7757.9037831241185        3.14627814       4.46081802E-04
   7760.3609902622811        3.35376525       4.72121843E-04
   7762.8181974004419        3.43127632       4.85170138E-04
   7765.2754045386046        3.52168036       4.98291163E-04
   7767.7326116767663        3.68000722       5.18527057E-04
   7770.1898188149280        3.70290470       5.22831513E-04
   7772.6470259530906        3.62062359       5.12909610E-04
   7775.1042330912514        3.57827258       5.06049371E-04
   7777.5614402294141        3.51668739       4.98134585E-04
   7780.0186473675749        3.47836971       4.92421677E-04
   7782.4758545057375        3.48311925       4.93295200E-04
   7784.9330616438992        3.54144216       5.01387229E-04
   7787.3902687820610        3.68618441       5.19731955E-04
   7789.8474759202236        3.71419668       5.24170755E-04
   7792.3046830583844        3.61916614       5.12077648E-04
   7794.7618901965470        3.49299908       4.96850349E-04
   7797.2190973347087        3.60789132       5.11935097E-04
   7799.6763044728705        3.97606206       5.62832050E-04
   7802.1335116110322        4.49139309       6.29796123E-04
   7804.5907187491939        4.70792818       6.63662096E-04
   7807.0479258873565        4.73069334       6.70001667E-04
   7809.5051330255174        4.89814138       6.90438086E-04
   7811.9623401636800        4.89198732       6.93114474E-04
   7814.4195473018417        4.96506453       6.98185584E-04
   7816.8767544400034        4.67877913       6.64514373E-04
   7819.3339615781651        4.41852808       6.28643262E-04
   7821.7911687163269        4.48251534       6.31561037E-04
   7824.2483758544895        4.27815342       6.07199618E-04
   7826.7055829926503        4.17639017       5.92621043E-04
   7829.1627901308129        4.25713491       6.02321466E-04
   7831.6199972689747        4.39996147       6.21239014E-04
   7834.0772044071364        4.49193859       6.34323456E-04
   7836.5344115452981        4.53174353       6.41234335E-04
   7838.9916186834598        4.61708736       6.54383504E-04
   7841.4488258216224        4.88475180       6.86646032E-04
   7843.9060329597842        4.85411263       6.86838350E-04
   7846.3632400979459        4.79627037       6.79614139E-04
   7848.8204472361076        4.88250494       6.89482957E-04
   7851.2776543742693        4.89647579       6.93465176E-04
   7853.7348615124320        4.99038172       7.03643833E-04
   7856.1920686505928        4.93062210       6.96279749E-04
   7858.6492757887554        4.66151142       6.62651786E-04
   7861.1064829269171        4.62581539       6.54524541E-04
   7863.5636900650788        4.60453558       6.50348491E-04
   7866.0208972032406        4.48158121       6.36347861E-04
   7868.4781043414023        4.54132318       6.43493608E-04
   7870.9353114795649        4.80863523       6.78330485E-04
   7873.3925186177257        4.98943758       7.04633829E-04
   7875.8497257558884        5.18508863       7.32221582E-04
   7878.3069328940501        5.33554268       7.54191831E-04
   7880.7641400322118        5.54327822       7.80862174E-04
   7883.2213471703744        5.51217365       7.81142327E-04
   7885.6785543085352        5.62211084       7.92784384E-04
   7888.1357614466979        5.56619358       7.87186378E-04
   7890.5929685848587        5.43087912       7.68618775E-04
   7893.0501757230213        5.28820896       7.48408318E-04
   7895.5073828611830        5.11213684       7.25209422E-04
   7897.9645899993448        5.07448435       7.19249074E-04
   7900.4217971375074        5.18757677       7.30997883E-04
   7902.8790042756682        5.06699324       7.15928094E-04
   7905.3362114138308        4.75639009       6.75373594E-04
   7907.7934185519925        4.57731915       6.50465605E-04
   7910.2506256901543        4.64316607       6.56713382E-04
   7912.7078328283160        4.77091694       6.73239527E-04
   7915.1650399664777        4.77807760       6.75720803E-04
   7917.6222471046403        4.79896641       6.78132346E-04
   7920.0794542428021        4.78055048       6.78175769E-04
   7922.5366613809638        4.97789240       7.03855592E-04
   7924.9938685191255        5.27902126       7.44733785E-04
   7927.4510756572872        5.51920414       7.78769318E-04
   7929.9082827954498        5.67804861       8.01387418E-04
   7932.3654899336107        5.70795727       8.04311363E-04
   7934.8226970717733        5.41901970       7.67160673E-04
   7937.2799042099350        4.97154570       7.07519066E-04
   7939.7371113480967        4.77503300       6.77509117E-04
   7942.1943184862585        4.70443106       6.65579864E-04
   7944.6515256244202        4.67034054       6.65337604E-04
   7947.1087327625828        5.07395601       7.18555821E-04
   7949.5659399007436        5.76019478       8.06264696E-04
   7952.0231470389062        5.83180952       8.23359820E-04
   7954.4803541770680        5.76306772       8.14118655E-04
   7956.9375613152297        5.56347418       7.89754675E-04
   7959.3947684533914        5.57398891       7.90794438E-04
   7961.8519755915531        5.87211561       8.30713485E-04
   7964.3091827297158        6.30276489       8.85434158E-04
   7966.7663898678766        6.32736540       8.94453027E-04
   7969.2235970060392        6.23135996       8.80857289E-04
   7971.6808041442009        6.08307028       8.61142238E-04
   7974.1380112823626        5.85926056       8.30119883E-04
   7976.5952184205253        5.71142721       8.08941200E-04
   7979.0524255586861        5.54378843       7.86384568E-04
   7981.5096326968487        5.54976702       7.83674186E-04
   7983.9668398350095        5.40533972       7.69141421E-04
   7986.4240469731722        5.63010740       7.94105348E-04
   7988.8812541113339        5.78617430       8.17452208E-04
   7991.3384612494956        5.84700727       8.27364100E-04
   7993.7956683876582        6.02252245       8.52092111E-04
   7996.2528755258199        6.27197123       8.86182184E-04
   7998.7100826639817        6.55260754       9.23710177E-04
   8001.1672898021434        6.61818314       9.36907658E-04
   8003.6244969403051        6.80412817       9.62507504E-04
   8006.0817040784677        7.08768749       1.00056129E-03
   8008.5389112166285        7.31036615       1.03138189E-03
   8010.9961183547912        7.33137321       1.03824539E-03
   8013.4533254929529        7.52414608       1.06423406E-03
   8015.9105326311146        7.77681637       1.09765341E-03
   8018.3677397692763        7.95412779       1.12483418E-03
   8020.8249469074381        8.12077141       1.14960445E-03
   8023.2821540456007        8.53780460       1.20453525E-03
   8025.7393611837615        8.77752972       1.24222878E-03
   8028.1965683219241        9.20751667       1.29505608E-03
   8030.6537754600859        1.00000000      -1948871.88    
   8033.1109825982476        0.00000000      -1.00000000    
