   5529.2169088113069        4.17899638E-02   5.96396239E-06
   5531.6741159494686        4.43056859E-02   5.78566915E-06
   5534.1313230876303        3.01546436E-02   4.99099951E-06
   5536.5885302257930        4.54228707E-02   5.86737633E-06
   5539.0457373639547        2.97108032E-02   4.46700051E-06
   5541.5029445021164        2.15697102E-02   3.46106026E-06
   5543.9601516402781        2.75919121E-02   3.51588392E-06
   5546.4173587784398        2.19038092E-02   3.59757155E-06
   5548.8745659166016        3.47912647E-02   4.41666407E-06
   5551.3317730547642        2.51466837E-02   4.07001380E-06
   5553.7889801929259        3.93205807E-02   5.40398605E-06
   5556.2461873310876        3.81251276E-02   5.56093028E-06
   5558.7033944692494        4.97150496E-02   7.32421177E-06
   5561.1606016074111        7.14778155E-02   1.04130595E-05
   5563.6178087455728        9.15684327E-02   1.17128111E-05
   5566.0750158837354        5.50966337E-02   9.13171425E-06
   5568.5322230218972        7.59768263E-02   1.05914351E-05
   5570.9894301600589        7.87117183E-02   1.17123300E-05
   5573.4466372982206       0.115436822       1.61241187E-05
   5575.9038444363823       0.120547362       1.72210148E-05
   5578.3610515745440       0.136985704       1.86670404E-05
   5580.8182587127058       0.103088304       1.52049115E-05
   5583.2754658508684       0.107377015       1.62525339E-05
   5585.7326729890301       0.136647612       1.85657846E-05
   5588.1898801271918       0.141971409       2.03462132E-05
   5590.6470872653535       0.142513379       1.96568963E-05
   5593.1042944035153       0.131897449       1.92410207E-05
   5595.5615015416770       0.134932384       1.82950535E-05
   5598.0187086798396       0.111921474       1.68758452E-05
   5600.4759158180013       0.137672618       1.90858027E-05
   5602.9331229561631       0.131751955       1.82146414E-05
   5605.3903300943248       0.112176135       1.67139569E-05
   5607.8475372324865       0.133458734       1.87149762E-05
   5610.3047443706482       0.137709662       1.89415005E-05
   5612.7619515088109       0.120383605       1.76105586E-05
   5615.2191586469726       0.128780901       1.79800099E-05
   5617.6763657851343       0.132015228       1.92738025E-05
   5620.1335729232960       0.158362776       2.14510746E-05
   5622.5907800614577       0.129076675       1.85939807E-05
   5625.0479871996195       0.123578355       1.84283035E-05
   5627.5051943377821       0.150360018       2.04654061E-05
   5629.9624014759438       0.142984062       2.04423595E-05
   5632.4196086141055       0.140736133       1.97360423E-05
   5634.8768157522672       0.133705556       1.90946066E-05
   5637.3340228904290       0.133794352       1.87642472E-05
   5639.7912300285907       0.126174599       1.79941126E-05
   5642.2484371667524       0.133141026       1.93525029E-05
   5644.7056443049150       0.158336535       2.17632187E-05
   5647.1628514430768       0.148332804       2.10129292E-05
   5649.6200585812385       0.144421756       2.07823487E-05
   5652.0772657194002       0.151063010       2.09323134E-05
   5654.5344728575619       0.145217478       2.11600691E-05
   5656.9916799957236       0.162443280       2.22305753E-05
   5659.4488871338863       0.143454641       2.07253670E-05
   5661.9060942720480       0.148865879       2.11908882E-05
   5664.3633014102097       0.153281510       2.13579697E-05
   5666.8205085483714       0.145065889       2.05594988E-05
   5669.2777156865332       0.135930896       1.93356263E-05
   5671.7349228246949       0.136990547       1.95023858E-05
   5674.1921299628575       0.140117139       1.97361842E-05
   5676.6493371010192       0.145792216       2.08614856E-05
   5679.1065442391809       0.155149505       2.15894324E-05
   5681.5637513773427       0.157423466       2.29207089E-05
   5684.0209585155044       0.180022568       2.44696221E-05
   5686.4781656536661       0.157308534       2.30260430E-05
   5688.9353727918278       0.178162441       2.53702165E-05
   5691.3925799299905       0.188667297       2.58359487E-05
   5693.8497870681522       0.163971752       2.36994529E-05
   5696.3069942063139       0.162438303       2.31819122E-05
   5698.7642013444756       0.174243584       2.46370437E-05
   5701.2214084826373       0.185728163       2.63780894E-05
   5703.6786156207991       0.197538555       2.74389586E-05
   5706.1358227589617       0.186861396       2.68525600E-05
   5708.5930298971234       0.194704145       2.71069766E-05
   5711.0502370352851       0.181202441       2.60443030E-05
   5713.5074441734469       0.191317603       2.68086606E-05
   5715.9646513116086       0.175419927       2.44730891E-05
   5718.4218584497703       0.153338671       2.25823005E-05
   5720.8790655879329       0.167732671       2.33728369E-05
   5723.3362727260946       0.174355030       2.51371166E-05
   5725.7934798642564       0.196264654       2.71833906E-05
   5728.2506870024181       0.189499378       2.69843513E-05
   5730.7078941405798       0.194159672       2.75271723E-05
   5733.1651012787415       0.194666177       2.71455046E-05
   5735.6223084169033       0.183745116       2.65278341E-05
   5738.0795155550659       0.192976698       2.67391024E-05
   5740.5367226932276       0.177208588       2.53927174E-05
   5742.9939298313893       0.179375157       2.55944778E-05
   5745.4511369695510       0.198515862       2.85951646E-05
   5747.9083441077128       0.235068440       3.24473767E-05
   5750.3655512458745       0.227136001       3.24168795E-05
   5752.8227583840371       0.237989828       3.36621451E-05
   5755.2799655221988       0.237822309       3.31359333E-05
   5757.7371726603606       0.213039950       3.01315831E-05
   5760.1943797985223       0.192590773       2.81135508E-05
   5762.6515869366840       0.211950690       2.91111737E-05
   5765.1087940748457       0.184667528       2.66221559E-05
   5767.5660012130083       0.187208205       2.66711886E-05
   5770.0232083511701       0.189726025       2.67703999E-05
   5772.4804154893318       0.201235071       2.88137835E-05
   5774.9376226274935       0.216470197       3.01361088E-05
   5777.3948297656552       0.212803721       3.01268847E-05
   5779.8520369038170       0.208370954       2.97301194E-05
   5782.3092440419787       0.219678074       3.08029230E-05
   5784.7664511801413       0.210254207       2.97026436E-05
   5787.2236583183030       0.208788574       2.99847798E-05
   5789.6808654564647       0.218085036       3.01757718E-05
   5792.1380725946265       0.202014804       2.91776687E-05
   5794.5952797327882       0.219554424       3.14326608E-05
   5797.0524868709508       0.252111584       3.53527757E-05
   5799.5096940091125       0.264527678       3.72279428E-05
   5801.9669011472743       0.266076535       3.75237323E-05
   5804.4241082854360       0.260746896       3.68389301E-05
   5806.8813154235977       0.252975076       3.56391611E-05
   5809.3385225617594       0.233593926       3.29040777E-05
   5811.7957296999211       0.213059247       3.07208466E-05
   5814.2529368380838       0.218243435       3.04918667E-05
   5816.7101439762455       0.205620125       2.92886234E-05
   5819.1673511144072       0.206997916       2.94720430E-05
   5821.6245582525689       0.213964358       3.00182692E-05
   5824.0817653907307       0.210087001       2.96457001E-05
   5826.5389725288924       0.199840724       2.83123936E-05
   5828.9961796670550       0.199541107       2.87073162E-05
   5831.4533868052167       0.217814088       3.02857843E-05
   5833.9105939433784       0.208322749       2.95383652E-05
   5836.3678010815402       0.209719867       3.01292675E-05
   5838.8250082197019       0.222201139       3.05352696E-05
   5841.2822153578636       0.198511153       2.87833682E-05
   5843.7394224960262       0.200498506       2.75305283E-05
   5846.1966296341880       0.163469464       2.38895209E-05
   5848.6538367723497       0.166629508       2.37033782E-05
   5851.1110439105114       0.163016140       2.25745025E-05
   5853.5682510486731       0.146196738       2.12652885E-05
   5856.0254581868348       0.149400651       2.08807051E-05
   5858.4826653249966       0.153350443       2.21439968E-05
   5860.9398724631592       0.157512203       2.09188747E-05
   5863.3970796013209       0.160282448       1.76315934E-05
   5865.8542867394826       0.159341842       2.23013703E-05
   5868.3114938776444       0.160277784       2.18203768E-05
   5870.7687010158061       0.135119662       2.03625568E-05
   5873.2259081539678       0.153154105       2.05164324E-05
   5875.6831152921304       0.129195228       1.93649212E-05
   5878.1403224302921       0.153633967       2.10460130E-05
   5880.5975295684539       0.128878325       1.79892613E-05
   5883.0547367066156       0.100604244       1.57547929E-05
   5885.5119438447773       0.134693146       1.78421797E-05
   5887.9691509829390       0.105874345       1.53506771E-05
   5890.4263581211017        9.25724730E-02   1.35194105E-05
   5892.8835652592634        9.03515145E-02   1.21700496E-05
   5895.3407723974251        6.50795996E-02   9.96134258E-06
   5897.7979795355868       0.112873919       1.05587169E-05
   5900.2551866737485        9.01555493E-02   1.32333562E-05
   5902.7123938119103       0.127410963       1.80464522E-05
   5905.1696009500720       0.152126282       2.12183641E-05
   5907.6268080882346       0.157636791       2.19937574E-05
   5910.0840152263963       0.147462532       2.10358230E-05
   5912.5412223645581       0.145633414       2.05104170E-05
   5914.9984295027198       0.142996937       2.05950946E-05
   5917.4556366408815       0.154514000       2.12104951E-05
   5919.9128437790432       0.133593574       1.94184795E-05
   5922.3700509172058       0.144835591       2.07458197E-05
   5924.8272580553676       0.154251039       2.13014882E-05
   5927.2844651935293       0.150171161       2.17725392E-05
   5929.7416723316910       0.156773269       2.12267696E-05
   5932.1988794698527       0.126513615       1.89025668E-05
   5934.6560866080144       0.147830829       2.11382630E-05
   5937.1132937461771       0.170197323       2.36430824E-05
   5939.5705008843388       0.171860069       2.43183404E-05
   5942.0277080225005       0.172048703       2.43397299E-05
   5944.4849151606622       0.172588751       2.42343885E-05
   5946.9421222988240       0.161081880       2.27566015E-05
   5949.3993294369857       0.152956024       2.19493722E-05
   5951.8565365751474       0.155945882       2.18027908E-05
   5954.3137437133100       0.152928144       2.19490084E-05
   5956.7709508514718       0.154985577       2.11409770E-05
   5959.2281579896335       0.169677228       1.92441512E-05
   5961.6853651277952       0.153194726       2.12704854E-05
   5964.1425722659569       0.153518409       2.19383728E-05
   5966.5997794041186       0.164874882       2.28599856E-05
   5969.0569865422813       0.148880526       2.14594929E-05
   5971.5141936804430       0.158454344       2.24021805E-05
   5973.9714008186047       0.157122463       2.22318431E-05
   5976.4286079567664       0.168190286       2.41718208E-05
   5978.8858150949281       0.184155419       2.56060121E-05
   5981.3430222330899       0.183083594       2.58267592E-05
   5983.8002293712525       0.174349457       2.49195200E-05
   5986.2574365094142       0.187037885       2.65560429E-05
   5988.7146436475759       0.188326553       2.60028883E-05
   5991.1718507857377       0.173238188       2.54838033E-05
   5993.6290579238994       0.193887547       2.64390856E-05
   5996.0862650620611       0.171735317       2.50617541E-05
   5998.5434722002228       0.193400353       2.75462371E-05
   6001.0006793383855       0.201288104       2.71962890E-05
   6003.4578864765472       0.155556381       2.32425191E-05
   6005.9150936147089       0.172937244       2.49233562E-05
   6008.3723007528706       0.199799746       2.72882498E-05
   6010.8295078910323       0.176246956       2.50717367E-05
   6013.2867150291941       0.161497533       2.33271330E-05
   6015.7439221673567       0.169544980       2.38384819E-05
   6018.2011293055184       0.174029097       2.47929438E-05
   6020.6583364436801       0.183230460       2.56068470E-05
   6023.1155435818418       0.182352483       2.63105849E-05
   6025.5727507200036       0.204411343       2.84165581E-05
   6028.0299578581653       0.195431054       2.75015300E-05
   6030.4871649963279       0.181224868       2.59170629E-05
   6032.9443721344896       0.188660800       2.73324986E-05
   6035.4015792726514       0.216899514       2.94643160E-05
   6037.8587864108131       0.187795430       2.75862676E-05
   6040.3159935489748       0.216891959       3.09105817E-05
   6042.7732006871365       0.235208809       3.27332637E-05
   6045.2304078252982       0.243851602       3.49814218E-05
   6047.6876149634609       0.245732173       3.32987438E-05
   6050.1448221016226       0.203736663       3.11386248E-05
   6052.6020292397843       0.259470284       3.49485235E-05
   6055.0592363779460       0.217709914       3.12763877E-05
   6057.5164435161078       0.256696016       2.95394875E-05
   6059.9736506542704       0.218807966       3.05725989E-05
   6062.4308577924321       0.226903215       3.22850246E-05
   6064.8880649305938       0.235226229       3.31455158E-05
   6067.3452720687555       0.245140567       3.48468384E-05
   6069.8024792069173       0.258993655       3.66630702E-05
   6072.2596863450790       0.275189906       3.85816347E-05
   6074.7168934832407       0.269170672       3.80825659E-05
   6077.1741006214033       0.265227854       3.73959338E-05
   6079.6313077595651       0.255725831       3.65078740E-05
   6082.0885148977268       0.262691945       3.66975255E-05
   6084.5457220358885       0.245658189       3.52221032E-05
   6087.0029291740502       0.260614812       3.70561102E-05
   6089.4601363122119       0.272343159       3.79699632E-05
   6091.9173434503737       0.258211792       3.63022482E-05
   6094.3745505885363       0.230399847       3.30857365E-05
   6096.8317577266980       0.235577136       3.37142810E-05
   6099.2889648648597       0.254866630       3.58253237E-05
   6101.7461720030215       0.260118932       3.62447972E-05
   6104.2033791411832       0.238125235       3.42622916E-05
   6106.6605862793458       0.250400007       3.53515134E-05
   6109.1177934175075       0.244798630       3.40821643E-05
   6111.5750005556692       0.224875793       3.26556292E-05
   6114.0322076938310       0.239187092       3.32973759E-05
   6116.4894148319927       0.227516562       3.21677071E-05
   6118.9466219701544       0.219121367       3.14379758E-05
   6121.4038291083161       0.228617325       3.19019564E-05
   6123.8610362464788       0.221960604       3.18370330E-05
   6126.3182433846405       0.230481848       3.18664679E-05
   6128.7754505228022       0.205607608       2.97399183E-05
   6131.2326576609639       0.214327186       3.00776719E-05
   6133.6898647991256       0.204833522       2.90918215E-05
   6136.1470719372874       0.213236257       3.06364600E-05
   6138.6042790754491       0.228031471       3.12745397E-05
   6141.0614862136117       0.195092380       2.76715073E-05
   6143.5186933517734       0.166831896       2.46754680E-05
   6145.9759004899352       0.201904029       2.88064130E-05
   6148.4331076280969       0.222857505       3.02230637E-05
   6150.8903147662586       0.185173839       2.68530493E-05
   6153.3475219044212       0.176704645       2.52045793E-05
   6155.8047290425829       0.179437429       2.52306490E-05
   6158.2619361807447       0.173742592       2.45317915E-05
   6160.7191433189064       0.169029027       2.42114274E-05
   6163.1763504570681       0.179451972       2.51888123E-05
   6165.6335575952298       0.174442112       2.44076691E-05
   6168.0907647333916       0.163511649       2.37397689E-05
   6170.5479718715542       0.178168520       2.46712807E-05
   6173.0051790097159       0.164394349       2.32522070E-05
   6175.4623861478776       0.150709033       2.14427055E-05
   6177.9195932860393       0.143258557       2.04646331E-05
   6180.3768004242011       0.150770828       2.14771062E-05
   6182.8340075623637       0.160649747       2.24911273E-05
   6185.2912147005254       0.162307501       2.30337828E-05
   6187.7484218386871       0.161219910       2.24254090E-05
   6190.2056289768489       0.146527708       2.12755367E-05
   6192.6628361150106       0.162907526       2.32375733E-05
   6195.1200432531723       0.180439666       2.49491895E-05
   6197.5772503913340       0.168745354       2.39560904E-05
   6200.0344575294966       0.164206237       2.35386851E-05
   6202.4916646676584       0.172403142       2.40278951E-05
   6204.9488718058201       0.162455827       2.31252870E-05
   6207.4060789439818       0.165296927       2.36915912E-05
   6209.8632860821435       0.175143272       2.41964353E-05
   6212.3204932203053       0.163498163       2.37350650E-05
   6214.7777003584670       0.179621458       2.50194444E-05
   6217.2349074966296       0.171609744       2.42301612E-05
   6219.6921146347913       0.168189481       2.41943089E-05
   6222.1493217729530       0.176602840       2.44205021E-05
   6224.6065289111148       0.160518765       2.29585730E-05
   6227.0637360492765       0.157527581       2.24545420E-05
   6229.5209431874382       0.162614331       2.28464633E-05
   6231.9781503256008       0.160590768       2.28104564E-05
   6234.4353574637626       0.165293634       2.34512390E-05
   6236.8925646019243       0.170959696       2.40225036E-05
   6239.3497717400860       0.171459571       2.44244220E-05
   6241.8069788782477       0.177948311       2.48828510E-05
   6244.2641860164094       0.168502301       2.38731227E-05
   6246.7213931545721       0.166549936       2.39298715E-05
   6249.1786002927338       0.177283168       2.46336713E-05
   6251.6358074308955       0.171025366       2.46032705E-05
   6254.0930145690572       0.182475507       2.53476228E-05
   6256.5502217072190       0.164748639       2.33094415E-05
   6259.0074288453807       0.160810605       2.39055953E-05
   6261.4646359835424       0.202590913       2.77057661E-05
   6263.9218431217050       0.193359002       2.74908871E-05
   6266.3790502598667       0.194588587       2.77953004E-05
   6268.8362573980285       0.203297362       2.84193175E-05
   6271.2934645361902       0.200162277       2.85564183E-05
   6273.7506716743519       0.206441432       2.89993568E-05
   6276.2078788125136       0.201022923       2.82850760E-05
   6278.6650859506763       0.191810429       2.75980274E-05
   6281.1222930888380       0.210482210       3.00252304E-05
   6283.5795002269997       0.238186806       3.35552249E-05
   6286.0367073651614       0.255078137       3.56880955E-05
   6288.4939145033231       0.244909182       3.43994143E-05
   6290.9511216414849       0.233100384       3.39148137E-05
   6293.4083287796475       0.264771819       3.68591645E-05
   6295.8655359178092       0.257872432       3.62785177E-05
   6298.3227430559709       0.256306916       3.74432930E-05
   6300.7799501941327       0.302840084       4.18429045E-05
   6303.2371573322944       0.292269975       4.12046902E-05
   6305.6943644704561       0.282277375       4.05601095E-05
   6308.1515716086178       0.296107650       4.13372109E-05
   6310.6087787467804       0.291470140       4.18745949E-05
   6313.0659858849422       0.317385554       4.45898149E-05
   6315.5231930231039       0.322992474       4.54904439E-05
   6317.9804001612656       0.321693301       4.56378220E-05
   6320.4376072994273       0.326678604       4.62516473E-05
   6322.8948144375890       0.332773775       4.67407226E-05
   6325.3520215757508       0.322248459       4.59055227E-05
   6327.8092287139134       0.337499082       4.81655406E-05
   6330.2664358520751       0.361747324       5.04170021E-05
   6332.7236429902368       0.356062680       5.09014171E-05
   6335.1808501283986       0.375180811       5.29643221E-05
   6337.6380572665603       0.391966045       5.55867009E-05
   6340.0952644047229       0.408933669       5.72212666E-05
   6342.5524715428846       0.399206400       5.70832308E-05
   6345.0096786810464       0.421082109       5.90798336E-05
   6347.4668858192081       0.405164421       5.69131225E-05
   6349.9240929573698       0.387984306       5.61183660E-05
   6352.3813000955315       0.414834887       5.72163990E-05
   6354.8385072336932       0.372601390       5.33174461E-05
   6357.2957143718559       0.368881106       5.30624420E-05
   6359.7529215100176       0.403038651       5.63303838E-05
   6362.2101286481793       0.398878366       5.61625930E-05
   6364.6673357863410       0.389750928       5.58389547E-05
   6367.1245429245027       0.407950819       5.68363175E-05
   6369.5817500626654       0.388023853       5.56467712E-05
   6372.0389572008271       0.411889672       5.82833709E-05
   6374.4961643389888       0.423719496       5.93028853E-05
   6376.9533714771505       0.408044517       5.76724560E-05
   6379.4105786153123       0.383954912       5.44314607E-05
   6381.8677857534740       0.377599806       5.39612629E-05
   6384.3249928916357       0.388055623       5.42059315E-05
   6386.7822000297983       0.374402583       5.36848565E-05
   6389.2394071679601       0.399769604       5.67308671E-05
   6391.6966143061218       0.430013269       6.04329689E-05
   6394.1538214442835       0.436327249       6.14453311E-05
   6396.6110285824452       0.432449698       6.15510799E-05
   6399.0682357206069       0.446530372       6.27159825E-05
   6401.5254428587687       0.428639591       6.01789252E-05
   6403.9826499969313       0.401268512       5.80657834E-05
   6406.4398571350930       0.442980975       6.26422334E-05
   6408.8970642732547       0.466922373       6.48043424E-05
   6411.3542714114164       0.428677857       6.09585477E-05
   6413.8114785495782       0.410675257       5.86731403E-05
   6416.2686856877408       0.420393944       5.92253855E-05
   6418.7258928259025       0.421671271       5.97375401E-05
   6421.1830999640642       0.422546595       5.93185541E-05
   6423.6403071022260       0.403945565       5.75390586E-05
   6426.0975142403877       0.408085763       5.76786333E-05
   6428.5547213785494       0.403903037       5.68485084E-05
   6431.0119285167111       0.396539807       5.68784671E-05
   6433.4691356548738       0.428499132       6.05552377E-05
   6435.9263427930355       0.453202456       6.35427277E-05
   6438.3835499311972       0.439075679       6.15441022E-05
   6440.8407570693589       0.408243686       5.90254931E-05
   6443.2979642075206       0.443806529       6.25007451E-05
   6445.7551713456824       0.449769318       6.26999172E-05
   6448.2123784838450       0.417219371       5.97125800E-05
   6450.6695856220067       0.421198308       5.97790422E-05
   6453.1267927601684       0.430853039       6.04417692E-05
   6455.5839998983301       0.424226046       6.08119954E-05
   6458.0412070364919       0.455582917       6.38425045E-05
   6460.4984141746536       0.448530048       6.31921575E-05
   6462.9556213128162       0.435877204       6.20434221E-05
   6465.4128284509779       0.441292405       6.26114488E-05
   6467.8700355891397       0.464520216       6.58389326E-05
   6470.3272427273014       0.483216107       6.77764256E-05
   6472.7844498654631       0.479656547       6.81383681E-05
   6475.2416570036248       0.485111058       6.82168466E-05
   6477.6988641417865       0.471224725       6.67509958E-05
   6480.1560712799492       0.467993200       6.65072876E-05
   6482.6132784181109       0.471500635       6.60257720E-05
   6485.0704855562726       0.454712600       6.54804026E-05
   6487.5276926944343       0.496763200       6.99240118E-05
   6489.9848998325961       0.510806084       7.17953662E-05
   6492.4421069707587       0.507481515       7.20110402E-05
   6494.8993141089204       0.515528142       7.33082561E-05
   6497.3565212470821       0.552493691       7.82863790E-05
   6499.8137283852438       0.579868197       8.14226005E-05
   6502.2709355234056       0.601210713       8.66013288E-05
   6504.7281426615673       0.676953733       9.37420118E-05
   6507.1853497997290       0.644678533       9.15524070E-05
   6509.6425569378916       0.650860965       9.34333657E-05
   6512.0997640760534       0.703123689       9.81213307E-05
   6514.5569712142151       0.710964024       1.02086291E-04
   6517.0141783523768       0.783548236       1.09725777E-04
   6519.4713854905385       0.790723145       1.11824433E-04
   6521.9285926287002       0.819374919       1.17322685E-04
   6524.3857997668620       0.897149861       1.25304461E-04
   6526.8430069050246       0.895603001       1.26973668E-04
   6529.3002140431863       0.919316530       1.31008026E-04
   6531.7574211813480       0.991179764       1.39905373E-04
   6534.2146283195098        1.03408563       1.45199694E-04
   6536.6718354576715        1.02248085       1.44602323E-04
   6539.1290425958341        1.00061834       1.40771168E-04
   6541.5862497339958       0.943941116       1.34238406E-04
   6544.0434568721575       0.929580986       1.31548193E-04
   6546.5006640103193       0.905100584       1.27155479E-04
   6548.9578711484810       0.847626448       1.20903300E-04
   6551.4150782866427       0.852585733       1.21836259E-04
   6553.8722854248044       0.927320778       1.31247783E-04
   6556.3294925629671       0.995869875       1.40435935E-04
   6558.7866997011288        1.03785670       1.45829064E-04
   6561.2439068392905       0.993246615       1.37882671E-04
   6563.7011139774522       0.815431178       1.17168907E-04
   6566.1583211156139       0.722646773       1.03967141E-04
   6568.6155282537766       0.719335675       1.01873164E-04
   6571.0727353919374       0.733815491       1.03926766E-04
   6573.5299425301000       0.738799751       1.03298109E-04
   6575.9871496682617       0.689321518       9.81761841E-05
   6578.4443568064235       0.676885724       9.61398982E-05
   6580.9015639445852       0.688909173       9.78759708E-05
   6583.3587710827469       0.734330535       1.04301806E-04
   6585.8159782209095       0.781891167       1.09188339E-04
   6588.2731853590703       0.757446647       1.07073836E-04
   6590.7303924972330       0.723614395       1.02016362E-04
   6593.1875996353947       0.672596395       9.56351068E-05
   6595.6448067735564       0.661301017       9.45980719E-05
   6598.1020139117181       0.696497023       9.77560339E-05
   6600.5592210498799       0.692791402       9.79086471E-05
   6603.0164281880425       0.689489067       9.79406541E-05
   6605.4736353262042       0.707971990       1.00141435E-04
   6607.9308424643659       0.729065239       1.03109720E-04
   6610.3880496025276       0.744135261       1.04855186E-04
   6612.8452567406894       0.744244456       1.05576924E-04
   6615.3024638788520       0.751589417       1.05359839E-04
   6617.7596710170128       0.705785632       9.97544994E-05
   6620.2168781551754       0.660273790       9.37971345E-05
   6622.6740852933372       0.628894687       8.89764924E-05
   6625.1312924314989       0.619462371       8.90932934E-05
   6627.5884995696606       0.678213716       9.50825197E-05
   6630.0457067078223       0.680587590       9.54235802E-05
   6632.5029138459849       0.645267427       9.17570287E-05
   6634.9601209841458       0.632652998       8.95774574E-05
   6637.4173281223084       0.631919324       8.97240971E-05
   6639.8745352604701       0.647376776       9.13714757E-05
   6642.3317423986318       0.654578984       9.27139117E-05
   6644.7889495367936       0.669133186       9.42801926E-05
   6647.2461566749553       0.644667268       8.97211867E-05
   6649.7033638131179       0.554167211       7.99474292E-05
   6652.1605709512796       0.548519850       7.84510048E-05
   6654.6177780894413       0.580349743       8.14714658E-05
   6657.0749852276031       0.583243310       8.24110466E-05
   6659.5321923657648       0.581278026       8.24461385E-05
   6661.9893995039274       0.598185956       8.50701617E-05
   6664.4466066420882       0.640279949       9.06338173E-05
   6666.9038137802509       0.674645901       9.44775020E-05
   6669.3610209184126       0.661490798       9.38284575E-05
   6671.8182280565743       0.661820173       9.34114505E-05
   6674.2754351947360       0.648812592       9.17355137E-05
   6676.7326423328977       0.636693656       8.96862693E-05
   6679.1898494710604       0.588091373       8.24771923E-05
   6681.6470566092212       0.522300422       7.59279137E-05
   6684.1042637473838       0.559483767       7.89128972E-05
   6686.5614708855455       0.575425148       8.08071927E-05
   6689.0186780237073       0.574513912       8.20347923E-05
   6691.4758851618690       0.600793660       8.40943831E-05
   6693.9330923000307       0.588622391       8.38359192E-05
   6696.3902994381933       0.610200584       8.64269387E-05
   6698.8475065763550       0.628768921       8.84580222E-05
   6701.3047137145168       0.633967221       9.03254040E-05
   6703.7619208526785       0.666855037       9.38570374E-05
   6706.2191279908402       0.672467470       9.47732115E-05
   6708.6763351290019       0.659598827       9.30484021E-05
   6711.1335422671636       0.623216867       8.74594480E-05
   6713.5907494053263       0.556310594       7.96434397E-05
   6716.0479565434880       0.542825460       7.73232387E-05
   6718.5051636816497       0.553494275       7.79761831E-05
   6720.9623708198114       0.557037473       7.92123174E-05
   6723.4195779579732       0.574930072       8.07055185E-05
   6725.8767850961358       0.562851667       7.97916728E-05
   6728.3339922342975       0.565411210       8.03908333E-05
   6730.7911993724592       0.590672672       8.36420950E-05
   6733.2484065106210       0.618143916       8.69875003E-05
   6735.7056136487827       0.619348466       8.76127378E-05
   6738.1628207869444       0.631110072       8.98348371E-05
   6740.6200279251061       0.662134230       9.28688314E-05
   6743.0772350632687       0.651347458       9.18540100E-05
   6745.5344422014305       0.622889757       8.80231964E-05
   6747.9916493395922       0.597884834       8.54799728E-05
   6750.4488564777539       0.628435433       8.92208773E-05
   6752.9060636159156       0.660971463       9.24060223E-05
   6755.3632707540773       0.643757284       9.15043784E-05
   6757.8204778922391       0.651073813       9.22252002E-05
   6760.2776850304017       0.663848162       9.38437297E-05
   6762.7348921685634       0.683599234       9.73249116E-05
   6765.1920993067251       0.731075048       1.02918253E-04
   6767.6493064448869       0.745174944       1.04894520E-04
   6770.1065135830486       0.742452860       1.05781466E-04
   6772.5637207212112       0.777577758       1.09613429E-04
   6775.0209278593729       0.781841397       1.09638364E-04
   6777.4781349975347       0.739993572       1.04934334E-04
   6779.9353421356964       0.710519016       1.00553785E-04
   6782.3925492738581       0.682167470       9.64345963E-05
   6784.8497564120198       0.659316301       9.39778765E-05
   6787.3069635501815       0.675579190       9.54734278E-05
   6789.7641706883442       0.682257056       9.61476399E-05
   6792.2213778265059       0.680292785       9.67389860E-05
   6794.6785849646676       0.695304215       9.76207739E-05
   6797.1357921028293       0.683649898       9.77441377E-05
   6799.5929992409910       0.735401392       1.04317362E-04
   6802.0502063791528       0.775703192       1.08052431E-04
   6804.5074135173145       0.742765367       1.05938649E-04
   6806.9646206554771       0.752209663       1.06329193E-04
   6809.4218277936388       0.759822369       1.07564367E-04
   6811.8790349318006       0.775032282       1.09424771E-04
   6814.3362420699623       0.767727792       1.07778957E-04
   6816.7934492081240       0.727854192       1.03860883E-04
   6819.2506563462866       0.744875550       1.06072031E-04
   6821.7078634844484       0.782871008       1.09288238E-04
   6824.1650706226101       0.753053844       1.07313223E-04
   6826.6222777607718       0.773604512       1.09864399E-04
   6829.0794848989335       0.799640238       1.11987640E-04
   6831.5366920370961       0.778792679       1.10668450E-04
   6833.9938991752570       0.780459702       1.10355613E-04
   6836.4511063134196       0.788563132       1.12000183E-04
   6838.9083134515813       0.819518149       1.15675008E-04
   6841.3655205897430       0.834396780       1.17705029E-04
   6843.8227277279047       0.832624674       1.17531708E-04
   6846.2799348660665       0.814027786       1.14833019E-04
   6848.7371420042291       0.781123221       1.10617453E-04
   6851.1943491423908       0.760363460       1.08215638E-04
   6853.6515562805525       0.782165468       1.11023226E-04
   6856.1087634187143       0.819249511       1.15522824E-04
   6858.5659705568760       0.842131317       1.19288525E-04
   6861.0231776950377       0.866710603       1.21769634E-04
   6863.4803848331994       0.835777879       1.17195093E-04
   6865.9375919713621       0.754981041       1.07658721E-04
   6868.3947991095238       0.728870034       1.04371960E-04
   6870.8520062476855       0.769786716       1.08775726E-04
   6873.3092133858472       0.807278633       1.14332826E-04
   6875.7664205240089       0.851065993       1.20073084E-04
   6878.2236276621707       0.867783487       1.22073354E-04
   6880.6808348003324       0.857474208       1.21691686E-04
   6883.1380419384950       0.862384796       1.21559911E-04
   6885.5952490766567       0.851618350       1.20942757E-04
   6888.0524562148184       0.870361865       1.23048841E-04
   6890.5096633529802       0.871987700       1.22471014E-04
   6892.9668704911419       0.849486709       1.21766476E-04
   6895.4240776293036       0.906199753       1.27397405E-04
   6897.8812847674662       0.898882210       1.25623599E-04
   6900.3384919056280       0.835640371       1.20402787E-04
   6902.7956990437897       0.895020843       1.27243256E-04
   6905.2529061819514       0.963424385       1.34415546E-04
   6907.7101133201131       0.939739585       1.33544891E-04
   6910.1673204582748       0.963560939       1.37153940E-04
   6912.6245275964375       0.995735466       1.37936091E-04
   6915.0817347345992       0.892583013       1.28109255E-04
   6917.5389418727609       0.902518272       1.29499414E-04
   6919.9961490109226       0.991242230       1.39268348E-04
   6922.4533561490844        1.03680968       1.46727732E-04
   6924.9105632872470        1.07904410       1.52394976E-04
   6927.3677704254078        1.10748982       1.56306953E-04
   6929.8249775635704        1.12082732       1.58893774E-04
   6932.2821847017321        1.15422428       1.62994096E-04
   6934.7393918398939        1.16799331       1.65033984E-04
   6937.1965989780556        1.19090486       1.69793377E-04
   6939.6538061162173        1.28590584       1.82057978E-04
   6942.1110132543799        1.37192488       1.92849213E-04
   6944.5682203925408        1.39988971       1.98514099E-04
   6947.0254275307034        1.44905007       2.04010008E-04
   6949.4826346688651        1.42478061       1.99906353E-04
   6951.9398418070268        1.33038294       1.89333892E-04
   6954.3970489451885        1.29061604       1.82885342E-04
   6956.8542560833503        1.29299784       1.84843157E-04
   6959.3114632215129        1.40461743       1.98734240E-04
   6961.7686703596746        1.48744726       2.08525613E-04
   6964.2258774978363        1.48487079       2.10456623E-04
   6966.6830846359981        1.48637605       2.09065664E-04
   6969.1402917741598        1.44290435       2.05474615E-04
   6971.5974989123215        1.48119950       2.09899794E-04
   6974.0547060504832        1.52860916       2.15733817E-04
   6976.5119131886458        1.57228220       2.23302588E-04
   6978.9691203268076        1.63617206       2.29462705E-04
   6981.4263274649693        1.60322070       2.26983670E-04
   6983.8835346031310        1.58451104       2.24435687E-04
   6986.3407417412927        1.58366859       2.24038376E-04
   6988.7979488794554        1.58569002       2.23832772E-04
   6991.2551560176171        1.56347299       2.21434821E-04
   6993.7123631557788        1.57517600       2.23758601E-04
   6996.1695702939405        1.62124312       2.28159523E-04
   6998.6267774321022        1.61888278       2.29623620E-04
   7001.0839845702640        1.65248704       2.33816594E-04
   7003.5411917084257        1.68806970       2.38581997E-04
   7005.9983988465883        1.71994877       2.43235190E-04
   7008.4556059847500        1.73952281       2.45535455E-04
   7010.9128131229118        1.75574613       2.49992678E-04
   7013.3700202610735        1.85580206       2.62067508E-04
   7015.8272273992352        1.91798377       2.70137505E-04
   7018.2844345373978        1.92504632       2.72205682E-04
   7020.7416416755586        1.91984677       2.71558383E-04
   7023.1988488137213        1.95581901       2.79595581E-04
   7025.6560559518830        2.12871790       2.99762323E-04
   7028.1132630900447        2.22915077       3.15783516E-04
   7030.5704702282064        2.35514951       3.32662050E-04
   7033.0276773663682        2.43825674       3.44287022E-04
   7035.4848845045308        2.49796629       3.53009382E-04
   7037.9420916426916        2.53461576       3.58676043E-04
   7040.3992987808542        2.58777046       3.65518295E-04
   7042.8565059190159        2.60134816       3.67268571E-04
   7045.3137130571777        2.57573748       3.62605497E-04
   7047.7709201953394        2.42493892       3.40237952E-04
   7050.2281273335011        2.07583737       2.90863682E-04
   7052.6853344716637        1.51051176       2.18703106E-04
   7055.1425416098255        1.09970427       1.61779943E-04
   7057.5997487479872       0.965525210       1.38528878E-04
   7060.0569558861489       0.956154704       1.35858412E-04
   7062.5141630243106       0.966439784       1.36148024E-04
   7064.9713701624732       0.972964048       1.38945907E-04
   7067.4285773006350        1.03894138       1.46607970E-04
   7069.8857844387967        1.09256792       1.54671245E-04
   7072.3429915769584        1.13914585       1.60136842E-04
   7074.8001987151201        1.14047110       1.62054188E-04
   7077.2574058532819        1.19032550       1.68708037E-04
   7079.7146129914436        1.23243213       1.72323242E-04
   7082.1718201296062        1.16581619       1.64142504E-04
   7084.6290272677679        1.04726553       1.48306732E-04
   7087.0862344059296       0.943781137       1.34874062E-04
   7089.5434415440914       0.899615109       1.26564919E-04
   7092.0006486822531       0.828172386       1.18221469E-04
   7094.4578558204148       0.828867495       1.18609416E-04
   7096.9150629585765       0.897558749       1.26760118E-04
   7099.3722700967392       0.947084904       1.32963774E-04
   7101.8294772349009       0.944174409       1.34036833E-04
   7104.2866843730626       0.982094944       1.39837430E-04
   7106.7438915112243        1.05586672       1.48701874E-04
   7109.2010986493860        1.09453869       1.54502428E-04
   7111.6583057875478        1.11577547       1.57858914E-04
   7114.1155129257095        1.13592935       1.60313328E-04
   7116.5727200638721        1.14452183       1.62438402E-04
   7119.0299272020338        1.17405915       1.64751400E-04
   7121.4871343401956        1.11433458       1.56236711E-04
   7123.9443414783573       0.984769821       1.40044373E-04
   7126.4015486165190       0.882227004       1.25529055E-04
   7128.8587557546816       0.831871390       1.19054232E-04
   7131.3159628928424       0.853026867       1.20415665E-04
   7133.7731700310051       0.860188425       1.21371711E-04
   7136.2303771691668       0.858059585       1.21809069E-04
   7138.6875843073285       0.881559849       1.24835540E-04
   7141.1447914454911       0.909105062       1.28222993E-04
   7143.6019985836519       0.922430992       1.30729983E-04
   7146.0592057218146       0.942293704       1.32661080E-04
   7148.5164128599763       0.937352836       1.33187335E-04
   7150.9736199981380       0.962081432       1.35851049E-04
   7153.4308271362997       0.984366834       1.39864482E-04
   7155.8880342744615        1.01795387       1.41857687E-04
   7158.3452414126241       0.953921318       1.36738658E-04
   7160.8024485507858       0.995121181       1.41037293E-04
   7163.2596556889475        1.02766311       1.44406557E-04
   7165.7168628271093        1.02018738       1.43833560E-04
   7168.1740699652710       0.978182554       1.38961404E-04
   7170.6312771034327       0.998592436       1.42670571E-04
   7173.0884842415944        1.06144822       1.48702660E-04
   7175.5456913797570        1.07901919       1.53944624E-04
   7178.0028985179188        1.14005232       1.59879157E-04
   7180.4601056560805        1.14779854       1.63445831E-04
   7182.9173127942422        1.19986570       1.68694547E-04
   7185.3745199324039        1.20895183       1.72023050E-04
   7187.8317270705656        1.26487184       1.77560927E-04
   7190.2889342087274        1.23890197       1.75269044E-04
   7192.7461413468900        1.23028839       1.74066139E-04
   7195.2033484850517        1.19383287       1.67595688E-04
   7197.6605556232134        1.11970341       1.60113123E-04
   7200.1177627613752        1.13095236       1.60116222E-04
   7202.5749698995369        1.14765406       1.61813528E-04
   7205.0321770376986        1.16862595       1.67862367E-04
   7207.4893841758603        1.29625916       1.80609670E-04
   7209.9465913140230        1.27255642       1.80632589E-04
   7212.4037984521847        1.30401385       1.85340949E-04
   7214.8610055903464        1.35847700       1.91611747E-04
   7217.3182127285090        1.40528429       1.98886832E-04
   7219.7754198666698        1.43888104       2.03523363E-04
   7222.2326270048325        1.50405562       2.13692183E-04
   7224.6898341429942        1.56885254       2.19012916E-04
   7227.1470412811559        1.50742579       2.14459360E-04
   7229.6042484193176        1.50309634       2.12565050E-04
   7232.0614555574793        1.50548971       2.13489009E-04
   7234.5186626956420        1.54732776       2.19333757E-04
   7236.9758698338028        1.60816634       2.27451237E-04
   7239.4330769719654        1.68786144       2.39783549E-04
   7241.8902841101271        1.79616880       2.52502825E-04
   7244.3474912482889        1.83698142       2.61028734E-04
   7246.8046983864506        1.94238424       2.74541526E-04
   7249.2619055246123        2.01179957       2.83265457E-04
   7251.7191126627749        2.04169822       2.90129072E-04
   7254.1763198009367        2.10986805       2.96857499E-04
   7256.6335269390984        2.15185404       3.08029994E-04
   7259.0907340772601        2.32976365       3.25099099E-04
   7261.5479412154218        2.29923797       3.27858579E-04
   7264.0051483535835        2.39714646       3.36890080E-04
   7266.4623554917453        2.36505437       3.35035787E-04
   7268.9195626299079        2.36455011       3.32054158E-04
   7271.3767697680696        2.20828676       3.13491473E-04
   7273.8339769062313        2.18018866       3.12361983E-04
   7276.2911840443930        2.32570648       3.28782655E-04
   7278.7483911825548        2.48549557       3.50697926E-04
   7281.2055983207165        2.56373715       3.62604769E-04
   7283.6628054588782        2.67227578       3.77962337E-04
   7286.1200125970408        2.72797155       3.84183426E-04
   7288.5772197352026        2.74894094       3.90944973E-04
   7291.0344268733643        2.85325265       4.03266749E-04
   7293.4916340115260        2.99036837       4.25693288E-04
   7295.9488411496877        3.23773956       4.55986825E-04
   7298.4060482878504        3.34092331       4.69617953E-04
   7300.8632554260121        3.32225251       4.72997373E-04
   7303.3204625641738        3.47778654       4.92262538E-04
   7305.7776697023355        3.61672568       5.09635778E-04
   7308.2348768404972        3.69440794       5.24911680E-04
   7310.6920839786590        3.87724948       5.47245028E-04
   7313.1492911168207        3.99005270       5.63590031E-04
   7315.6064982549833        4.07379818       5.76550781E-04
   7318.0637053931450        4.15823269       5.87514776E-04
   7320.5209125313067        4.25711870       6.04534522E-04
   7322.9781196694685        4.40439844       6.16627745E-04
   7325.4353268076302        4.25774574       6.06047804E-04
   7327.8925339457928        4.34564543       6.16615172E-04
   7330.3497410839536        4.50794888       6.37270219E-04
   7332.8069482221163        4.70729542       6.67570450E-04
   7335.2641553602780        4.92984295       6.93998707E-04
   7337.7213624984397        5.00438452       7.06974417E-04
   7340.1785696366014        4.95182753       6.95137249E-04
   7342.6357767747631        4.68301916       6.67049666E-04
   7345.0929839129258        4.65022326       6.57792669E-04
   7347.5501910510866        4.64137030       6.58050471E-04
   7350.0073981892492        4.73090172       6.68491470E-04
   7352.4646053274109        4.76370478       6.73156697E-04
   7354.9218124655727        4.80600834       6.81467820E-04
   7357.3790196037344        4.93244791       6.98818068E-04
   7359.8362267418961        5.15570593       7.29934778E-04
   7362.2934338800587        5.35583544       7.54335953E-04
   7364.7506410182204        5.42805862       7.69435603E-04
   7367.2078481563822        5.55022144       7.81921612E-04
   7369.6650552945439        5.49656200       7.75727036E-04
   7372.1222624327056        5.36065531       7.58419163E-04
   7374.5794695708682        5.23388433       7.41486147E-04
   7377.0366767090300        5.23949385       7.45376572E-04
   7379.4938838471917        5.41883993       7.61961564E-04
   7381.9510909853534        5.39829302       7.66335812E-04
   7384.4082981235151        5.54405117       7.84138683E-04
   7386.8655052616768        5.62835932       7.91812432E-04
   7389.3227123998386        5.50280809       7.77683570E-04
   7391.7799195380012        5.34617376       7.58147042E-04
   7394.2371266761629        5.32340574       7.54467852E-04
   7396.6943338143246        5.40052891       7.65154138E-04
   7399.1515409524864        5.50624943       7.73688836E-04
   7401.6087480906481        5.35374975       7.58861250E-04
   7404.0659552288098        5.28942966       7.47789163E-04
   7406.5231623669715        5.24754190       7.46261037E-04
   7408.9803695051341        5.38970804       7.58000300E-04
   7411.4375766432959        5.34404087       7.59200717E-04
   7413.8947837814576        5.38569880       7.53004337E-04
   7416.3519909196193        5.10416031       7.37480528E-04
   7418.8091980577810        5.16791487       7.93045678E-04
   7421.2664051959437        5.57793331       7.79245922E-04
   7423.7236123341045        5.26200104       7.59436982E-04
   7426.1808194722671        5.52539206       7.72167463E-04
   7428.6380266104288        5.44136858       7.73249078E-04
   7431.0952337485905        5.42795181       7.61790259E-04
   7433.5524408867523        5.18343639       7.38428731E-04
   7436.0096480249140        5.22061729       7.38589792E-04
   7438.4668551630766        5.22165823       7.35214329E-04
   7440.9240623012374        5.10060596       7.23600271E-04
   7443.3812694394001        5.05211782       7.12957641E-04
   7445.8384765775618        4.98846674       7.09978631E-04
   7448.2956837157235        5.14473200       7.26324797E-04
   7450.7528908538861        5.21655655       7.36301823E-04
   7453.2100979920478        5.21683741       7.37657712E-04
   7455.6673051302096        5.21068621       7.38154573E-04
   7458.1245122683713        5.29264736       7.49091036E-04
   7460.5817194065330        5.36358500       7.56119494E-04
   7463.0389265446947        5.33882380       7.56703084E-04
   7465.4961336828565        5.38314247       7.60501076E-04
   7467.9533408210191        5.39594746       7.63556629E-04
   7470.4105479591808        5.41899443       7.64790981E-04
   7472.8677550973425        5.34403753       7.55565707E-04
   7475.3249622355042        5.30895090       7.54703535E-04
   7477.7821693736660        5.46137905       7.71532941E-04
   7480.2393765118277        5.58236074       7.90138089E-04
   7482.6965836499894        5.72339869       8.07852193E-04
   7485.1537907881520        5.75456524       8.12233484E-04
   7487.6109979263138        5.71644115       8.09070072E-04
   7490.0682050644755        5.69471598       8.05024698E-04
   7492.5254122026372        5.69223738       8.07870063E-04
   7494.9826193407989        5.84530210       8.27280513E-04
   7497.4398264789606        6.01960993       8.49959382E-04
   7499.8970336171224        6.08638191       8.57795065E-04
   7502.3542407552850        6.00885534       8.51268589E-04
   7504.8114478934467        6.01950836       8.52546887E-04
   7507.2686550316084        6.11240911       8.65637150E-04
   7509.7258621697702        6.22715759       8.76160513E-04
   7512.1830693079319        6.09533691       8.62740853E-04
   7514.6402764460936        6.04166698       8.56786035E-04
   7517.0974835842553        6.06365538       8.55082762E-04
   7519.5546907224179        5.99374819       8.49209027E-04
   7522.0118978605797        5.99255466       8.47719959E-04
   7524.4691049987414        6.03133869       8.54738930E-04
   7526.9263121369040        6.16386461       8.71890923E-04
   7529.3835192750648        6.29672146       8.89572722E-04
   7531.8407264132275        6.37621546       9.02125670E-04
   7534.2979335513892        6.51826000       9.25330562E-04
   7536.7551406895509        6.80585146       9.59476747E-04
   7539.2123478277126        6.91397429       9.76101961E-04
   7541.6695549658743        6.89435434       9.71968519E-04
   7544.1267621040370        6.74401569       9.56837845E-04
   7546.5839692421978        6.71679163       9.46503424E-04
   7549.0411763803604        6.56106281       9.34040581E-04
   7551.4983835185221        6.75181818       9.53890732E-04
   7553.9555906566839        6.81410217       9.61209997E-04
   7556.4127977948456        6.83426619       9.69869201E-04
   7558.8700049330073        6.94032621       9.76938172E-04
   7561.3272120711699        6.81403494       9.62100166E-04
   7563.7844192093316        6.61945677       9.40145226E-04
   7566.2416263474934        6.65014505       9.39930556E-04
   7568.6988334856551        6.62702799       9.37989738E-04
   7571.1560406238168        6.74297762       9.58579476E-04
   7573.6132477619785        6.99913836       9.82432626E-04
   7576.0704549001402        6.92838144       9.84022277E-04
   7578.5276620383029        7.07146025       9.98950796E-04
   7580.9848691764637        7.04461908       9.86742321E-04
   7583.4420763146263        6.47206640       9.11978248E-04
   7585.8992834527880        5.63397598       7.97663466E-04
   7588.3564905909498        4.72543526       6.71404589E-04
   7590.8136977291124        3.90679145       5.60864981E-04
   7593.2709048672732        3.44751382       4.89672297E-04
   7595.7281120054358        3.07524824       4.36239643E-04
   7598.1853191435976        2.73879313       3.87399225E-04
   7600.6425262817593        2.42171407       3.49008915E-04
   7603.0997334199219        2.50251055       3.58596531E-04
   7605.5569405580827        2.78913641       3.94509581E-04
   7608.0141476962453        3.13206315       4.47767379E-04
   7610.4713548344071        3.65245605       5.16623026E-04
   7612.9285619725688        4.13290453       5.85008936E-04
   7615.3857691107305        4.54422379       6.37793797E-04
   7617.8429762488922        4.58427429       6.39491307E-04
   7620.3001833870549        4.10476637       5.78077626E-04
   7622.7573905252157        3.42788935       4.88095655E-04
   7625.2145976633783        2.84919024       4.07885032E-04
   7627.6718048015400        2.50249696       3.58640915E-04
   7630.1290119397017        2.43512225       3.48028581E-04
   7632.5862190778635        2.53935480       3.56472709E-04
   7635.0434262160252        2.49142480       3.51493189E-04
   7637.5006333541878        2.41140366       3.42080573E-04
   7639.9578404923486        2.38298178       3.37691570E-04
   7642.4150476305113        2.40236092       3.39401682E-04
   7644.8722547686730        2.36420608       3.31882737E-04
   7647.3294619068347        2.22144175       3.16228106E-04
   7649.7866690449964        2.17243242       3.06451926E-04
   7652.2438761831581        2.05528021       2.88493320E-04
   7654.7010833213208        1.81622136       2.57379579E-04
   7657.1582904594816        1.56914151       2.22499744E-04
   7659.6154975976442        1.34229600       1.92146763E-04
   7662.0727047358059        1.23119318       1.75863650E-04
   7664.5299118739676        1.23353374       1.76853500E-04
   7666.9871190121294        1.38505828       1.97454181E-04
   7669.4443261502911        1.57370389       2.21253591E-04
   7671.9015332884537        1.71246850       2.44168739E-04
   7674.3587404266145        1.89914083       2.65413575E-04
   7676.8159475647772        1.92681158       2.74403836E-04
   7679.2731547029389        2.06497741       2.91944802E-04
   7681.7303618411006        2.13322663       2.98555562E-04
   7684.1875689792632        2.07448792       2.94882106E-04
   7686.6447761174240        2.04706955       2.87075440E-04
   7689.1019832555867        1.91227818       2.71310710E-04
   7691.5591903937484        1.78273141       2.49978912E-04
   7694.0163975319101        1.54010904       2.19991096E-04
   7696.4736046700727        1.42005920       2.03906253E-04
   7698.9308118082336        1.47004974       2.09822232E-04
   7701.3880189463962        1.65856004       2.37195665E-04
   7703.8452260845579        1.93140638       2.71933532E-04
   7706.3024332227196        2.12681794       3.01472144E-04
   7708.7596403608813        2.33388209       3.29530158E-04
   7711.2168474990431        2.47946239       3.49216774E-04
   7713.6740546372057        2.55201745       3.61648912E-04
   7716.1312617753665        2.66676211       3.77897086E-04
   7718.5884689135291        2.80894041       3.96594143E-04
   7721.0456760516909        2.91086078       4.12036403E-04
   7723.5028831898526        3.05556798       4.34358575E-04
   7725.9600903280143        3.29062366       4.63690725E-04
   7728.4172974661760        3.40474224       4.80156799E-04
   7730.8745046043387        3.47808266       4.94392414E-04
   7733.3317117424995        3.65742326       5.15274180E-04
   7735.7889188806621        3.69602919       5.19828754E-04
   7738.2461260188238        3.58513236       5.07176097E-04
   7740.7033331569855        3.46834779       4.89931728E-04
   7743.1605402951473        3.30633688       4.66676109E-04
   7745.6177474333090        3.09525681       4.39146737E-04
   7748.0749545714716        2.98344016       4.24918486E-04
   7750.5321617096324        3.02590299       4.27757623E-04
   7752.9893688477950        3.06895781       4.34452202E-04
   7755.4465759859568        3.12806559       4.41740383E-04
   7757.9037831241185        3.16073608       4.48311330E-04
   7760.3609902622811        3.28195691       4.65130637E-04
   7762.8181974004419        3.42289782       4.82854317E-04
   7765.2754045386046        3.53159642       5.01238392E-04
   7767.7326116767663        3.68213582       5.17364475E-04
   7770.1898188149280        3.67226934       5.21013513E-04
   7772.6470259530906        3.74958086       5.29466954E-04
   7775.1042330912514        3.74075055       5.26584336E-04
   7777.5614402294141        3.63086200       5.14685235E-04
   7780.0186473675749        3.55585408       5.02163603E-04
   7782.4758545057375        3.47909665       4.94996784E-04
   7784.9330616438992        3.57943821       5.07576391E-04
   7787.3902687820610        3.69940233       5.19312278E-04
   7789.8474759202236        3.65230012       5.19309950E-04
   7792.3046830583844        3.72616720       5.24446601E-04
   7794.7618901965470        3.65323186       5.16937173E-04
   7797.2190973347087        3.64720035       5.19355061E-04
   7799.6763044728705        3.82037306       5.41893300E-04
   7802.1335116110322        4.12051010       5.85648173E-04
   7804.5907187491939        4.51883316       6.37449150E-04
   7807.0479258873565        4.78221273       6.73181436E-04
   7809.5051330255174        4.85900307       6.86706335E-04
   7811.9623401636800        4.90966320       6.94367860E-04
   7814.4195473018417        4.96785784       7.02975318E-04
   7816.8767544400034        4.99156332       7.00431061E-04
   7819.3339615781651        4.71950912       6.68056426E-04
   7821.7911687163269        4.47754812       6.34835160E-04
   7824.2483758544895        4.35090876       6.19166240E-04
   7826.7055829926503        4.38772297       6.15361147E-04
   7829.1627901308129        4.16171503       5.92432683E-04
   7831.6199972689747        4.22357082       6.02630142E-04
   7834.0772044071364        4.47353029       6.28336507E-04
   7836.5344115452981        4.53082657       6.41069433E-04
   7838.9916186834598        4.59228706       6.51169627E-04
   7841.4488258216224        4.76332426       6.73364499E-04
   7843.9060329597842        4.87163305       6.87075779E-04
   7846.3632400979459        4.91220427       6.95640454E-04
   7848.8204472361076        4.95970392       6.99027034E-04
   7851.2776543742693        4.89010620       6.92420232E-04
   7853.7348615124320        4.91468096       6.99016615E-04
   7856.1920686505928        5.07751560       7.11822649E-04
   7858.6492757887554        4.92053938       6.97234238E-04
   7861.1064829269171        4.83217287       6.82617247E-04
   7863.5636900650788        4.67759991       6.61877682E-04
   7866.0208972032406        4.59570694       6.52696122E-04
   7868.4781043414023        4.62574053       6.53690193E-04
   7870.9353114795649        4.67798471       6.63714192E-04
   7873.3925186177257        4.83975649       6.86545100E-04
   7875.8497257558884        5.15045595       7.30237982E-04
   7878.3069328940501        5.46696854       7.68492115E-04
   7880.7641400322118        5.56403065       7.88549602E-04
   7883.2213471703744        5.70892620       8.04784300E-04
   7885.6785543085352        5.71242428       8.07865581E-04
   7888.1357614466979        5.71984339       8.08600045E-04
   7890.5929685848587        5.69166946       8.04052688E-04
   7893.0501757230213        5.60345650       7.89812824E-04
   7895.5073828611830        5.34653759       7.56247959E-04
   7897.9645899993448        5.15930176       7.34999485E-04
   7900.4217971375074        5.22552156       7.37484253E-04
   7902.8790042756682        5.20742655       7.34350062E-04
   7905.3362114138308        5.04302740       7.10756693E-04
   7907.7934185519925        4.75636530       6.74936862E-04
   7910.2506256901543        4.62500477       6.58424513E-04
   7912.7078328283160        4.73146200       6.69892761E-04
   7915.1650399664777        4.87181807       6.87577063E-04
   7917.6222471046403        4.90874481       6.92555448E-04
   7920.0794542428021        4.90213919       6.96892326E-04
   7922.5366613809638        5.07414627       7.17229850E-04
   7924.9938685191255        5.25066042       7.45153404E-04
   7927.4510756572872        5.54059315       7.80727947E-04
   7929.9082827954498        5.62049675       7.92429841E-04
   7932.3654899336107        5.62600040       7.98382098E-04
   7934.8226970717733        5.69493771       7.98876747E-04
   7937.2799042099350        5.36197996       7.53940083E-04
   7939.7371113480967        4.85010290       6.95459777E-04
   7942.1943184862585        4.85792828       6.89605135E-04
   7944.6515256244202        4.94557905       6.95916067E-04
   7947.1087327625828        4.94029427       7.05758634E-04
   7949.5659399007436        5.34610701       7.60385592E-04
   7952.0231470389062        5.86554050       8.22058762E-04
   7954.4803541770680        5.93339539       8.35832267E-04
   7956.9375613152297        5.82297516       8.23606737E-04
   7959.3947684533914        5.73290634       8.14011146E-04
   7961.8519755915531        5.85171223       8.29791301E-04
   7964.3091827297158        6.07831669       8.60659871E-04
   7966.7663898678766        6.38980818       9.04507644E-04
   7969.2235970060392        6.62876987       9.29123780E-04
   7971.6808041442009        6.40308571       9.03198554E-04
   7974.1380112823626        6.04900932       8.57765379E-04
   7976.5952184205253        5.81737709       8.23961105E-04
   7979.0524255586861        5.62758875       7.95148662E-04
   7981.5096326968487        5.47182751       7.80119735E-04
   7983.9668398350095        5.62279654       7.92283041E-04
   7986.4240469731722        5.59920645       7.92348350E-04
   7988.8812541113339        5.70842695       8.13807012E-04
   7991.3384612494956        6.03658581       8.46342824E-04
   7993.7956683876582        6.03433800       8.56947154E-04
   7996.2528755258199        6.19702673       8.76046601E-04
   7998.7100826639817        6.37626791       9.05310852E-04
   8001.1672898021434        6.70921135       9.45648644E-04
   8003.6244969403051        6.88424444       9.77282762E-04
   8006.0817040784677        7.24637413       1.02130650E-03
   8008.5389112166285        7.32902622       1.03430590E-03
   8010.9961183547912        7.42066383       1.05611037E-03
   8013.4533254929529        7.76115561       1.09288783E-03
   8015.9105326311146        7.86109209       1.11089647E-03
   8018.3677397692763        7.96412086       1.13186426E-03
   8020.8249469074381        8.30801964       1.16986420E-03
   8023.2821540456007        8.38612747       1.18868065E-03
   8025.7393611837615        8.65778637       1.22772215E-03
   8028.1965683219241        9.09909058       1.29041926E-03
   8030.6537754600859        9.70427036       1.36752741E-03
   8033.1109825982476        9.85582924      -1.39382435E-03
