   5529.2169088113069        5.90588525E-02  -8.35217998E-06
   5531.6741159494686        5.90518713E-02   8.36267100E-06
   5534.1313230876303        5.98217770E-02   8.48432501E-06
   5536.5885302257930        6.30756766E-02   8.96098936E-06
   5539.0457373639547        6.96862414E-02   9.85079350E-06
   5541.5029445021164        7.69243836E-02   1.07884789E-05
   5543.9601516402781        7.56575242E-02   1.06286470E-05
   5546.4173587784398        6.47430196E-02   9.39160327E-06
   5548.8745659166016        6.98902681E-02   9.66232892E-06
   5551.3317730547642        6.81780800E-02   9.77682885E-06
   5553.7889801929259        6.13210388E-02   8.86063481E-06
   5556.2461873310876        7.94647634E-02   1.10761484E-05
   5558.7033944692494        7.95492008E-02   1.16305255E-05
   5561.1606016074111       0.106719472       1.47326618E-05
   5563.6178087455728       0.110663787       1.57100803E-05
   5566.0750158837354       0.107049450       1.48946147E-05
   5568.5322230218972        8.56022909E-02   1.26588420E-05
   5570.9894301600589        9.59949344E-02   1.42306644E-05
   5573.4466372982206       0.158679336       2.16783974E-05
   5575.9038444363823       0.158265814       2.26631109E-05
   5578.3610515745440       0.155344203       2.16795816E-05
   5580.8182587127058       0.146197796       2.08254132E-05
   5583.2754658508684       0.125584409       1.82607910E-05
   5585.7326729890301       0.156912416       2.16624831E-05
   5588.1898801271918       0.151844487       2.17349625E-05
   5590.6470872653535       0.150009066       2.12533887E-05
   5593.1042944035153       0.163946480       2.29665711E-05
   5595.5615015416770       0.156273589       2.21285172E-05
   5598.0187086798396       0.143611938       2.05633987E-05
   5600.4759158180013       0.153241441       2.14235752E-05
   5602.9331229561631       0.152265027       2.16463141E-05
   5605.3903300943248       0.145665556       2.07433404E-05
   5607.8475372324865       0.161426425       2.23622519E-05
   5610.3047443706482       0.133266032       1.94253862E-05
   5612.7619515088109       0.137400448       1.95690336E-05
   5615.2191586469726       0.171182171       2.37865988E-05
   5617.6763657851343       0.164046705       2.32260481E-05
   5620.1335729232960       0.146043167       2.07228077E-05
   5622.5907800614577       0.134696558       1.91683848E-05
   5625.0479871996195       0.134857833       1.92174339E-05
   5627.5051943377821       0.149782613       2.10834587E-05
   5629.9624014759438       0.160593763       2.25401855E-05
   5632.4196086141055       0.151011690       2.14221709E-05
   5634.8768157522672       0.142434105       2.03025957E-05
   5637.3340228904290       0.148815200       2.10017351E-05
   5639.7912300285907       0.157633319       2.21004448E-05
   5642.2484371667524       0.145076320       2.09130176E-05
   5644.7056443049150       0.159431949       2.22801027E-05
   5647.1628514430768       0.167691782       2.37105069E-05
   5649.6200585812385       0.156782210       2.24430660E-05
   5652.0772657194002       0.175744176       2.45012488E-05
   5654.5344728575619       0.167708978       2.40115933E-05
   5656.9916799957236       0.173385128       2.46210475E-05
   5659.4488871338863       0.197014719       2.74781178E-05
   5661.9060942720480       0.189680651       2.67725754E-05
   5664.3633014102097       0.158393756       2.27483488E-05
   5666.8205085483714       0.157628462       2.23036423E-05
   5669.2777156865332       0.167341024       2.35234784E-05
   5671.7349228246949       0.164619192       2.34540657E-05
   5674.1921299628575       0.169835553       2.38114735E-05
   5676.6493371010192       0.168646023       2.40618192E-05
   5679.1065442391809       0.169480979       2.39697074E-05
   5681.5637513773427       0.187160790       2.61913337E-05
   5684.0209585155044       0.165929124       2.41817961E-05
   5686.4781656536661       0.200771451       2.78951647E-05
   5688.9353727918278       0.212654188       3.00770407E-05
   5691.3925799299905       0.202586338       2.86897921E-05
   5693.8497870681522       0.201769352       2.85147107E-05
   5696.3069942063139       0.197456330       2.79506166E-05
   5698.7642013444756       0.196307316       2.77314757E-05
   5701.2214084826373       0.192307830       2.71951922E-05
   5703.6786156207991       0.188034385       2.66328843E-05
   5706.1358227589617       0.185867801       2.65367416E-05
   5708.5930298971234       0.205773383       2.88484807E-05
   5711.0502370352851       0.212586164       2.99794629E-05
   5713.5074441734469       0.199604928       2.82533219E-05
   5715.9646513116086       0.189818859       2.69702796E-05
   5718.4218584497703       0.187900186       2.66416064E-05
   5720.8790655879329       0.199111268       2.79017950E-05
   5723.3362727260946       0.186180532       2.68779768E-05
   5725.7934798642564       0.209755257       2.92072782E-05
   5728.2506870024181       0.217785701       3.08210401E-05
   5730.7078941405798       0.198039055       2.81599769E-05
   5733.1651012787415       0.204956353       2.89463806E-05
   5735.6223084169033       0.201502636       2.86685372E-05
   5738.0795155550659       0.219996452       3.05800349E-05
   5740.5367226932276       0.187372923       2.73729056E-05
   5742.9939298313893       0.211397439       2.92807854E-05
   5745.4511369695510       0.218796149       3.13256205E-05
   5747.9083441077128       0.219825447       3.10624491E-05
   5750.3655512458745       0.249020532       3.50229166E-05
   5752.8227583840371       0.235276759       3.34124670E-05
   5755.2799655221988       0.247785345       3.47531386E-05
   5757.7371726603606       0.217479855       3.11713593E-05
   5760.1943797985223       0.229304805       3.21180705E-05
   5762.6515869366840       0.211993054       3.03877914E-05
   5765.1087940748457       0.230224252       3.20364234E-05
   5767.5660012130083       0.205873907       2.97465467E-05
   5770.0232083511701       0.222112089       3.10225114E-05
   5772.4804154893318       0.226266161       3.19984392E-05
   5774.9376226274935       0.212780312       3.01509372E-05
   5777.3948297656552       0.207452506       2.95297814E-05
   5779.8520369038170       0.218309537       3.08767958E-05
   5782.3092440419787       0.235826045       3.33545249E-05
   5784.7664511801413       0.249702916       3.51347444E-05
   5787.2236583183030       0.251910567       3.56641540E-05
   5789.6808654564647       0.246309325       3.50251030E-05
   5792.1380725946265       0.263600796       3.71684473E-05
   5794.5952797327882       0.272020042       3.82343169E-05
   5797.0524868709508       0.261304110       3.72344075E-05
   5799.5096940091125       0.259097248       3.64836742E-05
   5801.9669011472743       0.264913857       3.75112941E-05
   5804.4241082854360       0.251672029       3.58895704E-05
   5806.8813154235977       0.279641330       3.89125671E-05
   5809.3385225617594       0.246104807       3.52408642E-05
   5811.7957296999211       0.235735893       3.32306190E-05
   5814.2529368380838       0.227133840       3.22105152E-05
   5816.7101439762455       0.224783584       3.16253645E-05
   5819.1673511144072       0.206737757       2.98342784E-05
   5821.6245582525689       0.233486459       3.23765344E-05
   5824.0817653907307       0.228928238       3.26904519E-05
   5826.5389725288924       0.215910181       3.06213224E-05
   5828.9961796670550       0.235463902       3.29857430E-05
   5831.4533868052167       0.212330326       3.06571965E-05
   5833.9105939433784       0.240812197       3.36226767E-05
   5836.3678010815402       0.247567281       3.48732210E-05
   5838.8250082197019       0.227445260       3.22992782E-05
   5841.2822153578636       0.211352423       3.00641386E-05
   5843.7394224960262       0.218757555       3.06157126E-05
   5846.1966296341880       0.198992431       2.83242462E-05
   5848.6538367723497       0.184285641       2.58266082E-05
   5851.1110439105114       0.154775038       2.24119594E-05
   5853.5682510486731       0.154147476       2.17380984E-05
   5856.0254581868348       0.173096329       2.44916009E-05
   5858.4826653249966       0.175484642       2.45582305E-05
   5860.9398724631592       0.171906546       2.45314568E-05
   5863.3970796013209       0.157837331       2.24889500E-05
   5865.8542867394826       0.182589620       2.54219394E-05
   5868.3114938776444       0.149900496       2.16875960E-05
   5870.7687010158061       0.162630141       2.26125394E-05
   5873.2259081539678       0.142113313       2.06780605E-05
   5875.6831152921304       0.165592104       2.29132547E-05
   5878.1403224302921       0.158492580       2.25464246E-05
   5880.5975295684539       0.148049891       2.06503191E-05
   5883.0547367066156       0.111856468       1.63268815E-05
   5885.5119438447773       0.104065895       1.47795954E-05
   5887.9691509829390       0.120075069       1.70685453E-05
   5890.4263581211017       0.136572465       1.86987836E-05
   5892.8835652592634       0.109283023       1.59751689E-05
   5895.3407723974251        8.14770311E-02   1.22163119E-05
   5897.7979795355868       0.126588315       1.71702759E-05
   5900.2551866737485       0.108876958       1.62081960E-05
   5902.7123938119103       0.137873024       1.90826540E-05
   5905.1696009500720       0.157651156       2.21873834E-05
   5907.6268080882346       0.141842484       2.03423751E-05
   5910.0840152263963       0.153588355       2.16196513E-05
   5912.5412223645581       0.162545472       2.30439982E-05
   5914.9984295027198       0.171888858       2.41693688E-05
   5917.4556366408815       0.172614649       2.44472867E-05
   5919.9128437790432       0.169476405       2.42309889E-05
   5922.3700509172058       0.190214306       2.64765695E-05
   5924.8272580553676       0.184646323       2.62183057E-05
   5927.2844651935293       0.165556893       2.36054784E-05
   5929.7416723316910       0.174196571       2.43510240E-05
   5932.1988794698527       0.157379791       2.26037100E-05
   5934.6560866080144       0.162286565       2.28479075E-05
   5937.1132937461771       0.171019748       2.41378366E-05
   5939.5705008843388       0.168403462       2.41087619E-05
   5942.0277080225005       0.189124480       2.65888393E-05
   5944.4849151606622       0.205873132       2.88486535E-05
   5946.9421222988240       0.189287737       2.69537049E-05
   5949.3993294369857       0.181967005       2.57478223E-05
   5951.8565365751474       0.182180986       2.59184271E-05
   5954.3137437133100       0.193630084       2.71422905E-05
   5956.7709508514718       0.192498267       2.71183726E-05
   5959.2281579896335       0.167275995       2.40778318E-05
   5961.6853651277952       0.176968068       2.48958168E-05
   5964.1425722659569       0.188982636       2.65764265E-05
   5966.5997794041186       0.179517448       2.54797706E-05
   5969.0569865422813       0.175337568       2.46285745E-05
   5971.5141936804430       0.160053894       2.28337667E-05
   5973.9714008186047       0.151775226       2.18057412E-05
   5976.4286079567664       0.179548070       2.50371395E-05
   5978.8858150949281       0.184692532       2.62951926E-05
   5981.3430222330899       0.189200878       2.68195254E-05
   5983.8002293712525       0.209499240       2.91609394E-05
   5986.2574365094142       0.185460642       2.66229454E-05
   5988.7146436475759       0.178028941       2.52599984E-05
   5991.1718507857377       0.194554657       2.72191519E-05
   5993.6290579238994       0.182104975       2.61001169E-05
   5996.0862650620611       0.189957157       2.66586685E-05
   5998.5434722002228       0.195816189       2.77681957E-05
   6001.0006793383855       0.193124399       2.72513171E-05
   6003.4578864765472       0.196950391       2.78642729E-05
   6005.9150936147089       0.189258412       2.69559259E-05
   6008.3723007528706       0.206698030       2.89543168E-05
   6010.8295078910323       0.197418123       2.81925513E-05
   6013.2867150291941       0.207680851       2.91348115E-05
   6015.7439221673567       0.204223633       2.88935244E-05
   6018.2011293055184       0.194743589       2.78380776E-05
   6020.6583364436801       0.208016589       2.90712596E-05
   6023.1155435818418       0.208498970       2.94416441E-05
   6025.5727507200036       0.177181080       2.56289404E-05
   6028.0299578581653       0.201718122       2.79427641E-05
   6030.4871649963279       0.188623309       2.71424633E-05
   6032.9443721344896       0.193341553       2.73897604E-05
   6035.4015792726514       0.221044138       3.12416159E-05
   6037.8587864108131       0.238332927       3.34791803E-05
   6040.3159935489748       0.241961002       3.43203465E-05
   6042.7732006871365       0.238905251       3.39055332E-05
   6045.2304078252982       0.257864952       3.61938473E-05
   6047.6876149634609       0.247417927       3.54527911E-05
   6050.1448221016226       0.271536320       3.78525074E-05
   6052.6020292397843       0.263984472       3.77253054E-05
   6055.0592363779460       0.264896989       3.73897747E-05
   6057.5164435161078       0.282627374       3.98096890E-05
   6059.9736506542704       0.271020383       3.84338746E-05
   6062.4308577924321       0.273705840       3.86702231E-05
   6064.8880649305938       0.267775565       3.77760589E-05
   6067.3452720687555       0.262222052       3.73446564E-05
   6069.8024792069173       0.262817413       3.72829090E-05
   6072.2596863450790       0.294253170       4.12820991E-05
   6074.7168934832407       0.281416863       4.00157587E-05
   6077.1741006214033       0.291786730       4.11072360E-05
   6079.6313077595651       0.281755149       3.98375741E-05
   6082.0885148977268       0.280207753       3.94015333E-05
   6084.5457220358885       0.239120990       3.47072419E-05
   6087.0029291740502       0.274653286       3.84122468E-05
   6089.4601363122119       0.293626994       4.17588053E-05
   6091.9173434503737       0.316081762       4.37058261E-05
   6094.3745505885363       0.263523698       3.82090693E-05
   6096.8317577266980       0.237744212       3.38606151E-05
   6099.2889648648597       0.278424919       3.88767730E-05
   6101.7461720030215       0.255046219       3.66086388E-05
   6104.2033791411832       0.277039647       3.87481196E-05
   6106.6605862793458       0.269704878       3.81977261E-05
   6109.1177934175075       0.259553134       3.66992281E-05
   6111.5750005556692       0.242493957       3.45763219E-05
   6114.0322076938310       0.257012576       3.59940241E-05
   6116.4894148319927       0.241634324       3.46490997E-05
   6118.9466219701544       0.258736968       3.59831683E-05
   6121.4038291083161       0.240939721       3.44964246E-05
   6123.8610362464788       0.230063781       3.24771463E-05
   6126.3182433846405       0.239795655       3.39762773E-05
   6128.7754505228022       0.237994865       3.36650264E-05
   6131.2326576609639       0.252176791       3.52230709E-05
   6133.6898647991256       0.211258709       3.05301328E-05
   6136.1470719372874       0.218496680       3.06692309E-05
   6138.6042790754491       0.225047365       3.20159597E-05
   6141.0614862136117       0.237369567       3.31500451E-05
   6143.5186933517734       0.223622471       3.18061830E-05
   6145.9759004899352       0.203810036       2.90150710E-05
   6148.4331076280969       0.212824658       2.98852592E-05
   6150.8903147662586       0.204197779       2.92059303E-05
   6153.3475219044212       0.216967463       3.02694971E-05
   6155.8047290425829       0.208902940       2.97705283E-05
   6158.2619361807447       0.197156519       2.77816944E-05
   6160.7191433189064       0.196088657       2.78047064E-05
   6163.1763504570681       0.183220714       2.60481684E-05
   6165.6335575952298       0.196802586       2.76737446E-05
   6168.0907647333916       0.187035024       2.66336883E-05
   6170.5479718715542       0.198818967       2.78306525E-05
   6173.0051790097159       0.180406690       2.58289892E-05
   6175.4623861478776       0.187328726       2.60823435E-05
   6177.9195932860393       0.163141295       2.36924043E-05
   6180.3768004242011       0.177210987       2.47347398E-05
   6182.8340075623637       0.188319981       2.66028310E-05
   6185.2912147005254       0.174721032       2.46835425E-05
   6187.7484218386871       0.167816281       2.41055059E-05
   6190.2056289768489       0.180944934       2.52971495E-05
   6192.6628361150106       0.193775922       2.74278646E-05
   6195.1200432531723       0.176003039       2.51039073E-05
   6197.5772503913340       0.196374536       2.72663656E-05
   6200.0344575294966       0.152768180       2.25147924E-05
   6202.4916646676584       0.179658875       2.50044814E-05
   6204.9488718058201       0.194010124       2.73195146E-05
   6207.4060789439818       0.185502976       2.63808597E-05
   6209.8632860821435       0.181097791       2.56049843E-05
   6212.3204932203053       0.190028176       2.65807139E-05
   6214.7777003584670       0.158455163       2.28291756E-05
   6217.2349074966296       0.160698190       2.26841912E-05
   6219.6921146347913       0.167392075       2.36077267E-05
   6222.1493217729530       0.171288252       2.42939896E-05
   6224.6065289111148       0.171598047       2.43488303E-05
   6227.0637360492765       0.188965693       2.65393537E-05
   6229.5209431874382       0.182368368       2.59411154E-05
   6231.9781503256008       0.191181436       2.68103686E-05
   6234.4353574637626       0.177706227       2.53721428E-05
   6236.8925646019243       0.182638362       2.55333289E-05
   6239.3497717400860       0.166492924       2.40255995E-05
   6241.8069788782477       0.180229917       2.51922265E-05
   6244.2641860164094       0.188593552       2.67424402E-05
   6246.7213931545721       0.183590695       2.60487213E-05
   6249.1786002927338       0.196917206       2.75764196E-05
   6251.6358074308955       0.181187660       2.59212084E-05
   6254.0930145690572       0.185851052       2.60520719E-05
   6256.5502217072190       0.180268452       2.57928405E-05
   6259.0074288453807       0.189315051       2.65634462E-05
   6261.4646359835424       0.195523068       2.78227399E-05
   6263.9218431217050       0.200706989       2.82031633E-05
   6266.3790502598667       0.206595227       2.93808407E-05
   6268.8362573980285       0.206360564       2.95512164E-05
   6271.2934645361902       0.249942824       3.44982218E-05
   6273.7506716743519       0.217271775       3.15341131E-05
   6276.2078788125136       0.226722598       3.16654259E-05
   6278.6650859506763       0.236631557       3.36566118E-05
   6281.1222930888380       0.233989179       3.32208183E-05
   6283.5795002269997       0.261329770       3.66377135E-05
   6286.0367073651614       0.250706583       3.56751552E-05
   6288.4939145033231       0.258201003       3.66945605E-05
   6290.9511216414849       0.278664708       3.90363130E-05
   6293.4083287796475       0.284311950       4.01344369E-05
   6295.8655359178092       0.250416279       3.57911049E-05
   6298.3227430559709       0.263842374       3.75013660E-05
   6300.7799501941327       0.285858214       4.04616403E-05
   6303.2371573322944       0.329149812       4.60590818E-05
   6305.6943644704561       0.305815637       4.37029703E-05
   6308.1515716086178       0.324779600       4.54179972E-05
   6310.6087787467804       0.297760040       4.31863336E-05
   6313.0659858849422       0.349383861       4.84718039E-05
   6315.5231930231039       0.354649156       5.03839110E-05
   6317.9804001612656       0.336591154       4.76316745E-05
   6320.4376072994273       0.342455953       4.81647294E-05
   6322.8948144375890       0.314458251       4.52185523E-05
   6325.3520215757508       0.343396783       4.83306430E-05
   6327.8092287139134       0.376705766       5.30171528E-05
   6330.2664358520751       0.370294899       5.27665397E-05
   6332.7236429902368       0.394061923       5.55371189E-05
   6335.1808501283986       0.413980514       5.81460554E-05
   6337.6380572665603       0.389926314       5.55584993E-05
   6340.0952644047229       0.386727959       5.47676354E-05
   6342.5524715428846       0.409090966       5.82789362E-05
   6345.0096786810464       0.455527216       6.35135511E-05
   6347.4668858192081       0.453105420       6.43903113E-05
   6349.9240929573698       0.417792380       5.95223173E-05
   6352.3813000955315       0.457995117       6.39302671E-05
   6354.8385072336932       0.407397926       5.84777445E-05
   6357.2957143718559       0.420117378       5.88926778E-05
   6359.7529215100176       0.407840788       5.80681735E-05
   6362.2101286481793       0.414806783       5.85861817E-05
   6364.6673357863410       0.425214678       6.02955370E-05
   6367.1245429245027       0.448775142       6.28657581E-05
   6369.5817500626654       0.422932625       6.03831395E-05
   6372.0389572008271       0.423724592       5.95176389E-05
   6374.4961643389888       0.418610662       5.94371559E-05
   6376.9533714771505       0.404101312       5.72319768E-05
   6379.4105786153123       0.420885056       5.92159668E-05
   6381.8677857534740       0.396070004       5.66174749E-05
   6384.3249928916357       0.423316836       5.90440759E-05
   6386.7822000297983       0.395234734       5.67071329E-05
   6389.2394071679601       0.403035015       5.67247116E-05
   6391.6966143061218       0.427142680       6.06049325E-05
   6394.1538214442835       0.437740624       6.17417245E-05
   6396.6110285824452       0.461140096       6.51853188E-05
   6399.0682357206069       0.451920152       6.38709462E-05
   6401.5254428587687       0.463821977       6.56099655E-05
   6403.9826499969313       0.446284026       6.34338794E-05
   6406.4398571350930       0.483339876       6.76826239E-05
   6408.8970642732547       0.440722793       6.30434806E-05
   6411.3542714114164       0.459812224       6.46798653E-05
   6413.8114785495782       0.454017967       6.45999680E-05
   6416.2686856877408       0.484135330       6.76250493E-05
   6418.7258928259025       0.439422727       6.28628113E-05
   6421.1830999640642       0.435311586       6.11498326E-05
   6423.6403071022260       0.419145435       5.98417973E-05
   6426.0975142403877       0.432244778       6.07716247E-05
   6428.5547213785494       0.441533983       6.23780797E-05
   6431.0119285167111       0.421025097       5.97993567E-05
   6433.4691356548738       0.430435568       6.09644594E-05
   6435.9263427930355       0.447524697       6.32614028E-05
   6438.3835499311972       0.471052825       6.60758087E-05
   6440.8407570693589       0.438461453       6.28402122E-05
   6443.2979642075206       0.460400999       6.46091939E-05
   6445.7551713456824       0.473708570       6.68607754E-05
   6448.2123784838450       0.443442822       6.29538772E-05
   6450.6695856220067       0.442355782       6.25973043E-05
   6453.1267927601684       0.442694575       6.28076232E-05
   6455.5839998983301       0.467915446       6.57238124E-05
   6458.0412070364919       0.454427272       6.45595937E-05
   6460.4984141746536       0.453763574       6.44156680E-05
   6462.9556213128162       0.481831431       6.78692886E-05
   6465.4128284509779       0.496725112       7.02035322E-05
   6467.8700355891397       0.490092307       6.96744683E-05
   6470.3272427273014       0.521212995       7.31596592E-05
   6472.7844498654631       0.511838078       7.25689970E-05
   6475.2416570036248       0.499373823       7.09680462E-05
   6477.6988641417865       0.523681104       7.36919174E-05
   6480.1560712799492       0.529759049       7.49720275E-05
   6482.6132784181109       0.519460738       7.32614717E-05
   6485.0704855562726       0.506623745       7.21533725E-05
   6487.5276926944343       0.513278246       7.26607250E-05
   6489.9848998325961       0.560054719       7.88560355E-05
   6492.4421069707587       0.552737057       7.84845033E-05
   6494.8993141089204       0.582132578       8.24495219E-05
   6497.3565212470821       0.609925628       8.58064159E-05
   6499.8137283852438       0.627688646       8.87841452E-05
   6502.2709355234056       0.595880985       8.51369914E-05
   6504.7281426615673       0.668236494       9.39366000E-05
   6507.1853497997290       0.683922231       9.67897286E-05
   6509.6425569378916       0.714504480       1.00412944E-04
   6512.0997640760534       0.661181211       9.49554378E-05
   6514.5569712142151       0.730774224       1.02810765E-04
   6517.0141783523768       0.781575263       1.10519381E-04
   6519.4713854905385       0.818828762       1.16086863E-04
   6521.9285926287002       0.864792109       1.22188649E-04
   6524.3857997668620       0.927408695       1.30388362E-04
   6526.8430069050246       0.892515361       1.27581327E-04
   6529.3002140431863       0.964970589       1.35450799E-04
   6531.7574211813480       0.987847269       1.40414792E-04
   6534.2146283195098        1.02755260       1.45262777E-04
   6536.6718354576715        1.09663844       1.53804460E-04
   6539.1290425958341        1.04165137       1.48128936E-04
   6541.5862497339958        1.01009834       1.42641016E-04
   6544.0434568721575        1.00612223       1.41802593E-04
   6546.5006640103193       0.929274440       1.32003304E-04
   6548.9578711484810       0.898330986       1.27116175E-04
   6551.4150782866427       0.884750664       1.25707957E-04
   6553.8722854248044       0.924690247       1.31536188E-04
   6556.3294925629671        1.03343713       1.47499406E-04
   6558.7866997011288        1.24897122       1.73802517E-04
   6561.2439068392905        1.26065612       1.77580878E-04
   6563.7011139774522        1.07520080       1.52396300E-04
   6566.1583211156139       0.912355185       1.29599081E-04
   6568.6155282537766       0.749295890       1.07555104E-04
   6571.0727353919374       0.752022982       1.05936866E-04
   6573.5299425301000       0.753230989       1.06163883E-04
   6575.9871496682617       0.717352331       1.01800892E-04
   6578.4443568064235       0.681506932       9.74601280E-05
   6580.9015639445852       0.762361765       1.06640357E-04
   6583.3587710827469       0.760478675       1.07985907E-04
   6585.8159782209095       0.759025335       1.07123968E-04
   6588.2731853590703       0.759436667       1.07319363E-04
   6590.7303924972330       0.740748465       1.05006096E-04
   6593.1875996353947       0.741854727       1.04644343E-04
   6595.6448067735564       0.732122838       1.03667393E-04
   6598.1020139117181       0.715277612       1.01595411E-04
   6600.5592210498799       0.748334110       1.05186409E-04
   6603.0164281880425       0.735675991       1.04348823E-04
   6605.4736353262042       0.724617541       1.02988437E-04
   6607.9308424643659       0.771191359       1.08333828E-04
   6610.3880496025276       0.771024883       1.09328685E-04
   6612.8452567406894       0.761524200       1.07484331E-04
   6615.3024638788520       0.761107624       1.07336629E-04
   6617.7596710170128       0.707212090       1.00830337E-04
   6620.2168781551754       0.725465357       1.01596888E-04
   6622.6740852933372       0.682023644       9.71427580E-05
   6625.1312924314989       0.651796103       9.27502115E-05
   6627.5884995696606       0.704578102       9.93806971E-05
   6630.0457067078223       0.738018632       1.03548511E-04
   6632.5029138459849       0.700403452       9.96522940E-05
   6634.9601209841458       0.670228302       9.47431181E-05
   6637.4173281223084       0.681495607       9.62858903E-05
   6639.8745352604701       0.650669217       9.28028021E-05
   6642.3317423986318       0.707235754       9.90084081E-05
   6644.7889495367936       0.680957317       9.64730134E-05
   6647.2461566749553       0.648259997       9.14612974E-05
   6649.7033638131179       0.590304554       8.40658686E-05
   6652.1605709512796       0.582535326       8.24572344E-05
   6654.6177780894413       0.590885818       8.36437903E-05
   6657.0749852276031       0.615552366       8.66446644E-05
   6659.5321923657648       0.596797287       8.50629731E-05
   6661.9893995039274       0.627448916       8.82921231E-05
   6664.4466066420882       0.640739322       9.08313159E-05
   6666.9038137802509       0.652247965       9.22226391E-05
   6669.3610209184126       0.675740123       9.54557181E-05
   6671.8182280565743       0.682295501       9.67120723E-05
   6674.2754351947360       0.707502007       9.94872535E-05
   6676.7326423328977       0.692389905       9.75548537E-05
   6679.1898494710604       0.619629860       8.84067122E-05
   6681.6470566092212       0.599009454       8.46734911E-05
   6684.1042637473838       0.607756972       8.58015846E-05
   6686.5614708855455       0.588663220       8.37654807E-05
   6689.0186780237073       0.616479278       8.64193571E-05
   6691.4758851618690       0.594056427       8.49065909E-05
   6693.9330923000307       0.613142371       8.60959481E-05
   6696.3902994381933       0.629087448       8.94172699E-05
   6698.8475065763550       0.630943894       8.95857011E-05
   6701.3047137145168       0.705270708       9.87715975E-05
   6703.7619208526785       0.672009587       9.56851945E-05
   6706.2191279908402       0.686104715       9.65585350E-05
   6708.6763351290019       0.666137636       9.45303618E-05
   6711.1335422671636       0.670565605       9.42460465E-05
   6713.5907494053263       0.623685002       8.86555863E-05
   6716.0479565434880       0.602768540       8.50795404E-05
   6718.5051636816497       0.577091455       8.19834968E-05
   6720.9623708198114       0.580077648       8.18775006E-05
   6723.4195779579732       0.579124629       8.21205540E-05
   6725.8767850961358       0.591735542       8.36857653E-05
   6728.3339922342975       0.610915244       8.62350571E-05
   6730.7911993724592       0.616614461       8.73023964E-05
   6733.2484065106210       0.622679532       8.80123698E-05
   6735.7056136487827       0.633014500       8.98845246E-05
   6738.1628207869444       0.663460970       9.37533987E-05
   6740.6200279251061       0.707391798       9.88797547E-05
   6743.0772350632687       0.635903895       9.10390081E-05
   6745.5344422014305       0.617176116       8.72518212E-05
   6747.9916493395922       0.645555258       9.08938309E-05
   6750.4488564777539       0.618381143       8.80441949E-05
   6752.9060636159156       0.638751507       9.00829036E-05
   6755.3632707540773       0.653816879       9.27033034E-05
   6757.8204778922391       0.677504897       9.55795913E-05
   6760.2776850304017       0.693089426       9.84616345E-05
   6762.7348921685634       0.729604423       1.02802682E-04
   6765.1920993067251       0.758839905       1.07681350E-04
   6767.6493064448869       0.786987484       1.10709872E-04
   6770.1065135830486       0.801996112       1.13585978E-04
   6772.5637207212112       0.777652562       1.10344430E-04
   6775.0209278593729       0.824622512       1.15417381E-04
   6777.4781349975347       0.742195308       1.06179461E-04
   6779.9353421356964       0.743846655       1.04133047E-04
   6782.3925492738581       0.687713146       9.82264537E-05
   6784.8497564120198       0.670743525       9.46982473E-05
   6787.3069635501815       0.684484422       9.68337117E-05
   6789.7641706883442       0.679460943       9.63674684E-05
   6792.2213778265059       0.709705889       9.99016629E-05
   6794.6785849646676       0.701884508       9.98093892E-05
   6797.1357921028293       0.725204289       1.02366248E-04
   6799.5929992409910       0.754585207       1.06414023E-04
   6802.0502063791528       0.743245244       1.05792053E-04
   6804.5074135173145       0.781945527       1.09705987E-04
   6806.9646206554771       0.776099503       1.09793174E-04
   6809.4218277936388       0.723497748       1.03193001E-04
   6811.8790349318006       0.763236225       1.07211818E-04
   6814.3362420699623       0.759702086       1.07921798E-04
   6816.7934492081240       0.770657778       1.08611457E-04
   6819.2506563462866       0.775049210       1.09714681E-04
   6821.7078634844484       0.763304174       1.08020300E-04
   6824.1650706226101       0.774412632       1.09777982E-04
   6826.6222777607718       0.795614243       1.12510170E-04
   6829.0794848989335       0.837358415       1.17979238E-04
   6831.5366920370961       0.823785543       1.16930270E-04
   6833.9938991752570       0.845698953       1.19092991E-04
   6836.4511063134196       0.831024289       1.17829411E-04
   6838.9083134515813       0.828598320       1.17238596E-04
   6841.3655205897430       0.839927733       1.18617660E-04
   6843.8227277279047       0.841883540       1.18717609E-04
   6846.2799348660665       0.803052664       1.14297502E-04
   6848.7371420042291       0.816743553       1.14895098E-04
   6851.1943491423908       0.809302807       1.14368828E-04
   6853.6515562805525       0.758574665       1.07807959E-04
   6856.1087634187143       0.762133777       1.08491557E-04
   6858.5659705568760       0.828614414       1.15990115E-04
   6861.0231776950377       0.831677258       1.17417323E-04
   6863.4803848331994       0.739937723       1.06024410E-04
   6865.9375919713621       0.786598444       1.10111512E-04
   6868.3947991095238       0.764795244       1.08931665E-04
   6870.8520062476855       0.771224022       1.09398119E-04
   6873.3092133858472       0.832933605       1.17881122E-04
   6875.7664205240089       0.902276337       1.27309046E-04
   6878.2236276621707       0.944481969       1.32842353E-04
   6880.6808348003324       0.919208705       1.29653097E-04
   6883.1380419384950       0.830422044       1.18506083E-04
   6885.5952490766567       0.823051810       1.16500400E-04
   6888.0524562148184       0.862070620       1.21748722E-04
   6890.5096633529802       0.877880037       1.24182465E-04
   6892.9668704911419       0.897674739       1.26456216E-04
   6895.4240776293036       0.872657657       1.23957085E-04
   6897.8812847674662       0.876732409       1.24319922E-04
   6900.3384919056280       0.929538846       1.30572109E-04
   6902.7956990437897       0.914666474       1.30432934E-04
   6905.2529061819514       0.950492918       1.33479814E-04
   6907.7101133201131       0.969243765       1.37481402E-04
   6910.1673204582748       0.947286248       1.33834270E-04
   6912.6245275964375       0.977886677       1.37757961E-04
   6915.0817347345992       0.898437083       1.28350657E-04
   6917.5389418727609       0.955740094       1.34424845E-04
   6919.9961490109226       0.952419162       1.35400303E-04
   6922.4533561490844        1.01228416       1.42847974E-04
   6924.9105632872470        1.03743792       1.47420811E-04
   6927.3677704254078        1.13425040       1.59125833E-04
   6929.8249775635704        1.11566889       1.58662617E-04
   6932.2821847017321        1.14847064       1.61803982E-04
   6934.7393918398939        1.14928269       1.63570570E-04
   6937.1965989780556        1.21771836       1.71646578E-04
   6939.6538061162173        1.27235401       1.80694304E-04
   6942.1110132543799        1.35499442       1.91010855E-04
   6944.5682203925408        1.42475951       2.01068149E-04
   6947.0254275307034        1.41234601       1.99636037E-04
   6949.4826346688651        1.40439546       1.98541748E-04
   6951.9398418070268        1.36353457       1.93241824E-04
   6954.3970489451885        1.37882638       1.94697088E-04
   6956.8542560833503        1.35873449       1.92688531E-04
   6959.3114632215129        1.39309251       1.96863184E-04
   6961.7686703596746        1.41269374       2.00208553E-04
   6964.2258774978363        1.47786033       2.07820267E-04
   6966.6830846359981        1.44172084       2.04989381E-04
   6969.1402917741598        1.46354306       2.06957877E-04
   6971.5974989123215        1.52510977       2.14843749E-04
   6974.0547060504832        1.50642860       2.13632607E-04
   6976.5119131886458        1.50592029       2.13492909E-04
   6978.9691203268076        1.58034790       2.22804170E-04
   6981.4263274649693        1.59931111       2.26149248E-04
   6983.8835346031310        1.59741998       2.25595257E-04
   6986.3407417412927        1.56896853       2.22253831E-04
   6988.7979488794554        1.55993223       2.20916350E-04
   6991.2551560176171        1.59187663       2.24490257E-04
   6993.7123631557788        1.57935369       2.24101095E-04
   6996.1695702939405        1.59910524       2.25748096E-04
   6998.6267774321022        1.62959826       2.30652062E-04
   7001.0839845702640        1.63341999       2.31636019E-04
   7003.5411917084257        1.72338116       2.42761802E-04
   7005.9983988465883        1.72617447       2.44267518E-04
   7008.4556059847500        1.72697115       2.44341267E-04
   7010.9128131229118        1.72867322       2.45756964E-04
   7013.3700202610735        1.85016787       2.60901579E-04
   7015.8272273992352        1.93565488       2.72908481E-04
   7018.2844345373978        1.92474926       2.72987469E-04
   7020.7416416755586        1.94543028       2.75834434E-04
   7023.1988488137213        2.06678224       2.90776981E-04
   7025.6560559518830        2.06270933       2.93389719E-04
   7028.1132630900447        2.14728689       3.03665671E-04
   7030.5704702282064        2.29734421       3.24634282E-04
   7033.0276773663682        2.38929176       3.38368525E-04
   7035.4848845045308        2.52648878       3.55694618E-04
   7037.9420916426916        2.53124571       3.58954072E-04
   7040.3992987808542        2.56123066       3.62118357E-04
   7042.8565059190159        2.63402987       3.71564412E-04
   7045.3137130571777        2.60287356       3.66929860E-04
   7047.7709201953394        2.45612645       3.45908775E-04
   7050.2281273335011        2.10951304       2.99207197E-04
   7052.6853344716637        1.73892605       2.47034011E-04
   7055.1425416098255        1.43496442       2.03849719E-04
   7057.5997487479872        1.19770634       1.70385785E-04
   7060.0569558861489        1.03552330       1.47632643E-04
   7062.5141630243106        1.00014079       1.41850280E-04
   7064.9713701624732        1.02967203       1.45393977E-04
   7067.4285773006350        1.05258048       1.49053041E-04
   7069.8857844387967        1.07538712       1.52052249E-04
   7072.3429915769584        1.11273694       1.57306771E-04
   7074.8001987151201        1.12927651       1.59968331E-04
   7077.2574058532819        1.17794406       1.66372192E-04
   7079.7146129914436        1.20365822       1.69751627E-04
   7082.1718201296062        1.19544709       1.68198385E-04
   7084.6290272677679        1.08011496       1.53436267E-04
   7087.0862344059296       0.997308254       1.41220575E-04
   7089.5434415440914       0.946554363       1.33871115E-04
   7092.0006486822531       0.901490569       1.27750187E-04
   7094.4578558204148       0.869798005       1.23377104E-04
   7096.9150629585765       0.885533273       1.25337043E-04
   7099.3722700967392       0.911245167       1.29040709E-04
   7101.8294772349009       0.960245907       1.35060167E-04
   7104.2866843730626       0.944269896       1.34619942E-04
   7106.7438915112243       0.992890120       1.39789248E-04
   7109.2010986493860        1.03568542       1.46496546E-04
   7111.6583057875478        1.03400290       1.47416227E-04
   7114.1155129257095        1.14768922       1.60726020E-04
   7116.5727200638721        1.15407503       1.62916695E-04
   7119.0299272020338        1.07285261       1.52295033E-04
   7121.4871343401956        1.03935325       1.46727005E-04
   7123.9443414783573        1.00306237       1.41508164E-04
   7126.4015486165190       0.917207062       1.30522880E-04
   7128.8587557546816       0.887909174       1.25297272E-04
   7131.3159628928424       0.868328452       1.23394202E-04
   7133.7731700310051       0.873424947       1.23220772E-04
   7136.2303771691668       0.893031180       1.26248779E-04
   7138.6875843073285       0.870917141       1.23414313E-04
   7141.1447914454911       0.895497978       1.26577128E-04
   7143.6019985836519       0.894733191       1.27323670E-04
   7146.0592057218146       0.977800071       1.37327850E-04
   7148.5164128599763       0.982445538       1.39809228E-04
   7150.9736199981380        1.03817070       1.45785991E-04
   7153.4308271362997        1.03478611       1.46409526E-04
   7155.8880342744615       0.994970381       1.41116776E-04
   7158.3452414126241        1.00008607       1.41091587E-04
   7160.8024485507858       0.989296019       1.40147109E-04
   7163.2596556889475       0.979394674       1.38901538E-04
   7165.7168628271093        1.01943851       1.43608777E-04
   7168.1740699652710        1.01763642       1.43803860E-04
   7170.6312771034327       0.988325596       1.40753589E-04
   7173.0884842415944        1.03467774       1.46541133E-04
   7175.5456913797570        1.13344431       1.59383490E-04
   7178.0028985179188        1.14399648       1.61707474E-04
   7180.4601056560805        1.12602723       1.59476956E-04
   7182.9173127942422        1.12224257       1.59352785E-04
   7185.3745199324039        1.18347716       1.67246733E-04
   7187.8317270705656        1.24690950       1.75881374E-04
   7190.2889342087274        1.26690209       1.79142851E-04
   7192.7461413468900        1.26508951       1.78856571E-04
   7195.2033484850517        1.26839530       1.78691378E-04
   7197.6605556232134        1.20246291       1.71421707E-04
   7200.1177627613752        1.22776830       1.73061911E-04
   7202.5749698995369        1.26384544       1.78782182E-04
   7205.0321770376986        1.25597668       1.77939030E-04
   7207.4893841758603        1.30347979       1.83804819E-04
   7209.9465913140230        1.29132497       1.83489785E-04
   7212.4037984521847        1.34982705       1.90152321E-04
   7214.8610055903464        1.36526310       1.93567161E-04
   7217.3182127285090        1.39634359       1.97048008E-04
   7219.7754198666698        1.41317105       2.00313807E-04
   7222.2326270048325        1.44468069       2.04015945E-04
   7224.6898341429942        1.47932911       2.08890051E-04
   7227.1470412811559        1.46095788       2.07132311E-04
   7229.6042484193176        1.48921609       2.10569386E-04
   7232.0614555574793        1.52275896       2.15582215E-04
   7234.5186626956420        1.57728052       2.22768431E-04
   7236.9758698338028        1.60850048       2.28367891E-04
   7239.4330769719654        1.70152473       2.40571288E-04
   7241.8902841101271        1.81610584       2.56070634E-04
   7244.3474912482889        1.85237205       2.62225396E-04
   7246.8046983864506        1.88550329       2.67680181E-04
   7249.2619055246123        2.01220036       2.84713809E-04
   7251.7191126627749        2.17261767       3.05848313E-04
   7254.1763198009367        2.20967197       3.12867516E-04
   7256.6335269390984        2.22412658       3.14610515E-04
   7259.0907340772601        2.27677274       3.22145381E-04
   7261.5479412154218        2.32283211       3.28123046E-04
   7264.0051483535835        2.36362052       3.34005163E-04
   7266.4623554917453        2.34332418       3.31932679E-04
   7268.9195626299079        2.38695621       3.36162338E-04
   7271.3767697680696        2.30950952       3.28590715E-04
   7273.8339769062313        2.35432196       3.32766242E-04
   7276.2911840443930        2.46011853       3.47904686E-04
   7278.7483911825548        2.52789998       3.57391575E-04
   7281.2055983207165        2.60625911       3.68492416E-04
   7283.6628054588782        2.65100169       3.75366188E-04
   7286.1200125970408        2.74887443       3.88686400E-04
   7288.5772197352026        2.83395791       4.01094934E-04
   7291.0344268733643        2.95497775       4.17326199E-04
   7293.4916340115260        3.01835847       4.27636580E-04
   7295.9488411496877        3.13636255       4.43981233E-04
   7298.4060482878504        3.29974747       4.66718076E-04
   7300.8632554260121        3.48048282       4.91244369E-04
   7303.3204625641738        3.56295061       5.04061638E-04
   7305.7776697023355        3.63580441       5.14645537E-04
   7308.2348768404972        3.74742723       5.29888668E-04
   7310.6920839786590        3.87204599       5.47422620E-04
   7313.1492911168207        3.96092105       5.61603287E-04
   7315.6064982549833        4.16797686       5.88113267E-04
   7318.0637053931450        4.30558395       6.08043687E-04
   7320.5209125313067        4.30810452       6.09706272E-04
   7322.9781196694685        4.33776379       6.13825105E-04
   7325.4353268076302        4.40795708       6.22550608E-04
   7327.8925339457928        4.42734861       6.27768342E-04
   7330.3497410839536        4.53249788       6.41368446E-04
   7332.8069482221163        4.75288486       6.70335663E-04
   7335.2641553602780        4.78251219       6.76877622E-04
   7337.7213624984397        4.82603550       6.81092846E-04
   7340.1785696366014        4.75812864       6.74292620E-04
   7342.6357767747631        4.76178837       6.72717579E-04
   7345.0929839129258        4.76713800       6.73743896E-04
   7347.5501910510866        4.69138479       6.63975428E-04
   7350.0073981892492        4.66106653       6.59602112E-04
   7352.4646053274109        4.67473412       6.62496721E-04
   7354.9218124655727        4.81854010       6.80240977E-04
   7357.3790196037344        4.90719509       6.94565126E-04
   7359.8362267418961        4.97914839       7.05593615E-04
   7362.2934338800587        5.21105146       7.35897222E-04
   7364.7506410182204        5.37419605       7.59458577E-04
   7367.2078481563822        5.45333862       7.70076178E-04
   7369.6650552945439        5.42160225       7.66720856E-04
   7372.1222624327056        5.35113478       7.56935799E-04
   7374.5794695708682        5.30265665       7.50251987E-04
   7377.0366767090300        5.28395987       7.47692073E-04
   7379.4938838471917        5.31469059       7.51713116E-04
   7381.9510909853534        5.36341619       7.58808688E-04
   7384.4082981235151        5.43924761       7.68038153E-04
   7386.8655052616768        5.43023634       7.67532852E-04
   7389.3227123998386        5.33368874       7.55504938E-04
   7391.7799195380012        5.33901262       7.54482055E-04
   7394.2371266761629        5.33718014       7.54409470E-04
   7396.6943338143246        5.27273798       7.45577738E-04
   7399.1515409524864        5.19792175       7.35849724E-04
   7401.6087480906481        5.17388153       7.31895561E-04
   7404.0659552288098        5.20470333       7.35815673E-04
   7406.5231623669715        5.20306253       7.35846290E-04
   7408.9803695051341        5.21044493       7.36654503E-04
   7411.4375766432959        5.18630457       7.34171539E-04
   7413.8947837814576        5.22808123       7.38053757E-04
   7416.3519909196193        5.17916727       7.33076478E-04
   7418.8091980577810        5.13087177       7.26700062E-04
   7421.2664051959437        5.20920467       7.35954847E-04
   7423.7236123341045        5.25253868       7.42627308E-04
   7426.1808194722671        5.24724483       7.41695170E-04
   7428.6380266104288        5.21666336       7.37172202E-04
   7431.0952337485905        5.11615992       7.24486366E-04
   7433.5524408867523        5.08073425       7.18127470E-04
   7436.0096480249140        5.05140257       7.13932677E-04
   7438.4668551630766        4.95636320       7.01612735E-04
   7440.9240623012374        4.91278696       6.95825496E-04
   7443.3812694394001        4.97423792       7.03084050E-04
   7445.8384765775618        5.04493570       7.12571898E-04
   7448.2956837157235        5.00932550       7.09192478E-04
   7450.7528908538861        5.02190638       7.10048887E-04
   7453.2100979920478        5.04560328       7.13755668E-04
   7455.6673051302096        5.07688618       7.17491610E-04
   7458.1245122683713        5.07789993       7.18576019E-04
   7460.5817194065330        5.09202719       7.20288604E-04
   7463.0389265446947        5.14820910       7.27329694E-04
   7465.4961336828565        5.13495350       7.26926897E-04
   7467.9533408210191        5.16272831       7.30159518E-04
   7470.4105479591808        5.22266960       7.38234608E-04
   7472.8677550973425        5.24547100       7.42346980E-04
   7475.3249622355042        5.30003405       7.49130442E-04
   7477.7821693736660        5.34511089       7.56354595E-04
   7480.2393765118277        5.39688873       7.63547432E-04
   7482.6965836499894        5.50694180       7.78103364E-04
   7485.1537907881520        5.54844713       7.84520642E-04
   7487.6109979263138        5.56782866       7.86695455E-04
   7490.0682050644755        5.51434898       7.81565148E-04
   7492.5254122026372        5.58326292       7.89244485E-04
   7494.9826193407989        5.68990421       8.03950767E-04
   7497.4398264789606        5.69990444       8.06301308E-04
   7499.8970336171224        5.72015905       8.09983991E-04
   7502.3542407552850        5.82112265       8.22995673E-04
   7504.8114478934467        5.95143223       8.40374443E-04
   7507.2686550316084        5.93791723       8.40299181E-04
   7509.7258621697702        5.94839382       8.41145054E-04
   7512.1830693079319        5.96237087       8.42897571E-04
   7514.6402764460936        5.95704412       8.41577479E-04
   7517.0974835842553        5.85619068       8.28554446E-04
   7519.5546907224179        5.76742315       8.17592430E-04
   7522.0118978605797        5.84180164       8.26770090E-04
   7524.4691049987414        6.04818249       8.52686702E-04
   7526.9263121369040        6.01936197       8.52692639E-04
   7529.3835192750648        6.02485800       8.54019250E-04
   7531.8407264132275        6.25539780       8.82463588E-04
   7534.2979335513892        6.35908270       9.00133338E-04
   7536.7551406895509        6.42235279       9.09112568E-04
   7539.2123478277126        6.63223791       9.34927026E-04
   7541.6695549658743        6.57398272       9.30934970E-04
   7544.1267621040370        6.53246737       9.23789339E-04
   7546.5839692421978        6.54296875       9.26151115E-04
   7549.0411763803604        6.60484362       9.32339230E-04
   7551.4983835185221        6.56989050       9.30407608E-04
   7553.9555906566839        6.54576349       9.26814275E-04
   7556.4127977948456        6.70865679       9.46514541E-04
   7558.8700049330073        6.66859388       9.44465923E-04
   7561.3272120711699        6.69482708       9.44565050E-04
   7563.7844192093316        6.58527470       9.32458031E-04
   7566.2416263474934        6.47420406       9.17307567E-04
   7568.6988334856551        6.57733870       9.29029833E-04
   7571.1560406238168        6.61899900       9.36717261E-04
   7573.6132477619785        6.66809130       9.43805382E-04
   7576.0704549001402        6.81644106       9.61683458E-04
   7578.5276620383029        6.79383850       9.58127552E-04
   7580.9848691764637        6.45343637       9.11675044E-04
   7583.4420763146263        5.93127775       8.38984502E-04
   7585.8992834527880        5.34723091       7.55137415E-04
   7588.3564905909498        4.61666775       6.54858828E-04
   7590.8136977291124        3.86829734       5.49484219E-04
   7593.2709048672732        3.34139752       4.74688626E-04
   7595.7281120054358        2.96897888       4.23542398E-04
   7598.1853191435976        2.98763990       4.21752891E-04
   7600.6425262817593        3.03601456       4.30188433E-04
   7603.0997334199219        3.11484289       4.45336482E-04
   7605.5569405580827        3.58026099       5.09375415E-04
   7608.0141476962453        4.34505272       6.11332420E-04
   7610.4713548344071        4.80105352       6.76975178E-04
   7612.9285619725688        4.97312021       6.98566088E-04
   7615.3857691107305        4.69297457       6.64652034E-04
   7617.8429762488922        4.28998613       6.07340946E-04
   7620.3001833870549        4.01440239       5.67294948E-04
   7622.7573905252157        3.64467406       5.16053406E-04
   7625.2145976633783        3.32451773       4.70775558E-04
   7627.6718048015400        3.00830626       4.27013903E-04
   7630.1290119397017        2.86745524       4.05900151E-04
   7632.5862190778635        2.76526427       3.91427544E-04
   7635.0434262160252        2.73827720       3.87917564E-04
   7637.5006333541878        2.73054790       3.86528292E-04
   7639.9578404923486        2.82651186       3.96928954E-04
   7642.4150476305113        2.63573480       3.74590047E-04
   7644.8722547686730        2.53761172       3.58036981E-04
   7647.3294619068347        2.41928005       3.42684303E-04
   7649.7866690449964        2.31361175       3.26666137E-04
   7652.2438761831581        2.17710567       3.07539653E-04
   7654.7010833213208        1.98316967       2.79960543E-04
   7657.1582904594816        1.70358801       2.42102702E-04
   7659.6154975976442        1.47263467       2.09401696E-04
   7662.0727047358059        1.36392486       1.93805827E-04
   7664.5299118739676        1.35877120       1.92995387E-04
   7666.9871190121294        1.44813538       2.04323194E-04
   7669.4443261502911        1.51836550       2.15593274E-04
   7671.9015332884537        1.62650192       2.30846257E-04
   7674.3587404266145        1.82864010       2.57531647E-04
   7676.8159475647772        1.93709409       2.73590005E-04
   7679.2731547029389        1.98011780       2.80278327E-04
   7681.7303618411006        2.03087974       2.87279661E-04
   7684.1875689792632        2.10175967       2.95415550E-04
   7686.6447761174240        2.01537871       2.85093498E-04
   7689.1019832555867        1.86197948       2.63935712E-04
   7691.5591903937484        1.77366674       2.49891047E-04
   7694.0163975319101        1.61180913       2.29953468E-04
   7696.4736046700727        1.56657946       2.21393188E-04
   7698.9308118082336        1.60664761       2.27634620E-04
   7701.3880189463962        1.62424445       2.31137703E-04
   7703.8452260845579        1.80783665       2.55590363E-04
   7706.3024332227196        1.97078359       2.79141299E-04
   7708.7596403608813        2.17904353       3.07208829E-04
   7711.2168474990431        2.27244020       3.22401145E-04
   7713.6740546372057        2.44427586       3.44309083E-04
   7716.1312617753665        2.50521684       3.55741358E-04
   7718.5884689135291        2.64939690       3.74833442E-04
   7721.0456760516909        2.83881903       3.99828510E-04
   7723.5028831898526        2.89408255       4.11515677E-04
   7725.9600903280143        3.04610705       4.30052460E-04
   7728.4172974661760        3.25898719       4.60440060E-04
   7730.8745046043387        3.31398225       4.69364109E-04
   7733.3317117424995        3.49367237       4.92601423E-04
   7735.7889188806621        3.48659611       4.93379019E-04
   7738.2461260188238        3.53281188       4.97424800E-04
   7740.7033331569855        3.32908797       4.73377499E-04
   7743.1605402951473        3.32696867       4.67609440E-04
   7745.6177474333090        3.13255858       4.45089332E-04
   7748.0749545714716        3.01123905       4.26282611E-04
   7750.5321617096324        3.00876570       4.24742233E-04
   7752.9893688477950        2.94524765       4.17679461E-04
   7755.4465759859568        2.93955040       4.16410767E-04
   7757.9037831241185        3.05467701       4.32424422E-04
   7760.3609902622811        3.18652916       4.50237800E-04
   7762.8181974004419        3.32380915       4.69664723E-04
   7765.2754045386046        3.36954951       4.77399415E-04
   7767.7326116767663        3.51395392       4.94452368E-04
   7770.1898188149280        3.44516206       4.89958213E-04
   7772.6470259530906        3.52755713       4.97781672E-04
   7775.1042330912514        3.63335276       5.12900238E-04
   7777.5614402294141        3.57827854       5.05706761E-04
   7780.0186473675749        3.50383282       4.95962624E-04
   7782.4758545057375        3.42271686       4.85315919E-04
   7784.9330616438992        3.49597001       4.93304746E-04
   7787.3902687820610        3.48789954       4.93658357E-04
   7789.8474759202236        3.49230528       4.93712316E-04
   7792.3046830583844        3.48416805       4.94038861E-04
   7794.7618901965470        3.58720875       5.07194665E-04
   7797.2190973347087        3.71246982       5.24835195E-04
   7799.6763044728705        3.81343365       5.39352186E-04
   7802.1335116110322        3.90409565       5.53912017E-04
   7804.5907187491939        4.13944626       5.85813774E-04
   7807.0479258873565        4.44893217       6.27930101E-04
   7809.5051330255174        4.63877010       6.54686301E-04
   7811.9623401636800        4.67505455       6.61600556E-04
   7814.4195473018417        4.70385790       6.62886247E-04
   7816.8767544400034        4.57793093       6.49033522E-04
   7819.3339615781651        4.45802689       6.29764982E-04
   7821.7911687163269        4.41367435       6.24091248E-04
   7824.2483758544895        4.23570013       6.00608008E-04
   7826.7055829926503        4.28248358       6.03848952E-04
   7829.1627901308129        4.14222670       5.87786257E-04
   7831.6199972689747        4.17550707       5.89554431E-04
   7834.0772044071364        4.14169312       5.86873968E-04
   7836.5344115452981        4.21577787       5.97477308E-04
   7838.9916186834598        4.37702465       6.17984275E-04
   7841.4488258216224        4.55520153       6.42653496E-04
   7843.9060329597842        4.46625710       6.35143893E-04
   7846.3632400979459        4.70763493       6.63368439E-04
   7848.8204472361076        4.79611635       6.77748001E-04
   7851.2776543742693        4.79699898       6.78943354E-04
   7853.7348615124320        4.78350067       6.76377444E-04
   7856.1920686505928        4.84843016       6.83574181E-04
   7858.6492757887554        4.64701557       6.60336285E-04
   7861.1064829269171        4.70665789       6.63476763E-04
   7863.5636900650788        4.65592194       6.59456768E-04
   7866.0208972032406        4.62646770       6.54479954E-04
   7868.4781043414023        4.64440250       6.56928343E-04
   7870.9353114795649        4.68748474       6.63453713E-04
   7873.3925186177257        4.75547361       6.73218630E-04
   7875.8497257558884        4.92202902       6.96655421E-04
   7878.3069328940501        5.11595964       7.23886769E-04
   7880.7641400322118        5.38072443       7.58510316E-04
   7883.2213471703744        5.41289377       7.66771787E-04
   7885.6785543085352        5.48834896       7.74135697E-04
   7888.1357614466979        5.44779968       7.71374092E-04
   7890.5929685848587        5.38964510       7.62372219E-04
   7893.0501757230213        5.41967249       7.65310426E-04
   7895.5073828611830        5.31748438       7.53387052E-04
   7897.9645899993448        5.31724024       7.50098261E-04
   7900.4217971375074        5.20503569       7.34795292E-04
   7902.8790042756682        4.89962626       6.95984869E-04
   7905.3362114138308        4.80197525       6.80016936E-04
   7907.7934185519925        4.91242456       6.92394504E-04
   7910.2506256901543        4.81036091       6.81181147E-04
   7912.7078328283160        4.72299862       6.67271670E-04
   7915.1650399664777        4.61362028       6.56052493E-04
   7917.6222471046403        4.75970507       6.70579437E-04
   7920.0794542428021        4.85680580       6.87326654E-04
   7922.5366613809638        4.81054306       6.84839033E-04
   7924.9938685191255        5.23085546       7.35624053E-04
   7927.4510756572872        5.37775135       7.61427335E-04
   7929.9082827954498        5.46109390       7.69769133E-04
   7932.3654899336107        5.39123344       7.64496159E-04
   7934.8226970717733        5.36874819       7.59390939E-04
   7937.2799042099350        5.48657608       7.71528517E-04
   7939.7371113480967        5.17672729       7.35123176E-04
   7942.1943184862585        4.97735691       7.04960490E-04
   7944.6515256244202        4.99982405       7.07785075E-04
   7947.1087327625828        5.07108355       7.17630726E-04
   7949.5659399007436        5.22541380       7.38459988E-04
   7952.0231470389062        5.32084274       7.53446133E-04
   7954.4803541770680        5.49036789       7.75875407E-04
   7956.9375613152297        5.63127708       7.96610955E-04
   7959.3947684533914        5.76537418       8.15799634E-04
   7961.8519755915531        5.94053555       8.39074259E-04
   7964.3091827297158        6.04619455       8.54028214E-04
   7966.7663898678766        6.01332808       8.52414989E-04
   7969.2235970060392        6.12553167       8.64919915E-04
   7971.6808041442009        6.20122766       8.74887628E-04
   7974.1380112823626        6.02613783       8.52156547E-04
   7976.5952184205253        5.79245329       8.20194895E-04
   7979.0524255586861        5.63277149       7.97318178E-04
   7981.5096326968487        5.57943535       7.89037731E-04
   7983.9668398350095        5.52866125       7.82545656E-04
   7986.4240469731722        5.54545212       7.84061791E-04
   7988.8812541113339        5.55818319       7.88169622E-04
   7991.3384612494956        5.73733425       8.10550177E-04
   7993.7956683876582        5.92346668       8.36604158E-04
   7996.2528755258199        5.95477295       8.44279130E-04
   7998.7100826639817        6.14514732       8.69453477E-04
   8001.1672898021434        6.42985010       9.08697606E-04
   8003.6244969403051        6.64901257       9.40250757E-04
   8006.0817040784677        6.83660841       9.66023712E-04
   8008.5389112166285        6.95664167       9.84496786E-04
   8010.9961183547912        7.09042454       1.00319635E-03
   8013.4533254929529        7.30121422       1.03159645E-03
   8015.9105326311146        7.42099285       1.05118670E-03
   8018.3677397692763        7.65130711       1.08154910E-03
   8020.8249469074381        7.89662457       1.11819583E-03
   8023.2821540456007        8.20307541       1.15856878E-03
   8025.7393611837615        8.46059227       1.19462505E-03
   8028.1965683219241        8.45091724       1.19678315E-03
   8030.6537754600859        8.56610966       1.21461658E-03
   8033.1109825982476        8.95338821       1.26546714E-03
