   5529.2169088113069        2.34055240E-02   3.38565565E-06
   5531.6741159494686        3.57643403E-02   5.02910552E-06
   5534.1313230876303        5.06389551E-02   7.19834406E-06
   5536.5885302257930        6.87792674E-02   9.66289736E-06
   5539.0457373639547        3.89909409E-02   5.56359691E-06
   5541.5029445021164        2.92037278E-02   4.23783194E-06
   5543.9601516402781        2.82013398E-02   4.00686349E-06
   5546.4173587784398        2.82469373E-02   4.00463750E-06
   5548.8745659166016        3.11127510E-02   4.39105997E-06
   5551.3317730547642        2.52076145E-02   3.55320367E-06
   5553.7889801929259        4.40270901E-02   6.28575435E-06
   5556.2461873310876        6.68045878E-02   9.33221600E-06
   5558.7033944692494        6.47889823E-02   9.20034472E-06
   5561.1606016074111        4.91819978E-02   6.83872531E-06
   5563.6178087455728        5.04760146E-02   7.47338481E-06
   5566.0750158837354        8.68217051E-02   1.19727511E-05
   5568.5322230218972        3.97268794E-02   5.96782002E-06
   5570.9894301600589        9.70448852E-02   1.35918526E-05
   5573.4466372982206        9.25828367E-02   1.30789304E-05
   5575.9038444363823       0.139597356       1.96395886E-05
   5578.3610515745440       0.119939901       1.68472579E-05
   5580.8182587127058       0.165391311       2.36777905E-05
   5583.2754658508684       0.158221811       2.19894646E-05
   5585.7326729890301       0.140472814       1.37117240E-05
   5588.1898801271918       0.144634455       2.03965774E-05
   5590.6470872653535       0.142031446       2.00064242E-05
   5593.1042944035153       0.141707256       2.00833747E-05
   5595.5615015416770       0.120572969       1.70980857E-05
   5598.0187086798396       0.114548691       1.62502874E-05
   5600.4759158180013       0.122574396       1.73694225E-05
   5602.9331229561631       0.125754833       1.76777376E-05
   5605.3903300943248       0.126618341       1.79608123E-05
   5607.8475372324865       0.148298547       2.09478312E-05
   5610.3047443706482       0.142278999       2.00676477E-05
   5612.7619515088109       0.130318195       1.84357559E-05
   5615.2191586469726       0.141977713       2.01888724E-05
   5617.6763657851343       0.163609922       2.30368241E-05
   5620.1335729232960       0.125555590       1.77646962E-05
   5622.5907800614577       0.125414327       1.79083454E-05
   5625.0479871996195       0.131125674       1.84914279E-05
   5627.5051943377821       0.118220426       1.67514354E-05
   5629.9624014759438       0.104971305       1.48438439E-05
   5632.4196086141055       0.118153833       1.67743492E-05
   5634.8768157522672       0.140396386       1.97238387E-05
   5637.3340228904290       0.136360288       1.92775879E-05
   5639.7912300285907       0.139696002       1.97412937E-05
   5642.2484371667524       0.142810911       2.01774019E-05
   5644.7056443049150       0.150887743       2.12930881E-05
   5647.1628514430768       0.163879514       2.31771282E-05
   5649.6200585812385       0.169428542       2.39021265E-05
   5652.0772657194002       0.155994892       2.21331429E-05
   5654.5344728575619       0.145581380       2.05537144E-05
   5656.9916799957236       0.146649331       2.08757065E-05
   5659.4488871338863       0.164969072       2.32246439E-05
   5661.9060942720480       0.139479205       1.98010548E-05
   5664.3633014102097       0.136463255       1.93225897E-05
   5666.8205085483714       0.129078090       1.82788808E-05
   5669.2777156865332       0.153071731       2.16656445E-05
   5671.7349228246949       0.155269936       2.18856385E-05
   5674.1921299628575       0.138487682       1.96296660E-05
   5676.6493371010192       0.128903925       1.83157299E-05
   5679.1065442391809       0.132559776       1.86524758E-05
   5681.5637513773427       0.139460683       1.98509060E-05
   5684.0209585155044       0.167488545       2.35007155E-05
   5686.4781656536661       0.136074752       1.92761563E-05
   5688.9353727918278       0.172584504       2.44927960E-05
   5691.3925799299905       0.180448428       2.52708869E-05
   5693.8497870681522       0.178977415       2.55262003E-05
   5696.3069942063139       0.176284537       2.47381449E-05
   5698.7642013444756       0.191224307       2.05609704E-05
   5701.2214084826373       0.185779348       2.62590893E-05
   5703.6786156207991       0.182874173       2.56986550E-05
   5706.1358227589617       0.176316291       2.50264311E-05
   5708.5930298971234       0.194692984       2.75688235E-05
   5711.0502370352851       0.180875108       2.54493116E-05
   5713.5074441734469       0.166923597       2.38255307E-05
   5715.9646513116086       0.183816075       2.58782929E-05
   5718.4218584497703       0.168831781       2.38993725E-05
   5720.8790655879329       0.188815758       2.67064152E-05
   5723.3362727260946       0.200222522       2.83174486E-05
   5725.7934798642564       0.190314144       2.67790383E-05
   5728.2506870024181       0.167953268       2.39946366E-05
   5730.7078941405798       0.203000039       2.86267186E-05
   5733.1651012787415       0.170166969       2.40692989E-05
   5735.6223084169033       0.167547151       2.37521181E-05
   5738.0795155550659       0.164044172       2.31988706E-05
   5740.5367226932276       0.202907011       2.86678496E-05
   5742.9939298313893       0.208503962       2.93698395E-05
   5745.4511369695510       0.198341325       2.80317890E-05
   5747.9083441077128       0.192696288       2.72831512E-05
   5750.3655512458745       0.229696870       3.25336150E-05
   5752.8227583840371       0.230197832       3.23821951E-05
   5755.2799655221988       0.195747584       2.78624484E-05
   5757.7371726603606       0.189440727       2.68120621E-05
   5760.1943797985223       0.187681824       2.66250372E-05
   5762.6515869366840       0.198111415       2.80090972E-05
   5765.1087940748457       0.177606866       2.51168949E-05
   5767.5660012130083       0.160217196       2.27016517E-05
   5770.0232083511701       0.188529953       2.67212272E-05
   5772.4804154893318       0.220309600       3.09912830E-05
   5774.9376226274935       0.205006674       2.89651671E-05
   5777.3948297656552       0.193702281       2.74947688E-05
   5779.8520369038170       0.195726216       2.77003001E-05
   5782.3092440419787       0.189609781       2.67317537E-05
   5784.7664511801413       0.194510609       2.76456431E-05
   5787.2236583183030       0.215599015       3.02677909E-05
   5789.6808654564647       0.198502019       2.81593493E-05
   5792.1380725946265       0.238108739       3.35805053E-05
   5794.5952797327882       0.241054267       3.39733488E-05
   5797.0524868709508       0.266122520       3.76732096E-05
   5799.5096940091125       0.266014785       3.74341398E-05
   5801.9669011472743       0.259038687       3.68126239E-05
   5804.4241082854360       0.272467166       3.85097410E-05
   5806.8813154235977       0.229479998       3.25307046E-05
   5809.3385225617594       0.204391167       2.91015804E-05
   5811.7957296999211       0.189433306       2.67133382E-05
   5814.2529368380838       0.200192511       2.85042333E-05
   5816.7101439762455       0.237208813       3.33552998E-05
   5819.1673511144072       0.194392204       2.75010352E-05
   5821.6245582525689       0.200315773       2.85162751E-05
   5824.0817653907307       0.199077040       2.79781161E-05
   5826.5389725288924       0.194474459       2.75989860E-05
   5828.9961796670550       0.221502304       3.12426564E-05
   5831.4533868052167       0.220737249       3.11510485E-05
   5833.9105939433784       0.219969213       3.12139455E-05
   5836.3678010815402       0.201399371       2.83783538E-05
   5838.8250082197019       0.180287868       2.56844614E-05
   5841.2822153578636       0.212392151       3.01149630E-05
   5843.7394224960262       0.177413166       2.49674322E-05
   5846.1966296341880       0.183270484       1.76571193E-05
   5848.6538367723497       0.152769744       2.16578555E-05
   5851.1110439105114       0.181966826       2.55729865E-05
   5853.5682510486731       0.186417386       2.63548827E-05
   5856.0254581868348       0.166725054       2.35456264E-05
   5858.4826653249966       0.149192333       2.12074847E-05
   5860.9398724631592       0.169479489       2.39826695E-05
   5863.3970796013209       0.165777609       2.33763985E-05
   5865.8542867394826       0.149168059       2.11386377E-05
   5868.3114938776444       0.143417448       2.03527707E-05
   5870.7687010158061       0.156183988       2.19815029E-05
   5873.2259081539678       0.156108111       2.21630344E-05
   5875.6831152921304       0.171557292       2.42590631E-05
   5878.1403224302921       0.124157518       1.75076420E-05
   5880.5975295684539       0.118329994       1.69993382E-05
   5883.0547367066156       0.151800305       2.11460774E-05
   5885.5119438447773       0.172109216       2.46015552E-05
   5887.9691509829390       0.205841482       2.88965202E-05
   5890.4263581211017       0.100021616       1.43657508E-05
   5892.8835652592634       0.120487280       1.74239649E-05
   5895.3407723974251       0.105189309       1.45375761E-05
   5897.7979795355868        8.17277431E-02   1.18872786E-05
   5900.2551866737485       0.137328967       1.92565694E-05
   5902.7123938119103       0.147847340       2.08168021E-05
   5905.1696009500720       0.151701123       2.13625972E-05
   5907.6268080882346       0.141597524       2.00843915E-05
   5910.0840152263963       0.176703483       2.49535587E-05
   5912.5412223645581       0.181281745       2.55771974E-05
   5914.9984295027198       0.158013538       2.23882380E-05
   5917.4556366408815       0.134925887       1.91575327E-05
   5919.9128437790432       0.146430969       2.07834873E-05
   5922.3700509172058       0.166839182       2.35026164E-05
   5924.8272580553676       0.156569839       2.20843031E-05
   5927.2844651935293       0.153284967       2.18264759E-05
   5929.7416723316910       0.154764026       2.18139212E-05
   5932.1988794698527       0.124878518       1.77203819E-05
   5934.6560866080144       0.152353391       2.16567405E-05
   5937.1132937461771       0.162803560       2.28058143E-05
   5939.5705008843388       0.149443030       2.12462201E-05
   5942.0277080225005       0.168697238       2.38309785E-05
   5944.4849151606622       0.159766346       2.25299609E-05
   5946.9421222988240       0.162902430       2.31148297E-05
   5949.3993294369857       0.167047262       2.35918869E-05
   5951.8565365751474       0.159683853       2.25483145E-05
   5954.3137437133100       0.153998256       2.18435325E-05
   5956.7709508514718       0.178324297       2.52624031E-05
   5959.2281579896335       0.161816463       2.26840712E-05
   5961.6853651277952       0.151057333       2.16373282E-05
   5964.1425722659569       0.182112619       2.55613577E-05
   5966.5997794041186       0.163303867       2.31540798E-05
   5969.0569865422813       0.178889796       2.52466725E-05
   5971.5141936804430       0.175732672       2.49080476E-05
   5973.9714008186047       0.186552688       2.62491212E-05
   5976.4286079567664       0.174693480       2.49278328E-05
   5978.8858150949281       0.185653150       2.60771940E-05
   5981.3430222330899       0.135329664       1.93397282E-05
   5983.8002293712525       0.187330171       2.65227281E-05
   5986.2574365094142       0.186273322       2.61782388E-05
   5988.7146436475759       0.179080129       2.53991220E-05
   5991.1718507857377       0.161680952       2.28851441E-05
   5993.6290579238994       0.176737845       2.50322846E-05
   5996.0862650620611       0.180485725       2.54486604E-05
   5998.5434722002228       0.183849663       2.60000506E-05
   6001.0006793383855       0.180026710       2.54778606E-05
   6003.4578864765472       0.184690967       2.61370569E-05
   6005.9150936147089       0.172151759       2.43266568E-05
   6008.3723007528706       0.176003247       2.49498844E-05
   6010.8295078910323       0.186349645       2.62699305E-05
   6013.2867150291941       0.188724369       2.67263731E-05
   6015.7439221673567       0.197463468       2.79114010E-05
   6018.2011293055184       0.178974912       2.52798600E-05
   6020.6583364436801       0.179501235       2.54833831E-05
   6023.1155435818418       0.202074736       2.85061778E-05
   6025.5727507200036       0.206777006       2.93015000E-05
   6028.0299578581653       0.184376523       2.59346743E-05
   6030.4871649963279       0.158481523       2.27878190E-05
   6032.9443721344896       0.201843396       2.83030131E-05
   6035.4015792726514       0.166573137       2.36346204E-05
   6037.8587864108131       0.219654530       3.10509567E-05
   6040.3159935489748       0.221163794       3.10637151E-05
   6042.7732006871365       0.244217083       3.46766938E-05
   6045.2304078252982       0.241200060       3.38762984E-05
   6047.6876149634609       0.223561734       3.18277380E-05
   6050.1448221016226       0.256825268       3.62265891E-05
   6052.6020292397843       0.245508015       3.47067835E-05
   6055.0592363779460       0.241809294       3.41657324E-05
   6057.5164435161078       0.244421035       3.46736633E-05
   6059.9736506542704       0.267620057       3.77439465E-05
   6062.4308577924321       0.246822447       3.48893991E-05
   6064.8880649305938       0.253090978       3.58664038E-05
   6067.3452720687555       0.267416835       3.77209763E-05
   6069.8024792069173       0.272380143       3.85491840E-05
   6072.2596863450790       0.277124077       3.91395297E-05
   6074.7168934832407       0.262271464       3.71467177E-05
   6077.1741006214033       0.261119902       3.69542904E-05
   6079.6313077595651       0.259900481       3.67340581E-05
   6082.0885148977268       0.268141329       3.79775011E-05
   6084.5457220358885       0.269457906       3.80145539E-05
   6087.0029291740502       0.246691853       3.49344991E-05
   6089.4601363122119       0.270019799       3.83143633E-05
   6091.9173434503737       0.266768098       3.75181880E-05
   6094.3745505885363       0.235766724       3.35337245E-05
   6096.8317577266980       0.260626435       3.68348738E-05
   6099.2889648648597       0.256064951       3.61439306E-05
   6101.7461720030215       0.253775984       3.59416845E-05
   6104.2033791411832       0.251405716       3.55930715E-05
   6106.6605862793458       0.234359071       3.30928851E-05
   6109.1177934175075       0.224294499       3.18046696E-05
   6111.5750005556692       0.255631804       3.61350503E-05
   6114.0322076938310       0.266558021       3.76043317E-05
   6116.4894148319927       0.236899152       3.34649376E-05
   6118.9466219701544       0.232595786       3.31560732E-05
   6121.4038291083161       0.244177639       3.43085849E-05
   6123.8610362464788       0.204832271       2.91794622E-05
   6126.3182433846405       0.236370698       3.33916723E-05
   6128.7754505228022       0.210482299       2.97044699E-05
   6131.2326576609639       0.226332262       3.21202897E-05
   6133.6898647991256       0.221706599       3.12556404E-05
   6136.1470719372874       0.214802325       3.04580535E-05
   6138.6042790754491       0.201659679       2.85405531E-05
   6141.0614862136117       0.195660666       2.77017607E-05
   6143.5186933517734       0.188235968       2.65857088E-05
   6145.9759004899352       0.207415432       2.94167749E-05
   6148.4331076280969       0.212245330       2.98148407E-05
   6150.8903147662586       0.196868435       2.80905006E-05
   6153.3475219044212       0.195029676       2.74184022E-05
   6155.8047290425829       0.152154043       2.17307388E-05
   6158.2619361807447       0.194540009       2.75274815E-05
   6160.7191433189064       0.187165290       2.63298552E-05
   6163.1763504570681       0.169261456       2.40230602E-05
   6165.6335575952298       0.166585654       2.35852858E-05
   6168.0907647333916       0.182430327       2.57564989E-05
   6170.5479718715542       0.190036237       2.68500735E-05
   6173.0051790097159       0.190019786       2.68679796E-05
   6175.4623861478776       0.167378187       2.36942706E-05
   6177.9195932860393       0.163136199       2.31588674E-05
   6180.3768004242011       0.165268540       2.33517858E-05
   6182.8340075623637       0.165763795       2.34174240E-05
   6185.2912147005254       0.165488169       2.33928095E-05
   6187.7484218386871       0.179228351       2.53300823E-05
   6190.2056289768489       0.184404433       2.60209326E-05
   6192.6628361150106       0.182487100       2.58838572E-05
   6195.1200432531723       0.171002805       2.41195994E-05
   6197.5772503913340       0.147982165       2.10401795E-05
   6200.0344575294966       0.179328308       2.54014158E-05
   6202.4916646676584       0.182709754       2.56744679E-05
   6204.9488718058201       0.164252922       2.33467690E-05
   6207.4060789439818       0.165885702       2.34082654E-05
   6209.8632860821435       0.170439437       2.42225306E-05
   6212.3204932203053       0.182082981       2.56160329E-05
   6214.7777003584670       0.143245608       2.03728650E-05
   6217.2349074966296       0.164200291       2.32730290E-05
   6219.6921146347913       0.166891128       2.35474999E-05
   6222.1493217729530       0.160018206       2.26035754E-05
   6224.6065289111148       0.147449896       2.09094360E-05
   6227.0637360492765       0.176077142       2.49607128E-05
   6229.5209431874382       0.171793863       2.40782556E-05
   6231.9781503256008       0.150908664       2.15001128E-05
   6234.4353574637626       0.197559476       2.79690612E-05
   6236.8925646019243       0.199740201       2.80681015E-05
   6239.3497717400860       0.155789107       2.21341124E-05
   6241.8069788782477       0.170502543       2.42575734E-05
   6244.2641860164094       0.191251323       2.69524844E-05
   6246.7213931545721       0.171022207       2.40972422E-05
   6249.1786002927338       0.164264187       2.33940809E-05
   6251.6358074308955       0.211253226       2.98718678E-05
   6254.0930145690572       0.193297043       2.71709523E-05
   6256.5502217072190       0.153820664       2.19788235E-05
   6259.0074288453807       0.176582932       2.49786717E-05
   6261.4646359835424       0.187259302       2.64155406E-05
   6263.9218431217050       0.191064343       2.69885222E-05
   6266.3790502598667       0.188509569       2.66473889E-05
   6268.8362573980285       0.207230374       2.93075864E-05
   6271.2934645361902       0.219488472       3.10004762E-05
   6273.7506716743519       0.214990690       3.03825054E-05
   6276.2078788125136       0.204962760       2.89716409E-05
   6278.6650859506763       0.221511722       3.14056597E-05
   6281.1222930888380       0.247351676       3.48596441E-05
   6283.5795002269997       0.237109885       3.35296681E-05
   6286.0367073651614       0.231004730       3.27148664E-05
   6288.4939145033231       0.230387852       3.25412766E-05
   6290.9511216414849       0.255234241       3.61531092E-05
   6293.4083287796475       0.282302886       3.98092561E-05
   6295.8655359178092       0.251659095       3.54588483E-05
   6298.3227430559709       0.264271498       3.76354292E-05
   6300.7799501941327       0.329319656       4.63873803E-05
   6303.2371573322944       0.300928682       4.23836282E-05
   6305.6943644704561       0.286417335       4.07105217E-05
   6308.1515716086178       0.327630401       4.63114011E-05
   6310.6087787467804       0.339680731       4.78963557E-05
   6313.0659858849422       0.313942879       4.44570251E-05
   6315.5231930231039       0.318133146       4.51036940E-05
   6317.9804001612656       0.325408608       4.58699833E-05
   6320.4376072994273       0.329807013       4.67576574E-05
   6322.8948144375890       0.357634753       5.04622003E-05
   6325.3520215757508       0.337788701       4.77123031E-05
   6327.8092287139134       0.350221515       4.96645625E-05
   6330.2664358520751       0.370892942       5.22467781E-05
   6332.7236429902368       0.371517837       5.25944379E-05
   6335.1808501283986       0.398925155       5.64536749E-05
   6337.6380572665603       0.369690537       5.20799586E-05
   6340.0952644047229       0.354521871       5.03965202E-05
   6342.5524715428846       0.422652662       5.96468017E-05
   6345.0096786810464       0.422121078       5.94757585E-05
   6347.4668858192081       0.411680818       5.83818182E-05
   6349.9240929573698       0.414456040       5.86034876E-05
   6352.3813000955315       0.393410504       5.57024214E-05
   6354.8385072336932       0.381002873       5.39537286E-05
   6357.2957143718559       0.377838284       5.35115796E-05
   6359.7529215100176       0.375144333       5.30016587E-05
   6362.2101286481793       0.364328116       5.15533138E-05
   6364.6673357863410       0.394770324       5.58718530E-05
   6367.1245429245027       0.409107298       5.76642742E-05
   6369.5817500626654       0.389001846       5.50448203E-05
   6372.0389572008271       0.415107697       5.88203147E-05
   6374.4961643389888       0.417980134       5.89759511E-05
   6376.9533714771505       0.374951959       5.31397709E-05
   6379.4105786153123       0.372528851       5.28123855E-05
   6381.8677857534740       0.385407388       5.44084724E-05
   6384.3249928916357       0.388448030       5.48833086E-05
   6386.7822000297983       0.406909972       5.75651247E-05
   6389.2394071679601       0.419930995       5.92085562E-05
   6391.6966143061218       0.412226558       5.83377769E-05
   6394.1538214442835       0.445992380       6.30067734E-05
   6396.6110285824452       0.457964897       6.47195120E-05
   6399.0682357206069       0.448920757       6.34727403E-05
   6401.5254428587687       0.413729757       5.85800335E-05
   6403.9826499969313       0.423045427       5.99739978E-05
   6406.4398571350930       0.435137689       6.13584416E-05
   6408.8970642732547       0.424823582       6.01755673E-05
   6411.3542714114164       0.445771545       6.30200593E-05
   6413.8114785495782       0.427082002       6.03535555E-05
   6416.2686856877408       0.417238891       5.92000542E-05
   6418.7258928259025       0.411611557       5.81661043E-05
   6421.1830999640642       0.380423516       5.39325847E-05
   6423.6403071022260       0.383376241       5.42142188E-05
   6426.0975142403877       0.384611428       5.44150862E-05
   6428.5547213785494       0.409264475       5.78812069E-05
   6431.0119285167111       0.390415639       5.50941950E-05
   6433.4691356548738       0.424524993       5.33675520E-05
   6435.9263427930355       0.403756082       5.69764525E-05
   6438.3835499311972       0.409950078       5.79062907E-05
   6440.8407570693589       0.437882632       6.19560888E-05
   6443.2979642075206       0.431632876       6.08756054E-05
   6445.7551713456824       0.409037381       5.79855332E-05
   6448.2123784838450       0.436297446       6.17143887E-05
   6450.6695856220067       0.438571632       6.19058046E-05
   6453.1267927601684       0.429467529       6.07784423E-05
   6455.5839998983301       0.433776408       6.13968878E-05
   6458.0412070364919       0.437412739       6.17961414E-05
   6460.4984141746536       0.428213477       6.06026333E-05
   6462.9556213128162       0.445283860       6.29618735E-05
   6465.4128284509779       0.454190373       6.41430815E-05
   6467.8700355891397       0.469810009       6.64922700E-05
   6470.3272427273014       0.482087433       6.81084857E-05
   6472.7844498654631       0.461789459       6.53412499E-05
   6475.2416570036248       0.458711863       6.49812864E-05
   6477.6988641417865       0.464259326       6.56776174E-05
   6480.1560712799492       0.453898013       6.41430670E-05
   6482.6132784181109       0.453445941       6.42271480E-05
   6485.0704855562726       0.488232136       6.90310117E-05
   6487.5276926944343       0.491673291       6.94370683E-05
   6489.9848998325961       0.475668132       6.73324757E-05
   6492.4421069707587       0.486264139       6.87457650E-05
   6494.8993141089204       0.521556139       7.37418741E-05
   6497.3565212470821       0.564897120       7.97011526E-05
   6499.8137283852438       0.574888051       8.11338105E-05
   6502.2709355234056       0.622095525       8.80309235E-05
   6504.7281426615673       0.682198703       9.62449849E-05
   6507.1853497997290       0.668963194       9.45888460E-05
   6509.6425569378916       0.648628235       9.18141304E-05
   6512.0997640760534       0.636207938       8.99329461E-05
   6514.5569712142151       0.686067283       9.70736000E-05
   6517.0141783523768       0.766302288       1.08043627E-04
   6519.4713854905385       0.780228913       1.10094647E-04
   6521.9285926287002       0.816642165       1.15610659E-04
   6524.3857997668620       0.867490113       1.22430021E-04
   6526.8430069050246       0.864757240       1.22181009E-04
   6529.3002140431863       0.891683340       1.26083105E-04
   6531.7574211813480       0.930763185       1.31338515E-04
   6534.2146283195098       0.987133026       1.39550990E-04
   6536.6718354576715        1.05252969       1.48728097E-04
   6539.1290425958341        1.01361704       1.43231766E-04
   6541.5862497339958       0.941992998       1.33700087E-04
   6544.0434568721575       0.919436991       1.30185668E-04
   6546.5006640103193       0.834223628       1.18053409E-04
   6548.9578711484810       0.822619975       1.16693940E-04
   6551.4150782866427       0.870104373       1.22646146E-04
   6553.8722854248044       0.914382875       1.28926768E-04
   6556.3294925629671        1.09156048       1.54042165E-04
   6558.7866997011288        1.29391098       1.82691365E-04
   6561.2439068392905        1.23294163       1.74308792E-04
   6563.7011139774522       0.888286114       1.26694766E-04
   6566.1583211156139       0.701137543       1.00367215E-04
   6568.6155282537766       0.681656480       9.66366715E-05
   6571.0727353919374       0.694215834       9.81647536E-05
   6573.5299425301000       0.695222437       9.82869606E-05
   6575.9871496682617       0.668958783       9.46055588E-05
   6578.4443568064235       0.658670008       9.32401090E-05
   6580.9015639445852       0.683280051       9.64821666E-05
   6583.3587710827469       0.711224258       1.00447076E-04
   6585.8159782209095       0.741372168       1.04702034E-04
   6588.2731853590703       0.737091959       1.04268780E-04
   6590.7303924972330       0.724504888       1.02470629E-04
   6593.1875996353947       0.681035817       9.63667262E-05
   6595.6448067735564       0.690005183       9.76446318E-05
   6598.1020139117181       0.714164436       1.00866549E-04
   6600.5592210498799       0.715326548       1.01051002E-04
   6603.0164281880425       0.692657351       9.79648685E-05
   6605.4736353262042       0.709549308       1.00370125E-04
   6607.9308424643659       0.748177350       1.05701467E-04
   6610.3880496025276       0.759453475       1.07324930E-04
   6612.8452567406894       0.732374132       1.03528961E-04
   6615.3024638788520       0.712798953       1.01101687E-04
   6617.7596710170128       0.711245835       1.00565107E-04
   6620.2168781551754       0.641614735       9.08034999E-05
   6622.6740852933372       0.639271677       9.06583155E-05
   6625.1312924314989       0.672183692       9.47903245E-05
   6627.5884995696606       0.685845613       9.70621550E-05
   6630.0457067078223       0.713619471       1.00780147E-04
   6632.5029138459849       0.665383101       9.41826365E-05
   6634.9601209841458       0.651835322       9.22719264E-05
   6637.4173281223084       0.650816917       9.20809689E-05
   6639.8745352604701       0.681545615       9.63320199E-05
   6642.3317423986318       0.668544769       9.44689164E-05
   6644.7889495367936       0.649920762       9.21805404E-05
   6647.2461566749553       0.619525373       8.75810510E-05
   6649.7033638131179       0.552667320       7.84178992E-05
   6652.1605709512796       0.565631688       8.01546121E-05
   6654.6177780894413       0.556326866       7.84381336E-05
   6657.0749852276031       0.551700294       7.81541821E-05
   6659.5321923657648       0.609898448       8.60424043E-05
   6661.9893995039274       0.629520118       8.88902723E-05
   6664.4466066420882       0.656476080       9.27269430E-05
   6666.9038137802509       0.651203513       9.20106686E-05
   6669.3610209184126       0.673066258       9.52198170E-05
   6671.8182280565743       0.682590127       9.64853680E-05
   6674.2754351947360       0.659120321       9.33374613E-05
   6676.7326423328977       0.608588159       8.61403241E-05
   6679.1898494710604       0.570825577       8.10049387E-05
   6681.6470566092212       0.586196542       8.28855991E-05
   6684.1042637473838       0.572489262       8.08972327E-05
   6686.5614708855455       0.579858840       8.20872956E-05
   6689.0186780237073       0.596029103       8.42201698E-05
   6691.4758851618690       0.586479902       8.29493365E-05
   6693.9330923000307       0.575232208       8.12784274E-05
   6696.3902994381933       0.583732307       8.25882016E-05
   6698.8475065763550       0.648032188       9.15564015E-05
   6701.3047137145168       0.657120943       9.26123175E-05
   6703.7619208526785       0.643305957       9.11073657E-05
   6706.2191279908402       0.683689415       9.66633379E-05
   6708.6763351290019       0.677324176       9.57927914E-05
   6711.1335422671636       0.623806775       8.83932589E-05
   6713.5907494053263       0.551445961       7.81855051E-05
   6716.0479565434880       0.538374841       7.63557764E-05
   6718.5051636816497       0.575181425       8.12787111E-05
   6720.9623708198114       0.583431661       8.23386436E-05
   6723.4195779579732       0.582188070       8.24132221E-05
   6725.8767850961358       0.596821725       8.43361559E-05
   6728.3339922342975       0.590912461       8.35824248E-05
   6730.7911993724592       0.599273503       8.47359843E-05
   6733.2484065106210       0.595371902       8.41441506E-05
   6735.7056136487827       0.617293239       8.72552628E-05
   6738.1628207869444       0.654400468       9.25149143E-05
   6740.6200279251061       0.670171022       9.46933505E-05
   6743.0772350632687       0.620671034       8.78017963E-05
   6745.5344422014305       0.601700306       8.53534584E-05
   6747.9916493395922       0.611669302       8.63720779E-05
   6750.4488564777539       0.604837418       8.55781400E-05
   6752.9060636159156       0.637611091       9.01667081E-05
   6755.3632707540773       0.636919320       8.98772414E-05
   6757.8204778922391       0.634250462       8.97403661E-05
   6760.2776850304017       0.689701557       9.74868090E-05
   6762.7348921685634       0.717928290       1.01260441E-04
   6765.1920993067251       0.704988301       9.96829258E-05
   6767.6493064448869       0.728407025       1.03042301E-04
   6770.1065135830486       0.762039542       1.07650216E-04
   6772.5637207212112       0.759243786       1.07300482E-04
   6775.0209278593729       0.748938978       1.06058556E-04
   6777.4781349975347       0.747016907       1.05773412E-04
   6779.9353421356964       0.692830324       9.80718178E-05
   6782.3925492738581       0.628625333       8.91763630E-05
   6784.8497564120198       0.628503501       8.90602169E-05
   6787.3069635501815       0.642570734       9.07524300E-05
   6789.7641706883442       0.638267696       9.02788233E-05
   6792.2213778265059       0.661682546       9.35177959E-05
   6794.6785849646676       0.681504309       9.62595150E-05
   6797.1357921028293       0.707092226       9.99357580E-05
   6799.5929992409910       0.726934016       1.02648592E-04
   6802.0502063791528       0.743003607       1.05105224E-04
   6804.5074135173145       0.755014062       1.06631982E-04
   6806.9646206554771       0.740932703       1.04773557E-04
   6809.4218277936388       0.777373016       1.10034867E-04
   6811.8790349318006       0.793929577       1.12074849E-04
   6814.3362420699623       0.745242894       1.05511266E-04
   6816.7934492081240       0.740540743       1.04905797E-04
   6819.2506563462866       0.737560511       1.04227671E-04
   6821.7078634844484       0.739901662       1.04727689E-04
   6824.1650706226101       0.759053111       1.07207328E-04
   6826.6222777607718       0.772748351       1.09283610E-04
   6829.0794848989335       0.802482665       1.13318143E-04
   6831.5366920370961       0.802232146       1.13432463E-04
   6833.9938991752570       0.824297845       1.16533956E-04
   6836.4511063134196       0.823211551       1.16353331E-04
   6838.9083134515813       0.830795050       1.17562107E-04
   6841.3655205897430       0.828298748       1.17110765E-04
   6843.8227277279047       0.810283184       1.14712202E-04
   6846.2799348660665       0.784910321       1.11141111E-04
   6848.7371420042291       0.741714060       1.04819286E-04
   6851.1943491423908       0.743733287       1.05411673E-04
   6853.6515562805525       0.840867519       1.18644486E-04
   6856.1087634187143       0.852342963       1.20122051E-04
   6858.5659705568760       0.887068570       1.25825623E-04
   6861.0231776950377       0.903532863       1.27660081E-04
   6863.4803848331994       0.745170772       1.05764819E-04
   6865.9375919713621       0.649625063       9.23773623E-05
   6868.3947991095238       0.650439560       9.20942548E-05
   6870.8520062476855       0.730228364       1.03056962E-04
   6873.3092133858472       0.788567662       1.11164285E-04
   6875.7664205240089       0.829311848       1.17168485E-04
   6878.2236276621707       0.852975368       1.20510093E-04
   6880.6808348003324       0.834376574       1.18057695E-04
   6883.1380419384950       0.805334568       1.13957569E-04
   6885.5952490766567       0.783857167       1.10944158E-04
   6888.0524562148184       0.812645793       1.14979266E-04
   6890.5096633529802       0.838268638       1.18347991E-04
   6892.9668704911419       0.839204073       1.18719530E-04
   6895.4240776293036       0.859300733       1.21596240E-04
   6897.8812847674662       0.832436740       1.17584052E-04
   6900.3384919056280       0.803735316       1.13813017E-04
   6902.7956990437897       0.869730115       1.22990619E-04
   6905.2529061819514       0.929705918       1.31176595E-04
   6907.7101133201131       0.938883245       1.32842266E-04
   6910.1673204582748       0.927571952       1.31199180E-04
   6912.6245275964375       0.884760737       1.25365012E-04
   6915.0817347345992       0.871199250       1.23196427E-04
   6917.5389418727609       0.866081297       1.22513011E-04
   6919.9961490109226       0.944389522       1.33471229E-04
   6922.4533561490844        1.00309193       1.41550889E-04
   6924.9105632872470        1.01299024       1.43157042E-04
   6927.3677704254078        1.03499568       1.46290913E-04
   6929.8249775635704        1.08011997       1.52757668E-04
   6932.2821847017321        1.11663854       1.57772374E-04
   6934.7393918398939        1.06915033       1.50984444E-04
   6937.1965989780556        1.10274839       1.56268041E-04
   6939.6538061162173        1.23992229       1.74723900E-04
   6942.1110132543799        1.29932892       1.83502358E-04
   6944.5682203925408        1.39680398       1.97414076E-04
   6947.0254275307034        1.36894882       1.93537722E-04
   6949.4826346688651        1.28299391       1.81738797E-04
   6951.9398418070268        1.22284126       1.73408305E-04
   6954.3970489451885        1.23900235       1.75097623E-04
   6956.8542560833503        1.23997927       1.75338981E-04
   6959.3114632215129        1.34647417       1.90371124E-04
   6961.7686703596746        1.39285803       1.96487352E-04
   6964.2258774978363        1.38230836       1.95673318E-04
   6966.6830846359981        1.39922667       1.97723552E-04
   6969.1402917741598        1.39670753       1.97540867E-04
   6971.5974989123215        1.46634555       2.07295234E-04
   6974.0547060504832        1.50407112       2.12476676E-04
   6976.5119131886458        1.50914860       2.13454448E-04
   6978.9691203268076        1.51490819       2.14245185E-04
   6981.4263274649693        1.50902212       2.13512292E-04
   6983.8835346031310        1.50737107       2.13248801E-04
   6986.3407417412927        1.47082853       2.08134807E-04
   6988.7979488794554        1.45422399       2.05867269E-04
   6991.2551560176171        1.44240868       2.04007491E-04
   6993.7123631557788        1.46634412       2.07498553E-04
   6996.1695702939405        1.51043487       2.13496227E-04
   6998.6267774321022        1.51695347       2.14440573E-04
   7001.0839845702640        1.52622104       2.15707449E-04
   7003.5411917084257        1.61168718       2.28023651E-04
   7005.9983988465883        1.71191359       2.41559799E-04
   7008.4556059847500        1.70335734       2.40832567E-04
   7010.9128131229118        1.76328886       2.49396835E-04
   7013.3700202610735        1.79542840       2.53712642E-04
   7015.8272273992352        1.78197122       2.51759106E-04
   7018.2844345373978        1.78520203       2.52625498E-04
   7020.7416416755586        1.87513423       2.64610368E-04
   7023.1988488137213        1.90814435       2.69451732E-04
   7025.6560559518830        2.07692719       2.93309015E-04
   7028.1132630900447        2.21671152       3.12571181E-04
   7030.5704702282064        2.30463552       3.25518457E-04
   7033.0276773663682        2.35989571       3.33252596E-04
   7035.4848845045308        2.39176917       3.38187878E-04
   7037.9420916426916        2.43054390       3.43312451E-04
   7040.3992987808542        2.43936419       3.44945409E-04
   7042.8565059190159        2.52898002       3.57629615E-04
   7045.3137130571777        2.51012707       3.55329248E-04
   7047.7709201953394        2.28276968       3.24187742E-04
   7050.2281273335011        1.80248773       2.56777654E-04
   7052.6853344716637        1.29467213       1.85515280E-04
   7055.1425416098255        1.03258336       1.47475846E-04
   7057.5997487479872       0.906255901       1.28664688E-04
   7060.0569558861489       0.911620498       1.29062973E-04
   7062.5141630243106       0.964195073       1.36017872E-04
   7064.9713701624732       0.997479439       1.40738994E-04
   7067.4285773006350        1.04438925       1.47494415E-04
   7069.8857844387967        1.06700087       1.50402513E-04
   7072.3429915769584        1.08700550       1.53634988E-04
   7074.8001987151201        1.15987933       1.63588033E-04
   7077.2574058532819        1.18753350       1.67726073E-04
   7079.7146129914436        1.22018886       1.72578555E-04
   7082.1718201296062        1.15219438       1.63096862E-04
   7084.6290272677679       0.992309809       1.40696546E-04
   7087.0862344059296       0.865802944       1.23052232E-04
   7089.5434415440914       0.865850925       1.22604426E-04
   7092.0006486822531       0.855109453       1.20881079E-04
   7094.4578558204148       0.848245203       1.19909877E-04
   7096.9150629585765       0.863161683       1.22112862E-04
   7099.3722700967392       0.916130602       1.29247783E-04
   7101.8294772349009       0.935938001       1.32161353E-04
   7104.2866843730626        1.01347601       1.43182711E-04
   7106.7438915112243        1.05230081       1.48411636E-04
   7109.2010986493860        1.06090796       1.49936430E-04
   7111.6583057875478        1.10554671       1.56210372E-04
   7114.1155129257095        1.16616011       1.64746962E-04
   7116.5727200638721        1.17670631       1.66395825E-04
   7119.0299272020338        1.11656690       1.58108174E-04
   7121.4871343401956        1.00550294       1.42676232E-04
   7123.9443414783573       0.924436986       1.31162364E-04
   7126.4015486165190       0.859474123       1.21803372E-04
   7128.8587557546816       0.853269279       1.20970231E-04
   7131.3159628928424       0.839288652       1.18485063E-04
   7133.7731700310051       0.813049793       1.15200499E-04
   7136.2303771691668       0.879902899       1.24283324E-04
   7138.6875843073285       0.904550016       1.27677049E-04
   7141.1447914454911       0.934116185       1.32108282E-04
   7143.6019985836519       0.937511265       1.32358109E-04
   7146.0592057218146       0.932363212       1.31875800E-04
   7148.5164128599763       0.991919875       1.40258577E-04
   7150.9736199981380        1.02332401       1.44359277E-04
   7153.4308271362997        1.01371622       1.43503392E-04
   7155.8880342744615        1.02954113       1.45589118E-04
   7158.3452414126241       0.986171067       1.39437921E-04
   7160.8024485507858       0.967846453       1.37174415E-04
   7163.2596556889475       0.973834634       1.37645853E-04
   7165.7168628271093       0.938189566       1.32744928E-04
   7168.1740699652710       0.957949460       1.35592330E-04
   7170.6312771034327       0.975738466       1.37673516E-04
   7173.0884842415944        1.01249611       1.43343364E-04
   7175.5456913797570        1.09016728       1.53786561E-04
   7178.0028985179188        1.06855679       1.51081898E-04
   7180.4601056560805        1.09239936       1.54431822E-04
   7182.9173127942422        1.11688256       1.57986738E-04
   7185.3745199324039        1.17543745       1.66063910E-04
   7187.8317270705656        1.14407575       1.61765216E-04
   7190.2889342087274        1.14602733       1.62419674E-04
   7192.7461413468900        1.11377156       1.57623101E-04
   7195.2033484850517        1.01142263       1.43290366E-04
   7197.6605556232134       0.950376630       1.34769070E-04
   7200.1177627613752        1.00584078       1.42293269E-04
   7202.5749698995369        1.06264353       1.49855885E-04
   7205.0321770376986        1.11194074       1.57153452E-04
   7207.4893841758603        1.20721471       1.70368265E-04
   7209.9465913140230        1.27892768       1.80644129E-04
   7212.4037984521847        1.33180332       1.88107006E-04
   7214.8610055903464        1.33667231       1.88932114E-04
   7217.3182127285090        1.36300993       1.92773558E-04
   7219.7754198666698        1.41901207       2.00516937E-04
   7222.2326270048325        1.46624708       2.07302379E-04
   7224.6898341429942        1.49796176       2.11907274E-04
   7227.1470412811559        1.44572437       2.04549491E-04
   7229.6042484193176        1.37469697       1.94732012E-04
   7232.0614555574793        1.38217497       1.95499000E-04
   7234.5186626956420        1.48066640       2.09388803E-04
   7236.9758698338028        1.57882822       2.22624541E-04
   7239.4330769719654        1.60849142       2.27384691E-04
   7241.8902841101271        1.72116363       2.43073489E-04
   7244.3474912482889        1.82155991       2.57444684E-04
   7246.8046983864506        1.89179444       2.67179712E-04
   7249.2619055246123        1.84380472       2.60605040E-04
   7251.7191126627749        1.88886905       2.67240976E-04
   7254.1763198009367        2.03579998       2.87669653E-04
   7256.6335269390984        2.12204909       2.99399981E-04
   7259.0907340772601        2.14333868       3.03412206E-04
   7261.5479412154218        2.23499489       3.15538637E-04
   7264.0051483535835        2.22442102       3.14985780E-04
   7266.4623554917453        2.31374741       3.27341288E-04
   7268.9195626299079        2.14355612       3.03299021E-04
   7271.3767697680696        2.04140449       2.89656862E-04
   7273.8339769062313        2.05483866       2.90402357E-04
   7276.2911840443930        2.17230129       3.07187118E-04
   7278.7483911825548        2.41093969       3.40415980E-04
   7281.2055983207165        2.48385787       3.50691524E-04
   7283.6628054588782        2.45289373       3.47113382E-04
   7286.1200125970408        2.46105194       3.48069036E-04
   7288.5772197352026        2.53521681       3.58357473E-04
   7291.0344268733643        2.69853854       3.81111749E-04
   7293.4916340115260        2.87932062       4.06802748E-04
   7295.9488411496877        3.01624489       4.25861857E-04
   7298.4060482878504        3.03258586       4.28830506E-04
   7300.8632554260121        3.15339112       4.45578480E-04
   7303.3204625641738        3.28698158       4.64817160E-04
   7305.7776697023355        3.44492435       4.86387871E-04
   7308.2348768404972        3.38661599       4.78751841E-04
   7310.6920839786590        3.55233407       5.02706098E-04
   7313.1492911168207        3.69946003       5.22063638E-04
   7315.6064982549833        3.79039741       5.36086271E-04
   7318.0637053931450        3.95604563       5.58688887E-04
   7320.5209125313067        4.04872894       5.72518737E-04
   7322.9781196694685        4.15648222       5.87517628E-04
   7325.4353268076302        4.11440516       5.81766479E-04
   7327.8925339457928        4.14298677       5.85816219E-04
   7330.3497410839536        4.34440470       6.14132325E-04
   7332.8069482221163        4.63875103       6.54779258E-04
   7335.2641553602780        4.79857922       6.78441313E-04
   7337.7213624984397        4.85393763       6.86029496E-04
   7340.1785696366014        4.63516760       6.56397140E-04
   7342.6357767747631        4.58478022       6.49162394E-04
   7345.0929839129258        4.46265268       6.31298579E-04
   7347.5501910510866        4.50075531       6.37196004E-04
   7350.0073981892492        4.53902006       6.41229097E-04
   7352.4646053274109        4.55986261       6.45191642E-04
   7354.9218124655727        4.71034098       6.65482192E-04
   7357.3790196037344        4.78395796       6.76207186E-04
   7359.8362267418961        4.94155121       6.98056596E-04
   7362.2934338800587        5.07472515       7.17281015E-04
   7364.7506410182204        5.28890514       7.47317623E-04
   7367.2078481563822        5.31606913       7.51741929E-04
   7369.6650552945439        5.21657467       7.37713301E-04
   7372.1222624327056        5.05188560       7.14973139E-04
   7374.5794695708682        5.16168070       7.30424246E-04
   7377.0366767090300        5.26410151       7.43399723E-04
   7379.4938838471917        5.23584700       7.40618794E-04
   7381.9510909853534        5.38126183       7.60873780E-04
   7384.4082981235151        5.38111782       7.60768075E-04
   7386.8655052616768        5.34277439       7.56191439E-04
   7389.3227123998386        5.19914389       7.35192094E-04
   7391.7799195380012        5.10190725       7.22591241E-04
   7394.2371266761629        5.18140936       7.32090615E-04
   7396.6943338143246        5.18780327       7.34266534E-04
   7399.1515409524864        5.28763247       7.47228332E-04
   7401.6087480906481        5.06047392       7.15995324E-04
   7404.0659552288098        5.08068657       7.18923577E-04
   7406.5231623669715        5.12968826       7.25270365E-04
   7408.9803695051341        5.20451498       7.35559501E-04
   7411.4375766432959        5.15099049       7.28894607E-04
   7413.8947837814576        5.14884520       7.28032086E-04
   7416.3519909196193        4.97540998       7.03794358E-04
   7418.8091980577810        5.07679272       7.18283933E-04
   7421.2664051959437        5.19815779       7.34101865E-04
   7423.7236123341045        5.30477047       7.50275271E-04
   7426.1808194722671        5.33485031       7.53890898E-04
   7428.6380266104288        5.23658609       7.41303491E-04
   7431.0952337485905        5.15797520       7.29462714E-04
   7433.5524408867523        5.04742813       7.14381691E-04
   7436.0096480249140        5.08603764       7.19489297E-04
   7438.4668551630766        5.07588768       7.17953895E-04
   7440.9240623012374        4.93983793       6.98520686E-04
   7443.3812694394001        4.89343739       6.92812202E-04
   7445.8384765775618        5.02897358       7.10536784E-04
   7448.2956837157235        5.10146523       7.21571501E-04
   7450.7528908538861        5.15101242       7.27719569E-04
   7453.2100979920478        5.03428459       7.12571200E-04
   7455.6673051302096        5.12064266       7.23793812E-04
   7458.1245122683713        5.13421774       7.26331549E-04
   7460.5817194065330        5.27321625       7.44937104E-04
   7463.0389265446947        5.22350693       7.38876755E-04
   7465.4961336828565        5.38179588       7.61189265E-04
   7467.9533408210191        5.28985691       7.47748651E-04
   7470.4105479591808        5.18875933       7.34311063E-04
   7472.8677550973425        5.21054316       7.37191527E-04
   7475.3249622355042        5.32892942       7.52952998E-04
   7477.7821693736660        5.36334085       7.58450537E-04
   7480.2393765118277        5.52577639       7.80833128E-04
   7482.6965836499894        5.55071354       7.84755568E-04
   7485.1537907881520        5.69016171       8.04706302E-04
   7487.6109979263138        5.64031219       7.97371962E-04
   7490.0682050644755        5.56969833       7.88041332E-04
   7492.5254122026372        5.55393124       7.85365643E-04
   7494.9826193407989        5.71093988       8.07590492E-04
   7497.4398264789606        5.89469814       8.32869788E-04
   7499.8970336171224        5.92647696       8.37852946E-04
   7502.3542407552850        5.91640472       8.36773776E-04
   7504.8114478934467        5.94465828       8.40800989E-04
   7507.2686550316084        5.98077679       8.45872157E-04
   7509.7258621697702        5.97157192       8.44442286E-04
   7512.1830693079319        5.90119600       8.35167011E-04
   7514.6402764460936        5.88644218       8.32481775E-04
   7517.0974835842553        5.78084564       8.17833177E-04
   7519.5546907224179        5.90446615       8.35174345E-04
   7522.0118978605797        5.98010492       8.45064525E-04
   7524.4691049987414        6.02214146       8.51461315E-04
   7526.9263121369040        6.09096479       8.60859815E-04
   7529.3835192750648        6.25657940       8.84696259E-04
   7531.8407264132275        6.43226957       9.08357964E-04
   7534.2979335513892        6.48234463       9.16898309E-04
   7536.7551406895509        6.67349243       9.43038380E-04
   7539.2123478277126        6.61782503       9.35851189E-04
   7541.6695549658743        6.65864277       9.42222774E-04
   7544.1267621040370        6.53824139       9.24520486E-04
   7546.5839692421978        6.41794491       9.08519432E-04
   7549.0411763803604        6.43147135       9.08919610E-04
   7551.4983835185221        6.53056097       9.23744927E-04
   7553.9555906566839        6.81172752       9.62168211E-04
   7556.4127977948456        6.73121977       9.51467198E-04
   7558.8700049330073        6.64740372       9.40553960E-04
   7561.3272120711699        6.49981117       9.19132493E-04
   7563.7844192093316        6.40419292       9.05874418E-04
   7566.2416263474934        6.41979170       9.07082635E-04
   7568.6988334856551        6.54199457       9.24577296E-04
   7571.1560406238168        6.80043221       9.60688514E-04
   7573.6132477619785        6.85500765       9.68078268E-04
   7576.0704549001402        6.83644104       9.66413820E-04
   7578.5276620383029        7.03658867       9.95522598E-04
   7580.9848691764637        7.07451677       1.00020214E-03
   7583.4420763146263        6.51145697       9.23209591E-04
   7585.8992834527880        5.72167492       8.13074876E-04
   7588.3564905909498        4.75414705       6.76495722E-04
   7590.8136977291124        3.93129015       5.60761546E-04
   7593.2709048672732        3.22439456       4.59665636E-04
   7595.7281120054358        2.39701295       3.42159532E-04
   7598.1853191435976        1.78535581       2.55289138E-04
   7600.6425262817593        1.58142400       2.24528267E-04
   7603.0997334199219        1.57375240       2.21711161E-04
   7605.5569405580827        1.82276118       2.56685278E-04
   7608.0141476962453        2.35224795       3.29926610E-04
   7610.4713548344071        2.96822524       4.16475756E-04
   7612.9285619725688        3.72313261       5.23914176E-04
   7615.3857691107305        4.32033443       6.08599978E-04
   7617.8429762488922        4.13144970       5.83922432E-04
   7620.3001833870549        3.39838338       4.83445678E-04
   7622.7573905252157        2.68858385       3.83213599E-04
   7625.2145976633783        2.19780469       3.13158438E-04
   7627.6718048015400        1.99433017       2.82776338E-04
   7630.1290119397017        1.93715918       2.74406571E-04
   7632.5862190778635        2.05504870       2.90349475E-04
   7635.0434262160252        2.06522822       2.91794277E-04
   7637.5006333541878        2.04932594       2.89883290E-04
   7639.9578404923486        2.00495028       2.83477479E-04
   7642.4150476305113        2.01961231       2.85876682E-04
   7644.8722547686730        2.06498265       2.91984441E-04
   7647.3294619068347        1.97389126       2.79112050E-04
   7649.7866690449964        1.86891949       2.65132549E-04
   7652.2438761831581        1.80522490       2.55597726E-04
   7654.7010833213208        1.58107948       2.24225703E-04
   7657.1582904594816        1.37115026       1.94766777E-04
   7659.6154975976442        1.20207810       1.70731451E-04
   7662.0727047358059        1.13828838       1.61017582E-04
   7664.5299118739676        1.13807082       1.60774958E-04
   7666.9871190121294        1.39221954       1.96495312E-04
   7669.4443261502911        1.66616273       2.34354287E-04
   7671.9015332884537        1.75626278       2.47421063E-04
   7674.3587404266145        1.80745471       2.55457038E-04
   7676.8159475647772        1.95847535       2.76613806E-04
   7679.2731547029389        2.01928759       2.85079528E-04
   7681.7303618411006        2.01856780       2.85678747E-04
   7684.1875689792632        1.99841142       2.82844034E-04
   7686.6447761174240        1.90223110       2.69721262E-04
   7689.1019832555867        1.74911439       2.48177821E-04
   7691.5591903937484        1.54547393       2.19548907E-04
   7694.0163975319101        1.40899038       1.99921822E-04
   7696.4736046700727        1.38580394       1.96217981E-04
   7698.9308118082336        1.55510294       2.19758382E-04
   7701.3880189463962        1.79710829       2.53149163E-04
   7703.8452260845579        1.97368121       2.78340303E-04
   7706.3024332227196        2.15890479       3.04698333E-04
   7708.7596403608813        2.30345249       3.25134024E-04
   7711.2168474990431        2.37810183       3.35709105E-04
   7713.6740546372057        2.44617963       3.45620443E-04
   7716.1312617753665        2.64200687       3.73224379E-04
   7718.5884689135291        2.82327628       3.98270320E-04
   7721.0456760516909        2.91020560       4.10978828E-04
   7723.5028831898526        3.06155801       4.32574539E-04
   7725.9600903280143        3.25096464       4.59077681E-04
   7728.4172974661760        3.36663961       4.75510955E-04
   7730.8745046043387        3.44039583       4.86207136E-04
   7733.3317117424995        3.55916905       5.03459596E-04
   7735.7889188806621        3.64647508       5.15745080E-04
   7738.2461260188238        3.46317720       4.89977596E-04
   7740.7033331569855        3.24263310       4.60252864E-04
   7743.1605402951473        3.16378450       4.48093779E-04
   7745.6177474333090        2.93468428       4.15408111E-04
   7748.0749545714716        2.88754797       4.09275439E-04
   7750.5321617096324        3.02245641       4.27159132E-04
   7752.9893688477950        3.07257700       4.34058427E-04
   7755.4465759859568        3.08250356       4.35768627E-04
   7757.9037831241185        3.18296051       4.49963263E-04
   7760.3609902622811        3.31710553       4.68493206E-04
   7762.8181974004419        3.37984180       4.77472058E-04
   7765.2754045386046        3.46658754       4.89939819E-04
   7767.7326116767663        3.61915898       5.11698599E-04
   7770.1898188149280        3.70134544       5.22951595E-04
   7772.6470259530906        3.59933233       5.09231118E-04
   7775.1042330912514        3.57094216       5.05694887E-04
   7777.5614402294141        3.53392434       5.00005146E-04
   7780.0186473675749        3.41561341       4.83302603E-04
   7782.4758545057375        3.37803340       4.78082977E-04
   7784.9330616438992        3.52757168       4.98964451E-04
   7787.3902687820610        3.63569713       5.13491803E-04
   7789.8474759202236        3.58415389       5.07120742E-04
   7792.3046830583844        3.56047750       5.03758725E-04
   7794.7618901965470        3.49811769       4.94708074E-04
   7797.2190973347087        3.55444264       5.02187060E-04
   7799.6763044728705        3.82822394       5.40605106E-04
   7802.1335116110322        4.29504633       6.05865964E-04
   7804.5907187491939        4.60455894       6.49418100E-04
   7807.0479258873565        4.74092817       6.69786881E-04
   7809.5051330255174        4.84704638       6.84985891E-04
   7811.9623401636800        4.92296267       6.96260540E-04
   7814.4195473018417        4.95413876       7.00966106E-04
   7816.8767544400034        4.72648382       6.68623659E-04
   7819.3339615781651        4.48121405       6.35423930E-04
   7821.7911687163269        4.48792696       6.35553792E-04
   7824.2483758544895        4.32565069       6.11804542E-04
   7826.7055829926503        4.12518978       5.84157242E-04
   7829.1627901308129        4.18943644       5.92860102E-04
   7831.6199972689747        4.35412645       6.15074590E-04
   7834.0772044071364        4.42239428       6.24850392E-04
   7836.5344115452981        4.52796030       6.40081940E-04
   7838.9916186834598        4.66993046       6.60042395E-04
   7841.4488258216224        4.74722099       6.70455163E-04
   7843.9060329597842        4.80379200       6.79968682E-04
   7846.3632400979459        4.90592194       6.92956615E-04
   7848.8204472361076        4.70011568       6.64737134E-04
   7851.2776543742693        4.87265778       6.90229877E-04
   7853.7348615124320        4.98041201       7.02627352E-04
   7856.1920686505928        4.81118774       6.81581849E-04
   7858.6492757887554        4.89857149       6.93276757E-04
   7861.1064829269171        4.64471626       6.56727992E-04
   7863.5636900650788        4.44120741       6.29666145E-04
   7866.0208972032406        4.50961637       6.37826393E-04
   7868.4781043414023        4.49086761       6.34423923E-04
   7870.9353114795649        4.60768986       6.51596463E-04
   7873.3925186177257        4.86609364       6.86905056E-04
   7875.8497257558884        5.08065319       7.17518211E-04
   7878.3069328940501        5.28360796       7.46161328E-04
   7880.7641400322118        5.43588495       7.68240367E-04
   7883.2213471703744        5.52834606       7.80842267E-04
   7885.6785543085352        5.55575800       7.86337769E-04
   7888.1357614466979        5.61794806       7.94062682E-04
   7890.5929685848587        5.34784269       7.57191214E-04
   7893.0501757230213        5.24069357       7.42225908E-04
   7895.5073828611830        5.06986475       7.17391085E-04
   7897.9645899993448        5.00268745       7.08037755E-04
   7900.4217971375074        5.01903391       7.10312626E-04
   7902.8790042756682        5.01350451       7.09024782E-04
   7905.3362114138308        4.77772760       6.76437572E-04
   7907.7934185519925        4.61671448       6.53357536E-04
   7910.2506256901543        4.57501841       6.47669891E-04
   7912.7078328283160        4.79010916       6.77232631E-04
   7915.1650399664777        4.72349262       6.67011773E-04
   7917.6222471046403        4.69808054       6.64917461E-04
   7920.0794542428021        4.91631985       6.94539282E-04
   7922.5366613809638        5.10641003       7.21175049E-04
   7924.9938685191255        5.21108484       7.35977141E-04
   7927.4510756572872        5.38261366       7.61114119E-04
   7929.9082827954498        5.57413149       7.87513971E-04
   7932.3654899336107        5.55950260       7.86390738E-04
   7934.8226970717733        5.44786739       7.71470368E-04
   7937.2799042099350        5.13917542       7.27759791E-04
   7939.7371113480967        4.72246599       6.69324363E-04
   7942.1943184862585        4.62808990       6.55780779E-04
   7944.6515256244202        4.74552965       6.69537578E-04
   7947.1087327625828        5.02403164       7.10480032E-04
   7949.5659399007436        5.67138624       7.99727917E-04
   7952.0231470389062        5.80063963       8.19020264E-04
   7954.4803541770680        5.82796860       8.24639341E-04
   7956.9375613152297        5.59678841       7.91142054E-04
   7959.3947684533914        5.52021980       7.81635405E-04
   7961.8519755915531        5.85858679       8.27414391E-04
   7964.3091827297158        6.14567137       8.68046656E-04
   7966.7663898678766        6.40898705       9.05782741E-04
   7969.2235970060392        6.33256435       8.95552686E-04
   7971.6808041442009        6.07597971       8.60518834E-04
   7974.1380112823626        5.81752253       8.23908253E-04
   7976.5952184205253        5.67057371       8.03640462E-04
   7979.0524255586861        5.54571533       7.84508768E-04
   7981.5096326968487        5.28038692       7.47856859E-04
   7983.9668398350095        5.43133497       7.68369180E-04
   7986.4240469731722        5.62656260       7.95197207E-04
   7988.8812541113339        5.82545233       8.23042879E-04
   7991.3384612494956        5.81755257       8.22593225E-04
   7993.7956683876582        5.95901108       8.42662004E-04
   7996.2528755258199        6.06092978       8.55955528E-04
   7998.7100826639817        6.37204981       9.01509658E-04
   8001.1672898021434        6.75421858       9.53032926E-04
   8003.6244969403051        6.72288418       9.50582849E-04
   8006.0817040784677        6.92058516       9.78423166E-04
   8008.5389112166285        7.08244324       1.00091589E-03
   8010.9961183547912        7.35442257       1.03938638E-03
   8013.4533254929529        7.50669765       1.06081343E-03
   8015.9105326311146        7.64060020       1.07996119E-03
   8018.3677397692763        7.81478786       1.10499701E-03
   8020.8249469074381        8.07089233       1.14024302E-03
   8023.2821540456007        8.22737598       1.16188463E-03
   8025.7393611837615        8.75213051       1.23752863E-03
   8028.1965683219241        9.37509346       1.32246059E-03
   8030.6537754600859        1.00000000      -1937875.12    
   8033.1109825982476        0.00000000      -1.00000000    
