   5529.2169088113069        4.25732806E-02   5.64488892E-06
   5531.6741159494686        9.49196890E-03   2.08422966E-06
   5534.1313230876303        3.25463936E-02   4.75115530E-06
   5536.5885302257930        3.88252847E-02   5.50153391E-06
   5539.0457373639547        6.69866875E-02   9.54995176E-06
   5541.5029445021164        5.70216626E-02   7.75938406E-06
   5543.9601516402781        4.40162271E-02   6.71522821E-06
   5546.4173587784398        6.80512711E-02   9.21598075E-06
   5548.8745659166016        3.66375558E-02   5.53857080E-06
   5551.3317730547642        5.28532937E-02   7.63182561E-06
   5553.7889801929259        6.33346364E-02   8.78994524E-06
   5556.2461873310876        5.71243800E-02   8.07988090E-06
   5558.7033944692494        5.43761514E-02   7.83508312E-06
   5561.1606016074111        7.25017712E-02   1.02131844E-05
   5563.6178087455728        7.30727091E-02   1.02891809E-05
   5566.0750158837354        7.16333762E-02   1.01086198E-05
   5568.5322230218972        7.10450485E-02   1.02082395E-05
   5570.9894301600589        9.44001675E-02   1.33037702E-05
   5573.4466372982206        9.14184675E-02   1.27890744E-05
   5575.9038444363823        8.44651237E-02   1.21615622E-05
   5578.3610515745440       0.120244183       1.73551362E-05
   5580.8182587127058       0.177338555       2.47991811E-05
   5583.2754658508684       0.156830505       2.18944533E-05
   5585.7326729890301       0.128973976       1.86923535E-05
   5588.1898801271918       0.148241848       2.08244346E-05
   5590.6470872653535       0.143082291       2.02151277E-05
   5593.1042944035153       0.129380986       1.81577343E-05
   5595.5615015416770       0.111275241       1.61112384E-05
   5598.0187086798396       0.141600147       1.98935631E-05
   5600.4759158180013       0.131084114       1.84476103E-05
   5602.9331229561631       0.120016396       1.69824507E-05
   5605.3903300943248       0.105565071       1.50743381E-05
   5607.8475372324865       0.124482609       1.76925550E-05
   5610.3047443706482       0.128179774       1.78897408E-05
   5612.7619515088109       0.117192596       1.67896633E-05
   5615.2191586469726       0.135318980       1.91469881E-05
   5617.6763657851343       0.139609694       1.95611974E-05
   5620.1335729232960       0.126935080       1.80577645E-05
   5622.5907800614577       0.124361403       1.75134755E-05
   5625.0479871996195       0.116485655       1.65972542E-05
   5627.5051943377821       0.119782969       1.67713042E-05
   5629.9624014759438       0.135138065       1.41553401E-05
   5632.4196086141055       0.112327754       1.60301406E-05
   5634.8768157522672       0.124566257       1.74687284E-05
   5637.3340228904290       0.130760953       1.86411380E-05
   5639.7912300285907       0.143589437       2.00891009E-05
   5642.2484371667524       0.125553742       1.78147402E-05
   5644.7056443049150       0.126685888       1.80563948E-05
   5647.1628514430768       0.136701480       1.92430998E-05
   5649.6200585812385       0.139409393       1.97846457E-05
   5652.0772657194002       0.149275899       2.10565777E-05
   5654.5344728575619       0.147496447       2.08334332E-05
   5656.9916799957236       0.148456946       2.10371709E-05
   5659.4488871338863       0.146704078       2.06963869E-05
   5661.9060942720480       0.159240186       2.28160279E-05
   5664.3633014102097       0.181503326       2.51683196E-05
   5666.8205085483714       0.142918140       2.05076904E-05
   5669.2777156865332       0.143041879       2.01471503E-05
   5671.7349228246949       0.131188124       1.87588957E-05
   5674.1921299628575       0.143824071       2.01044750E-05
   5676.6493371010192       0.130801156       1.88907670E-05
   5679.1065442391809       0.174735188       2.45129595E-05
   5681.5637513773427       0.161454961       2.28633744E-05
   5684.0209585155044       0.173201561       2.44799430E-05
   5686.4781656536661       0.161049426       2.27411692E-05
   5688.9353727918278       0.157312393       2.22750114E-05
   5691.3925799299905       0.168961838       2.43354098E-05
   5693.8497870681522       0.230661631       3.22516207E-05
   5696.3069942063139       0.198019728       2.78739735E-05
   5698.7642013444756       0.183994114       2.63643651E-05
   5701.2214084826373       0.196678147       2.77335494E-05
   5703.6786156207991       0.199577108       2.81037264E-05
   5706.1358227589617       0.183909610       2.61500791E-05
   5708.5930298971234       0.204551950       2.90390999E-05
   5711.0502370352851       0.205304086       2.86374307E-05
   5713.5074441734469       0.171762764       2.46274940E-05
   5715.9646513116086       0.188852653       2.67423184E-05
   5718.4218584497703       0.177637130       2.47932239E-05
   5720.8790655879329       0.159118220       2.30813876E-05
   5723.3362727260946       0.200846791       2.80556669E-05
   5725.7934798642564       0.176197410       2.49634049E-05
   5728.2506870024181       0.180407777       2.56972653E-05
   5730.7078941405798       0.192498446       2.71081844E-05
   5733.1651012787415       0.184218183       2.59053922E-05
   5735.6223084169033       0.172533497       2.47694679E-05
   5738.0795155550659       0.202565581       2.83773570E-05
   5740.5367226932276       0.183387190       2.60148790E-05
   5742.9939298313893       0.186562479       2.63748061E-05
   5745.4511369695510       0.186861724       2.66261704E-05
   5747.9083441077128       0.213031977       2.99090152E-05
   5750.3655512458745       0.201874584       2.87011935E-05
   5752.8227583840371       0.218726248       3.08157105E-05
   5755.2799655221988       0.210004628       2.97558126E-05
   5757.7371726603606       0.200706095       2.80643872E-05
   5760.1943797985223       0.167937607       2.43621180E-05
   5762.6515869366840       0.209608808       2.92469049E-05
   5765.1087940748457       0.172396556       2.46131858E-05
   5767.5660012130083       0.195483536       2.77310392E-05
   5770.0232083511701       0.188065112       2.64403188E-05
   5772.4804154893318       0.189997703       2.69934208E-05
   5774.9376226274935       0.187480420       2.65147646E-05
   5777.3948297656552       0.214319125       3.05373214E-05
   5779.8520369038170       0.230705231       3.21856751E-05
   5782.3092440419787       0.206661627       2.94999336E-05
   5784.7664511801413       0.219499379       3.09947027E-05
   5787.2236583183030       0.210727602       2.96806902E-05
   5789.6808654564647       0.201055065       2.86410086E-05
   5792.1380725946265       0.219245642       3.10198375E-05
   5794.5952797327882       0.227874607       3.21128318E-05
   5797.0524868709508       0.234947145       3.34236065E-05
   5799.5096940091125       0.254138768       3.56937089E-05
   5801.9669011472743       0.245733261       3.48983049E-05
   5804.4241082854360       0.246891633       3.46752677E-05
   5806.8813154235977       0.233146861       3.33734388E-05
   5809.3385225617594       0.253385484       3.52741008E-05
   5811.7957296999211       0.194456711       2.79036503E-05
   5814.2529368380838       0.201515198       2.85078731E-05
   5816.7101439762455       0.188374788       2.67593878E-05
   5819.1673511144072       0.214914113       3.04371024E-05
   5821.6245582525689       0.215333462       3.02666176E-05
   5824.0817653907307       0.201012373       2.84168891E-05
   5826.5389725288924       0.200090602       2.86872018E-05
   5828.9961796670550       0.228666574       3.17651029E-05
   5831.4533868052167       0.229414701       2.62348185E-05
   5833.9105939433784       0.222360253       3.14538265E-05
   5836.3678010815402       0.206911996       2.89759428E-05
   5838.8250082197019       0.199050829       2.85350743E-05
   5841.2822153578636       0.209707081       2.93336507E-05
   5843.7394224960262       0.188875809       2.68294061E-05
   5846.1966296341880       0.180145338       2.54453498E-05
   5848.6538367723497       0.166077435       2.35161187E-05
   5851.1110439105114       0.162381351       2.30519527E-05
   5853.5682510486731       0.161728397       2.27640594E-05
   5856.0254581868348       0.158115074       2.25946751E-05
   5858.4826653249966       0.184508413       2.59541011E-05
   5860.9398724631592       0.163871050       2.29270991E-05
   5863.3970796013209       0.136369750       1.97071386E-05
   5865.8542867394826       0.155822784       2.19064823E-05
   5868.3114938776444       0.145686716       2.05870510E-05
   5870.7687010158061       0.152375400       2.17094730E-05
   5873.2259081539678       0.153310746       2.13551139E-05
   5875.6831152921304       0.133350477       1.92145326E-05
   5878.1403224302921       0.147173196       2.05546130E-05
   5880.5975295684539       0.128393874       1.83097854E-05
   5883.0547367066156       0.114787258       1.58647581E-05
   5885.5119438447773       0.114098690       1.01377700E-05
   5887.9691509829390       0.121478572       1.73326262E-05
   5890.4263581211017       0.123859674       1.71435931E-05
   5892.8835652592634       0.118841596       1.71451484E-05
   5895.3407723974251       0.126810804       1.75712448E-05
   5897.7979795355868       0.100292265       1.43998914E-05
   5900.2551866737485        9.86792743E-02   1.39751864E-05
   5902.7123938119103       0.109144166       1.56618607E-05
   5905.1696009500720       0.141398832       1.98125235E-05
   5907.6268080882346       0.132435918       1.86955458E-05
   5910.0840152263963       0.138270468       1.97449572E-05
   5912.5412223645581       0.157280549       2.21270730E-05
   5914.9984295027198       0.153836027       2.16336466E-05
   5917.4556366408815       0.139015466       1.97608533E-05
   5919.9128437790432       0.135999992       1.91911222E-05
   5922.3700509172058       0.131354213       1.87164915E-05
   5924.8272580553676       0.143610850       2.01716521E-05
   5927.2844651935293       0.127370223       1.80456809E-05
   5929.7416723316910       0.139531940       2.00245122E-05
   5932.1988794698527       0.165556386       2.31018221E-05
   5934.6560866080144       0.147864178       2.09450209E-05
   5937.1132937461771       0.143108353       2.03764339E-05
   5939.5705008843388       0.162091121       2.30580790E-05
   5942.0277080225005       0.184625357       2.58611835E-05
   5944.4849151606622       0.167958960       2.38018802E-05
   5946.9421222988240       0.172440961       2.44654966E-05
   5949.3993294369857       0.159944624       2.23224852E-05
   5951.8565365751474       0.132723242       1.92066927E-05
   5954.3137437133100       0.159265563       2.24524811E-05
   5956.7709508514718       0.160649210       2.26494849E-05
   5959.2281579896335       0.160067320       2.26447119E-05
   5961.6853651277952       0.158722818       2.24940140E-05
   5964.1425722659569       0.161619872       2.27098699E-05
   5966.5997794041186       0.139327392       1.98256203E-05
   5969.0569865422813       0.162255347       2.33048486E-05
   5971.5141936804430       0.188500345       2.61142086E-05
   5973.9714008186047       0.159953028       2.29779216E-05
   5976.4286079567664       0.173910201       2.44423773E-05
   5978.8858150949281       0.166722432       2.37247677E-05
   5981.3430222330899       0.168625638       2.35211810E-05
   5983.8002293712525       0.144512564       2.09983318E-05
   5986.2574365094142       0.193667293       2.70483961E-05
   5988.7146436475759       0.153038964       2.17039324E-05
   5991.1718507857377       0.172665551       2.49419045E-05
   5993.6290579238994       0.197412625       2.73159276E-05
   5996.0862650620611       0.178461820       2.56559797E-05
   5998.5434722002228       0.186871484       2.59999251E-05
   6001.0006793383855       0.162607372       2.35641710E-05
   6003.4578864765472       0.211089954       2.96073031E-05
   6005.9150936147089       0.194044232       2.74268750E-05
   6008.3723007528706       0.200035602       2.83392692E-05
   6010.8295078910323       0.184826761       2.60071101E-05
   6013.2867150291941       0.173626855       2.47115931E-05
   6015.7439221673567       0.173789829       2.45962347E-05
   6018.2011293055184       0.182872444       2.58525652E-05
   6020.6583364436801       0.182906285       2.58390446E-05
   6023.1155435818418       0.180703163       2.54944734E-05
   6025.5727507200036       0.172965929       2.46008549E-05
   6028.0299578581653       0.186663106       2.63261245E-05
   6030.4871649963279       0.176429674       2.48735741E-05
   6032.9443721344896       0.173407584       2.47410280E-05
   6035.4015792726514       0.197014615       2.78987609E-05
   6037.8587864108131       0.220301673       3.10813703E-05
   6040.3159935489748       0.223466247       3.15039142E-05
   6042.7732006871365       0.223719358       3.17447229E-05
   6045.2304078252982       0.226948902       3.19310129E-05
   6047.6876149634609       0.218255177       3.10779105E-05
   6050.1448221016226       0.236858696       3.33736098E-05
   6052.6020292397843       0.227288574       3.21707812E-05
   6055.0592363779460       0.246460348       3.50673654E-05
   6057.5164435161078       0.255669743       3.57052777E-05
   6059.9736506542704       0.233066991       3.34136748E-05
   6062.4308577924321       0.260749489       3.66339227E-05
   6064.8880649305938       0.252545178       3.59122459E-05
   6067.3452720687555       0.279209018       3.93558512E-05
   6069.8024792069173       0.262990713       3.71085043E-05
   6072.2596863450790       0.260845393       3.70419584E-05
   6074.7168934832407       0.256354034       3.61190832E-05
   6077.1741006214033       0.260975510       3.72239156E-05
   6079.6313077595651       0.286680639       4.02251135E-05
   6082.0885148977268       0.265446961       3.75595191E-05
   6084.5457220358885       0.257198960       3.64570369E-05
   6087.0029291740502       0.253658801       3.58957295E-05
   6089.4601363122119       0.267459303       3.79846242E-05
   6091.9173434503737       0.283653826       3.98357442E-05
   6094.3745505885363       0.262373686       3.71442438E-05
   6096.8317577266980       0.253169298       3.58677680E-05
   6099.2889648648597       0.246653080       3.48529356E-05
   6101.7461720030215       0.239601925       3.38864120E-05
   6104.2033791411832       0.226936549       3.20943327E-05
   6106.6605862793458       0.232899576       3.31704723E-05
   6109.1177934175075       0.243979365       3.41163286E-05
   6111.5750005556692       0.220940858       3.16203987E-05
   6114.0322076938310       0.243391246       3.41875311E-05
   6116.4894148319927       0.222201139       3.15231155E-05
   6118.9466219701544       0.232132658       3.28775495E-05
   6121.4038291083161       0.228506595       3.22534652E-05
   6123.8610362464788       0.233525261       3.30710136E-05
   6126.3182433846405       0.223656595       3.15067664E-05
   6128.7754505228022       0.224132180       3.19682222E-05
   6131.2326576609639       0.231314600       3.23243876E-05
   6133.6898647991256       0.209995762       3.01355867E-05
   6136.1470719372874       0.238560200       3.34094584E-05
   6138.6042790754491       0.196646228       2.77572071E-05
   6141.0614862136117       0.174421534       2.50150533E-05
   6143.5186933517734       0.184457481       2.60292254E-05
   6145.9759004899352       0.184916660       2.60491724E-05
   6148.4331076280969       0.172836393       2.45689425E-05
   6150.8903147662586       0.187977254       2.66429452E-05
   6153.3475219044212       0.192392275       2.70446690E-05
   6155.8047290425829       0.187537342       2.66542593E-05
   6158.2619361807447       0.191762149       2.69486191E-05
   6160.7191433189064       0.167415783       2.36992200E-05
   6163.1763504570681       0.167004690       2.39260371E-05
   6165.6335575952298       0.187632099       2.62432495E-05
   6168.0907647333916       0.172188178       2.44700605E-05
   6170.5479718715542       0.169104010       2.37677250E-05
   6173.0051790097159       0.150420800       2.14925185E-05
   6175.4623861478776       0.163306922       2.30038295E-05
   6177.9195932860393       0.155338123       2.20238726E-05
   6180.3768004242011       0.160073027       2.25413314E-05
   6182.8340075623637       0.147115275       2.09613372E-05
   6185.2912147005254       0.171288311       2.42853748E-05
   6187.7484218386871       0.170476779       2.38135799E-05
   6190.2056289768489       0.148365006       2.11688857E-05
   6192.6628361150106       0.147099033       2.08458860E-05
   6195.1200432531723       0.160888702       2.29081088E-05
   6197.5772503913340       0.185323983       2.60484394E-05
   6200.0344575294966       0.177494809       2.50185076E-05
   6202.4916646676584       0.171871543       2.44647581E-05
   6204.9488718058201       0.178839207       2.51597612E-05
   6207.4060789439818       0.165802315       2.34336312E-05
   6209.8632860821435       0.154429495       2.19325702E-05
   6212.3204932203053       0.167465732       2.38859320E-05
   6214.7777003584670       0.189031258       2.64379123E-05
   6217.2349074966296       0.171428487       2.43527793E-05
   6219.6921146347913       0.170460910       2.40008358E-05
   6222.1493217729530       0.147537798       2.09799018E-05
   6224.6065289111148       0.163024649       2.32715956E-05
   6227.0637360492765       0.170473203       2.37083495E-05
   6229.5209431874382       0.150664851       2.16856097E-05
   6231.9781503256008       0.167306200       2.33773044E-05
   6234.4353574637626       0.145124882       2.07368503E-05
   6236.8925646019243       0.164568067       2.33231076E-05
   6239.3497717400860       0.168361574       2.36856631E-05
   6241.8069788782477       0.165548712       2.34102426E-05
   6244.2641860164094       0.157408834       2.23164607E-05
   6246.7213931545721       0.166595250       2.36209144E-05
   6249.1786002927338       0.175347596       2.47849694E-05
   6251.6358074308955       0.188329428       2.66408824E-05
   6254.0930145690572       0.190046713       2.67405248E-05
   6256.5502217072190       0.177114516       2.50726753E-05
   6259.0074288453807       0.170465574       2.42016922E-05
   6261.4646359835424       0.181783870       2.58013279E-05
   6263.9218431217050       0.201045930       2.83766676E-05
   6266.3790502598667       0.202717111       2.85115948E-05
   6268.8362573980285       0.186390027       2.64379614E-05
   6271.2934645361902       0.189776599       2.69929296E-05
   6273.7506716743519       0.210295945       2.96878934E-05
   6276.2078788125136       0.209407791       2.94167221E-05
   6278.6650859506763       0.191839233       2.73172864E-05
   6281.1222930888380       0.204924628       2.90591652E-05
   6283.5795002269997       0.223113641       3.15395482E-05
   6286.0367073651614       0.234467655       3.30747789E-05
   6288.4939145033231       0.241027728       3.42211933E-05
   6290.9511216414849       0.257350445       3.61718376E-05
   6293.4083287796475       0.237223119       3.35994046E-05
   6295.8655359178092       0.242075309       3.44286600E-05
   6298.3227430559709       0.263064921       3.71708702E-05
   6300.7799501941327       0.279866338       3.95195675E-05
   6303.2371573322944       0.277549297       3.91411559E-05
   6305.6943644704561       0.275167823       3.91540161E-05
   6308.1515716086178       0.307623059       4.35131697E-05
   6310.6087787467804       0.317383975       4.46098893E-05
   6313.0659858849422       0.304890603       4.33235509E-05
   6315.5231930231039       0.315529436       4.45190162E-05
   6317.9804001612656       0.314129263       4.45573860E-05
   6320.4376072994273       0.331267565       4.67134050E-05
   6322.8948144375890       0.315390736       4.45479818E-05
   6325.3520215757508       0.313697636       4.45667320E-05
   6327.8092287139134       0.321939856       4.53795255E-05
   6330.2664358520751       0.330090255       4.70134801E-05
   6332.7236429902368       0.376508772       5.30921970E-05
   6335.1808501283986       0.378589600       5.33454840E-05
   6337.6380572665603       0.372930765       5.29342578E-05
   6340.0952644047229       0.387771368       5.47813797E-05
   6342.5524715428846       0.391188234       5.52721940E-05
   6345.0096786810464       0.387976021       5.48565222E-05
   6347.4668858192081       0.384622008       5.44178074E-05
   6349.9240929573698       0.385063142       5.44746290E-05
   6352.3813000955315       0.390271693       5.52320562E-05
   6354.8385072336932       0.397431314       5.61547095E-05
   6357.2957143718559       0.399701178       5.65536611E-05
   6359.7529215100176       0.399826914       5.64344991E-05
   6362.2101286481793       0.390460312       5.53230057E-05
   6364.6673357863410       0.391904205       5.53607097E-05
   6367.1245429245027       0.396493256       5.63296308E-05
   6369.5817500626654       0.426032722       5.99803825E-05
   6372.0389572008271       0.409159958       5.78928048E-05
   6374.4961643389888       0.409279466       5.78908730E-05
   6376.9533714771505       0.396357328       5.60026492E-05
   6379.4105786153123       0.388524145       5.49854049E-05
   6381.8677857534740       0.372895002       5.26561635E-05
   6384.3249928916357       0.361800760       5.13586710E-05
   6386.7822000297983       0.374829561       5.30867765E-05
   6389.2394071679601       0.409879297       5.81333152E-05
   6391.6966143061218       0.441482991       6.20697101E-05
   6394.1538214442835       0.428629309       6.07274233E-05
   6396.6110285824452       0.428051293       6.04205306E-05
   6399.0682357206069       0.424214959       6.03258195E-05
   6401.5254428587687       0.456353694       6.41663428E-05
   6403.9826499969313       0.418026805       5.91761709E-05
   6406.4398571350930       0.429921001       6.11933065E-05
   6408.8970642732547       0.447879851       6.28077396E-05
   6411.3542714114164       0.410471737       5.82685861E-05
   6413.8114785495782       0.405131847       5.73235848E-05
   6416.2686856877408       0.400556266       5.67355964E-05
   6418.7258928259025       0.423384190       6.00003477E-05
   6421.1830999640642       0.428507298       6.01575630E-05
   6423.6403071022260       0.401639879       5.72238314E-05
   6426.0975142403877       0.417779416       5.88290350E-05
   6428.5547213785494       0.412566185       5.86419446E-05
   6431.0119285167111       0.420902222       5.89913034E-05
   6433.4691356548738       0.393407911       5.64190814E-05
   6435.9263427930355       0.437310457       6.09345807E-05
   6438.3835499311972       0.440588176       5.57454841E-05
   6440.8407570693589       0.447040647       8.53259044E-05
   6443.2979642075206       0.446893603       8.33523882E-05
   6445.7551713456824       0.412353128       6.03453918E-05
   6448.2123784838450       0.435721546       6.15798199E-05
   6450.6695856220067       0.424783975       6.00904023E-05
   6453.1267927601684       0.446782917       6.33527088E-05
   6455.5839998983301       0.457835972       6.44593456E-05
   6458.0412070364919       0.447529644       6.34408789E-05
   6460.4984141746536       0.456625432       6.46260742E-05
   6462.9556213128162       0.467182785       6.59393554E-05
   6465.4128284509779       0.462056637       6.54805408E-05
   6467.8700355891397       0.483785480       6.84021652E-05
   6470.3272427273014       0.477804959       6.73075556E-05
   6472.7844498654631       0.456385672       6.47800262E-05
   6475.2416570036248       0.460506409       6.50863076E-05
   6477.6988641417865       0.471348226       6.68718349E-05
   6480.1560712799492       0.490879923       6.89780500E-05
   6482.6132784181109       0.445342183       6.31680523E-05
   6485.0704855562726       0.465250045       6.62778766E-05
   6487.5276926944343       0.509382606       7.15779024E-05
   6489.9848998325961       0.495258838       7.01103272E-05
   6492.4421069707587       0.497477263       7.04463891E-05
   6494.8993141089204       0.522015452       7.40532560E-05
   6497.3565212470821       0.564164639       7.95200031E-05
   6499.8137283852438       0.561503649       7.94569351E-05
   6502.2709355234056       0.588788927       8.34719904E-05
   6504.7281426615673       0.620959401       8.76485647E-05
   6507.1853497997290       0.645450175       9.14396805E-05
   6509.6425569378916       0.669445038       9.43399791E-05
   6512.0997640760534       0.661129832       9.38239245E-05
   6514.5569712142151       0.711357117       1.00687510E-04
   6517.0141783523768       0.740760565       1.04450533E-04
   6519.4713854905385       0.743652523       1.05389277E-04
   6521.9285926287002       0.793607950       1.12536407E-04
   6524.3857997668620       0.861062050       1.21466117E-04
   6526.8430069050246       0.883791745       1.25069899E-04
   6529.3002140431863       0.923756778       1.30650325E-04
   6531.7574211813480       0.968513489       1.37181327E-04
   6534.2146283195098        1.03250742       1.45776474E-04
   6536.6718354576715        1.05001438       1.48381849E-04
   6539.1290425958341        1.03181422       1.45330298E-04
   6541.5862497339958       0.933211505       1.32274319E-04
   6544.0434568721575       0.901285708       1.27720923E-04
   6546.5006640103193       0.878827512       1.24198836E-04
   6548.9578711484810       0.863148332       1.22203724E-04
   6551.4150782866427       0.860618532       1.21827165E-04
   6553.8722854248044       0.899256051       1.27587220E-04
   6556.3294925629671       0.991895556       1.40356773E-04
   6558.7866997011288        1.05038810       1.47722531E-04
   6561.2439068392905       0.952406943       1.34103670E-04
   6563.7011139774522       0.809546590       1.15142386E-04
   6566.1583211156139       0.735326290       1.04077917E-04
   6568.6155282537766       0.691033304       9.82922720E-05
   6571.0727353919374       0.715296686       1.00893769E-04
   6573.5299425301000       0.685778320       9.70148903E-05
   6575.9871496682617       0.689200521       9.76386727E-05
   6578.4443568064235       0.686012089       9.67896558E-05
   6580.9015639445852       0.679905653       9.65404979E-05
   6583.3587710827469       0.729854941       1.03266604E-04
   6585.8159782209095       0.750928223       1.05723011E-04
   6588.2731853590703       0.727987528       1.03253828E-04
   6590.7303924972330       0.732015491       1.03156461E-04
   6593.1875996353947       0.685696721       9.72097187E-05
   6595.6448067735564       0.687587738       9.72559428E-05
   6598.1020139117181       0.673363268       9.52959308E-05
   6600.5592210498799       0.702778399       9.96593371E-05
   6603.0164281880425       0.721809447       1.01538913E-04
   6605.4736353262042       0.694431722       9.86173836E-05
   6607.9308424643659       0.729830503       1.03268736E-04
   6610.3880496025276       0.752828777       1.06285639E-04
   6612.8452567406894       0.748694241       1.05690189E-04
   6615.3024638788520       0.706925750       9.98423639E-05
   6617.7596710170128       0.660140872       9.35991411E-05
   6620.2168781551754       0.654210150       9.26861831E-05
   6622.6740852933372       0.654118121       9.22789113E-05
   6625.1312924314989       0.637991130       9.05368361E-05
   6627.5884995696606       0.666402817       9.41473700E-05
   6630.0457067078223       0.658774972       9.29548842E-05
   6632.5029138459849       0.634274840       8.97465143E-05
   6634.9601209841458       0.616463542       8.73484605E-05
   6637.4173281223084       0.639824390       9.07057693E-05
   6639.8745352604701       0.669260681       9.43687919E-05
   6642.3317423986318       0.667813957       9.45435095E-05
   6644.7889495367936       0.672090173       9.47632434E-05
   6647.2461566749553       0.615243852       8.67853596E-05
   6649.7033638131179       0.551898122       7.84489966E-05
   6652.1605709512796       0.537301242       7.60654730E-05
   6654.6177780894413       0.543783486       7.71323830E-05
   6657.0749852276031       0.572720349       8.08239420E-05
   6659.5321923657648       0.577212691       8.17659675E-05
   6661.9893995039274       0.617162526       8.74347970E-05
   6664.4466066420882       0.655474186       9.24966880E-05
   6666.9038137802509       0.667256117       9.42719053E-05
   6669.3610209184126       0.652558208       9.21060710E-05
   6671.8182280565743       0.633355200       8.98835642E-05
   6674.2754351947360       0.648520589       9.14927296E-05
   6676.7326423328977       0.612814128       8.64412650E-05
   6679.1898494710604       0.561615527       7.96450549E-05
   6681.6470566092212       0.547880173       7.77122768E-05
   6684.1042637473838       0.557881773       7.87554163E-05
   6686.5614708855455       0.542667449       7.67315432E-05
   6689.0186780237073       0.538866937       7.63948556E-05
   6691.4758851618690       0.567708611       8.04674273E-05
   6693.9330923000307       0.606633604       8.55333346E-05
   6696.3902994381933       0.603515923       8.53836391E-05
   6698.8475065763550       0.625621080       8.86575217E-05
   6701.3047137145168       0.649572432       9.16372737E-05
   6703.7619208526785       0.658174396       9.33112606E-05
   6706.2191279908402       0.690193713       9.73764982E-05
   6708.6763351290019       0.666132390       9.38954981E-05
   6711.1335422671636       0.614165962       8.70373115E-05
   6713.5907494053263       0.587080419       8.30677091E-05
   6716.0479565434880       0.554895461       7.83862997E-05
   6718.5051636816497       0.528901100       7.51872431E-05
   6720.9623708198114       0.562966049       7.96940658E-05
   6723.4195779579732       0.586195767       8.27118492E-05
   6725.8767850961358       0.591943800       8.37558546E-05
   6728.3339922342975       0.596260309       8.42369627E-05
   6730.7911993724592       0.597153008       8.46016555E-05
   6733.2484065106210       0.617467761       8.72463788E-05
   6735.7056136487827       0.617015123       8.72199089E-05
   6738.1628207869444       0.636455476       9.03694163E-05
   6740.6200279251061       0.684607744       9.64208521E-05
   6743.0772350632687       0.649871945       9.16342178E-05
   6745.5344422014305       0.620792091       8.83930406E-05
   6747.9916493395922       0.654385269       9.22067484E-05
   6750.4488564777539       0.622607589       8.79685540E-05
   6752.9060636159156       0.616117895       8.75745027E-05
   6755.3632707540773       0.652109027       9.20596794E-05
   6757.8204778922391       0.665929019       9.42118495E-05
   6760.2776850304017       0.683690786       9.66324660E-05
   6762.7348921685634       0.695609272       9.84892467E-05
   6765.1920993067251       0.728047609       1.02937920E-04
   6767.6493064448869       0.736164391       1.03898768E-04
   6770.1065135830486       0.738255739       1.04719969E-04
   6772.5637207212112       0.774268925       1.09296911E-04
   6775.0209278593729       0.761385560       1.07405685E-04
   6777.4781349975347       0.720125198       1.01879144E-04
   6779.9353421356964       0.681950867       9.64916253E-05
   6782.3925492738581       0.656115294       9.28850277E-05
   6784.8497564120198       0.637935579       9.02178872E-05
   6787.3069635501815       0.633309245       8.97638456E-05
   6789.7641706883442       0.641890824       9.05669367E-05
   6792.2213778265059       0.634906113       9.01107269E-05
   6794.6785849646676       0.677981317       9.58337259E-05
   6797.1357921028293       0.689065218       9.72960261E-05
   6799.5929992409910       0.705395460       9.99955082E-05
   6802.0502063791528       0.730685294       1.03039747E-04
   6804.5074135173145       0.723039031       1.02414968E-04
   6806.9646206554771       0.748041749       1.05844934E-04
   6809.4218277936388       0.753754020       1.06266780E-04
   6811.8790349318006       0.733361363       1.04009152E-04
   6814.3362420699623       0.755978644       1.06882093E-04
   6816.7934492081240       0.755665183       1.06652100E-04
   6819.2506563462866       0.732105374       1.03587518E-04
   6821.7078634844484       0.729000866       1.03389350E-04
   6824.1650706226101       0.768132210       1.08616834E-04
   6826.6222777607718       0.782093942       1.10351677E-04
   6829.0794848989335       0.777517378       1.10157460E-04
   6831.5366920370961       0.798345625       1.12864611E-04
   6833.9938991752570       0.806982756       1.14025795E-04
   6836.4511063134196       0.795957267       1.12467467E-04
   6838.9083134515813       0.790228844       1.12071197E-04
   6841.3655205897430       0.818173051       1.15521165E-04
   6843.8227277279047       0.819632888       1.16010458E-04
   6846.2799348660665       0.828533292       1.16858544E-04
   6848.7371420042291       0.783422112       1.10881650E-04
   6851.1943491423908       0.783404410       1.11068977E-04
   6853.6515562805525       0.782990098       1.10367735E-04
   6856.1087634187143       0.771610916       1.09737193E-04
   6858.5659705568760       0.844093680       1.19302480E-04
   6861.0231776950377       0.862711906       1.21487719E-04
   6863.4803848331994       0.813924789       1.14930961E-04
   6865.9375919713621       0.727534473       1.02880775E-04
   6868.3947991095238       0.683155358       9.75302173E-05
   6870.8520062476855       0.765935838       1.08376385E-04
   6873.3092133858472       0.811717689       1.14459574E-04
   6875.7664205240089       0.837700605       1.18721349E-04
   6878.2236276621707       0.877120674       1.23750971E-04
   6880.6808348003324       0.874941826       1.23713704E-04
   6883.1380419384950       0.864580393       1.22080644E-04
   6885.5952490766567       0.831545472       1.17805212E-04
   6888.0524562148184       0.848941922       1.20290628E-04
   6890.5096633529802       0.868170857       1.22437763E-04
   6892.9668704911419       0.849375606       1.20146753E-04
   6895.4240776293036       0.821106315       1.15941366E-04
   6897.8812847674662       0.794324875       1.12853457E-04
   6900.3384919056280       0.838217318       1.18476150E-04
   6902.7956990437897       0.861894250       1.21988618E-04
   6905.2529061819514       0.911886871       1.28929518E-04
   6907.7101133201131       0.926948786       1.30881774E-04
   6910.1673204582748       0.942534208       1.33483991E-04
   6912.6245275964375       0.935886621       1.31633060E-04
   6915.0817347345992       0.850634933       1.20739496E-04
   6917.5389418727609       0.852851748       1.21066791E-04
   6919.9961490109226       0.913334966       1.29387568E-04
   6922.4533561490844       0.994596481       1.40398930E-04
   6924.9105632872470        1.00470960       1.41827913E-04
   6927.3677704254078        1.03249395       1.46677077E-04
   6929.8249775635704        1.11150014       1.56627095E-04
   6932.2821847017321        1.10820138       1.56876617E-04
   6934.7393918398939        1.15003335       1.62719851E-04
   6937.1965989780556        1.16778862       1.64967802E-04
   6939.6538061162173        1.21732950       1.72979853E-04
   6942.1110132543799        1.35310650       1.91019368E-04
   6944.5682203925408        1.39237678       1.96357068E-04
   6947.0254275307034        1.36992919       1.93725093E-04
   6949.4826346688651        1.33635461       1.88928840E-04
   6951.9398418070268        1.31793928       1.86683959E-04
   6954.3970489451885        1.30875337       1.84618708E-04
   6956.8542560833503        1.27199125       1.80726332E-04
   6959.3114632215129        1.37571990       1.94754888E-04
   6961.7686703596746        1.43910873       2.02828087E-04
   6964.2258774978363        1.41316903       1.99780334E-04
   6966.6830846359981        1.40339625       1.98900263E-04
   6969.1402917741598        1.43108189       2.02007039E-04
   6971.5974989123215        1.42895269       2.02764146E-04
   6974.0547060504832        1.53993058       2.17748602E-04
   6976.5119131886458        1.57276261       2.21717826E-04
   6978.9691203268076        1.54446876       2.18657442E-04
   6981.4263274649693        1.54230857       2.18147994E-04
   6983.8835346031310        1.54770243       2.18800371E-04
   6986.3407417412927        1.51648247       2.14124258E-04
   6988.7979488794554        1.46641135       2.07855890E-04
   6991.2551560176171        1.49473929       2.11640552E-04
   6993.7123631557788        1.54929721       2.19072157E-04
   6996.1695702939405        1.57540691       2.22352755E-04
   6998.6267774321022        1.55260694       2.19891575E-04
   7001.0839845702640        1.59472871       2.25710231E-04
   7003.5411917084257        1.63886809       2.31633690E-04
   7005.9983988465883        1.67228329       2.36596839E-04
   7008.4556059847500        1.73578298       2.45791540E-04
   7010.9128131229118        1.80983615       2.55415391E-04
   7013.3700202610735        1.81763935       2.57316191E-04
   7015.8272273992352        1.85883427       2.62567773E-04
   7018.2844345373978        1.84921885       2.61686102E-04
   7020.7416416755586        1.87861180       2.65711336E-04
   7023.1988488137213        1.92531037       2.72865844E-04
   7025.6560559518830        2.05718732       2.90836033E-04
   7028.1132630900447        2.16322327       3.06392380E-04
   7030.5704702282064        2.35816097       3.33472592E-04
   7033.0276773663682        2.44495559       3.44767468E-04
   7035.4848845045308        2.45919776       3.48447677E-04
   7037.9420916426916        2.53473568       3.58042395E-04
   7040.3992987808542        2.54967260       3.60622798E-04
   7042.8565059190159        2.56197190       3.61948594E-04
   7045.3137130571777        2.51000905       3.54744494E-04
   7047.7709201953394        2.37523866       3.34518263E-04
   7050.2281273335011        1.97439086       2.78663909E-04
   7052.6853344716637        1.48017561       2.10713915E-04
   7055.1425416098255        1.10199440       1.57767528E-04
   7057.5997487479872       0.953138590       1.35973998E-04
   7060.0569558861489       0.947143674       1.34255315E-04
   7062.5141630243106       0.974317372       1.37615629E-04
   7064.9713701624732       0.974281013       1.37908602E-04
   7067.4285773006350        1.01748991       1.44259859E-04
   7069.8857844387967        1.10164225       1.55740665E-04
   7072.3429915769584        1.13589013       1.60019714E-04
   7074.8001987151201        1.11187017       1.57720831E-04
   7077.2574058532819        1.15691316       1.63511271E-04
   7079.7146129914436        1.17619908       1.66406637E-04
   7082.1718201296062        1.18969059       1.67581034E-04
   7084.6290272677679        1.07379949       1.51561486E-04
   7087.0862344059296       0.947453141       1.34453090E-04
   7089.5434415440914       0.881861091       1.25095277E-04
   7092.0006486822531       0.859325409       1.21436846E-04
   7094.4578558204148       0.848513484       1.20593562E-04
   7096.9150629585765       0.907933652       1.28025305E-04
   7099.3722700967392       0.903342187       1.27970299E-04
   7101.8294772349009       0.950967133       1.34424947E-04
   7104.2866843730626       0.957453310       1.35390437E-04
   7106.7438915112243        1.01037574       1.43331636E-04
   7109.2010986493860        1.07888806       1.52153720E-04
   7111.6583057875478        1.09197307       1.54388341E-04
   7114.1155129257095        1.10429490       1.56321286E-04
   7116.5727200638721        1.14722180       1.62245531E-04
   7119.0299272020338        1.14036906       1.60572497E-04
   7121.4871343401956        1.06882763       1.51523476E-04
   7123.9443414783573        1.00860620       1.41939876E-04
   7126.4015486165190       0.873471498       1.24315178E-04
   7128.8587557546816       0.852559209       1.20561723E-04
   7131.3159628928424       0.816215694       1.15777133E-04
   7133.7731700310051       0.851480961       1.20347664E-04
   7136.2303771691668       0.839898944       1.18768396E-04
   7138.6875843073285       0.878775239       1.24680621E-04
   7141.1447914454911       0.923539460       1.30175991E-04
   7143.6019985836519       0.923577964       1.30699336E-04
   7146.0592057218146       0.938737512       1.32849149E-04
   7148.5164128599763       0.956327021       1.35059498E-04
   7150.9736199981380       0.959727228       1.36034432E-04
   7153.4308271362997        1.01088297       1.42870354E-04
   7155.8880342744615        1.01223922       1.42714198E-04
   7158.3452414126241       0.968861163       1.37168958E-04
   7160.8024485507858       0.957972229       1.35669688E-04
   7163.2596556889475       0.955228925       1.34846559E-04
   7165.7168628271093       0.937873363       1.33013265E-04
   7168.1740699652710       0.969678819       1.36948525E-04
   7170.6312771034327       0.964331746       1.36504852E-04
   7173.0884842415944        1.01647317       1.44201636E-04
   7175.5456913797570        1.09176397       1.53972316E-04
   7178.0028985179188        1.09879422       1.55291738E-04
   7180.4601056560805        1.11623883       1.58180774E-04
   7182.9173127942422        1.16079497       1.63910401E-04
   7185.3745199324039        1.17786276       1.66896454E-04
   7187.8317270705656        1.25565875       1.77566530E-04
   7190.2889342087274        1.25704026       1.76749803E-04
   7192.7461413468900        1.15234351       1.63568911E-04
   7195.2033484850517        1.15573764       1.63636607E-04
   7197.6605556232134        1.11137295       1.56320923E-04
   7200.1177627613752        1.02056932       1.45598358E-04
   7202.5749698995369        1.12109554       1.58705559E-04
   7205.0321770376986        1.16921723       1.64896570E-04
   7207.4893841758603        1.23104048       1.74929199E-04
   7209.9465913140230        1.31909239       1.85248631E-04
   7212.4037984521847        1.24901032       1.77302238E-04
   7214.8610055903464        1.31608558       1.86432531E-04
   7217.3182127285090        1.36225545       1.92259482E-04
   7219.7754198666698        1.39965212       1.98365247E-04
   7222.2326270048325        1.47153723       2.07899822E-04
   7224.6898341429942        1.49846184       2.11527833E-04
   7227.1470412811559        1.45968127       2.06334036E-04
   7229.6042484193176        1.44872153       2.05473625E-04
   7232.0614555574793        1.50916195       2.13398918E-04
   7234.5186626956420        1.56421614       2.21256530E-04
   7236.9758698338028        1.60781789       2.27166951E-04
   7239.4330769719654        1.66265213       2.35941989E-04
   7241.8902841101271        1.80883873       2.55340361E-04
   7244.3474912482889        1.84608448       2.60941772E-04
   7246.8046983864506        1.91005814       2.70259683E-04
   7249.2619055246123        1.92135453       2.71089229E-04
   7251.7191126627749        1.93804371       2.75443774E-04
   7254.1763198009367        2.11347628       2.98344588E-04
   7256.6335269390984        2.14044213       3.02218134E-04
   7259.0907340772601        2.19181633       3.10870761E-04
   7261.5479412154218        2.27050781       3.19835148E-04
   7264.0051483535835        2.23141265       3.16533202E-04
   7266.4623554917453        2.29708767       3.23966902E-04
   7268.9195626299079        2.21605372       3.13535653E-04
   7271.3767697680696        2.17227483       3.07016540E-04
   7273.8339769062313        2.14095545       3.04108486E-04
   7276.2911840443930        2.29954624       3.24904977E-04
   7278.7483911825548        2.39782524       3.39788006E-04
   7281.2055983207165        2.57481170       3.63054947E-04
   7283.6628054588782        2.55342364       3.61414830E-04
   7286.1200125970408        2.63307714       3.72106297E-04
   7288.5772197352026        2.60411358       3.68573557E-04
   7291.0344268733643        2.77654600       3.94306204E-04
   7293.4916340115260        3.02040052       4.25918610E-04
   7295.9488411496877        3.14728546       4.45596001E-04
   7298.4060482878504        3.24956656       4.58251307E-04
   7300.8632554260121        3.26256204       4.63042059E-04
   7303.3204625641738        3.47174597       4.90135106E-04
   7305.7776697023355        3.54691267       5.02367388E-04
   7308.2348768404972        3.74667120       5.29179699E-04
   7310.6920839786590        3.77504921       5.33917220E-04
   7313.1492911168207        3.90511179       5.52707817E-04
   7315.6064982549833        4.01006889       5.66863862E-04
   7318.0637053931450        4.14919329       5.87096845E-04
   7320.5209125313067        4.23337746       5.97689243E-04
   7322.9781196694685        4.21830034       5.96721948E-04
   7325.4353268076302        4.20618820       5.94764540E-04
   7327.8925339457928        4.24480104       6.01397245E-04
   7330.3497410839536        4.43365526       6.27218687E-04
   7332.8069482221163        4.64883852       6.57842204E-04
   7335.2641553602780        4.87876511       6.89180568E-04
   7337.7213624984397        4.93745518       6.97270851E-04
   7340.1785696366014        4.81544638       6.79891557E-04
   7342.6357767747631        4.60653114       6.52997580E-04
   7345.0929839129258        4.65891504       6.59280224E-04
   7347.5501910510866        4.68162489       6.61570230E-04
   7350.0073981892492        4.70466852       6.65869622E-04
   7352.4646053274109        4.74287224       6.70336536E-04
   7354.9218124655727        4.80918550       6.81273290E-04
   7357.3790196037344        4.96198893       7.00776465E-04
   7359.8362267418961        5.04401016       7.14700669E-04
   7362.2934338800587        5.29689884       7.48476479E-04
   7364.7506410182204        5.43176174       7.68253405E-04
   7367.2078481563822        5.49488258       7.74781452E-04
   7369.6650552945439        5.25118446       7.43786281E-04
   7372.1222624327056        5.24875641       7.42430042E-04
   7374.5794695708682        5.18713808       7.33868801E-04
   7377.0366767090300        5.26262712       7.44594727E-04
   7379.4938838471917        5.30203438       7.49847852E-04
   7381.9510909853534        5.45882559       7.72837840E-04
   7384.4082981235151        5.58516407       7.88144825E-04
   7386.8655052616768        5.49729109       7.77424721E-04
   7389.3227123998386        5.41929674       7.66280980E-04
   7391.7799195380012        5.28076363       7.46586418E-04
   7394.2371266761629        5.25355005       7.45272380E-04
   7396.6943338143246        5.44871855       7.68779602E-04
   7399.1515409524864        5.33037949       7.53453583E-04
   7401.6087480906481        5.23239851       7.40259769E-04
   7404.0659552288098        5.16813183       7.31697306E-04
   7406.5231623669715        5.26425266       7.44716963E-04
   7408.9803695051341        5.33450603       7.54231005E-04
   7411.4375766432959        5.40011406       7.63188174E-04
   7413.8947837814576        5.29752684       7.48001446E-04
   7416.3519909196193        5.11117601       7.23905803E-04
   7418.8091980577810        5.11818027       7.24809768E-04
   7421.2664051959437        5.23929834       7.40871183E-04
   7423.7236123341045        5.35267019       7.57125556E-04
   7426.1808194722671        5.44789600       7.69668375E-04
   7428.6380266104288        5.41952705       7.66179583E-04
   7431.0952337485905        5.32975626       7.52794556E-04
   7433.5524408867523        5.09812975       7.21477962E-04
   7436.0096480249140        5.05827856       7.16823444E-04
   7438.4668551630766        5.07952166       7.16671173E-04
   7440.9240623012374        4.97247267       7.04989536E-04
   7443.3812694394001        5.09597158       7.19947915E-04
   7445.8384765775618        5.06738329       7.16771930E-04
   7448.2956837157235        5.12416172       7.24810117E-04
   7450.7528908538861        5.13145018       7.25303078E-04
   7453.2100979920478        5.11498308       7.23271572E-04
   7455.6673051302096        5.08782434       7.20145064E-04
   7458.1245122683713        5.18274260       7.33059016E-04
   7460.5817194065330        5.23472786       7.40064017E-04
   7463.0389265446947        5.30848169       7.50982843E-04
   7465.4961336828565        5.33313608       7.53385480E-04
   7467.9533408210191        5.33235359       7.55155925E-04
   7470.4105479591808        5.38566685       7.60237745E-04
   7472.8677550973425        5.30926704       7.52265041E-04
   7475.3249622355042        5.42723227       7.66860787E-04
   7477.7821693736660        5.42545891       7.67969235E-04
   7480.2393765118277        5.59458399       7.91413593E-04
   7482.6965836499894        5.69004822       8.03957868E-04
   7485.1537907881520        5.69984150       8.05517600E-04
   7487.6109979263138        5.62959766       7.96691398E-04
   7490.0682050644755        5.66893911       8.01577989E-04
   7492.5254122026372        5.64867544       7.99145375E-04
   7494.9826193407989        5.77166605       8.17206921E-04
   7497.4398264789606        5.92074251       8.36102816E-04
   7499.8970336171224        5.90290403       8.34654202E-04
   7502.3542407552850        5.90325117       8.35380808E-04
   7504.8114478934467        5.97359324       8.44918541E-04
   7507.2686550316084        6.08635569       8.61175242E-04
   7509.7258621697702        6.17474699       8.71505705E-04
   7512.1830693079319        5.98737860       8.46580544E-04
   7514.6402764460936        5.89385414       8.34995590E-04
   7517.0974835842553        5.97456408       8.44830123E-04
   7519.5546907224179        6.00367355       8.48569733E-04
   7522.0118978605797        6.00045729       8.48822587E-04
   7524.4691049987414        5.96202421       8.42432259E-04
   7526.9263121369040        5.99354219       8.50514800E-04
   7529.3835192750648        6.31643772       8.91224365E-04
   7531.8407264132275        6.33658171       8.97270045E-04
   7534.2979335513892        6.59050894       9.31645045E-04
   7536.7551406895509        6.64538860       9.39230144E-04
   7539.2123478277126        6.73608351       9.52945091E-04
   7541.6695549658743        6.76067019       9.55337076E-04
   7544.1267621040370        6.72432709       9.50740126E-04
   7546.5839692421978        6.63014889       9.38046840E-04
   7549.0411763803604        6.67671776       9.44726344E-04
   7551.4983835185221        6.65418530       9.39787657E-04
   7553.9555906566839        6.63005447       9.39992955E-04
   7556.4127977948456        6.82266378       9.62860242E-04
   7558.8700049330073        6.68626928       9.45574429E-04
   7561.3272120711699        6.64529514       9.40231781E-04
   7563.7844192093316        6.59015465       9.31784743E-04
   7566.2416263474934        6.59067249       9.32787603E-04
   7568.6988334856551        6.65204048       9.40901693E-04
   7571.1560406238168        6.80811834       9.63481725E-04
   7573.6132477619785        6.92844820       9.78283118E-04
   7576.0704549001402        6.94393158       9.83770937E-04
   7578.5276620383029        7.15223169       1.00993109E-03
   7580.9848691764637        6.98603344       9.85721475E-04
   7583.4420763146263        6.46873140       9.12760792E-04
   7585.8992834527880        5.53784227       7.82764517E-04
   7588.3564905909498        4.56301641       6.47937180E-04
   7590.8136977291124        3.82093430       5.42216701E-04
   7593.2709048672732        3.30182624       4.68670652E-04
   7595.7281120054358        2.93139768       4.14656562E-04
   7598.1853191435976        2.55826306       3.62498744E-04
   7600.6425262817593        2.25766826       3.19984654E-04
   7603.0997334199219        2.14306998       3.05775699E-04
   7605.5569405580827        2.47972322       3.52429604E-04
   7608.0141476962453        2.95518661       4.18555108E-04
   7610.4713548344071        3.51789284       4.98551002E-04
   7612.9285619725688        4.02191973       5.67444426E-04
   7615.3857691107305        4.34193277       6.14241639E-04
   7617.8429762488922        4.45606804       6.25539513E-04
   7620.3001833870549        3.84149814       5.42823516E-04
   7622.7573905252157        3.26013780       4.62823838E-04
   7625.2145976633783        2.74660373       3.88438406E-04
   7627.6718048015400        2.29638624       3.27402056E-04
   7630.1290119397017        2.21352482       3.14604957E-04
   7632.5862190778635        2.33016062       3.29425267E-04
   7635.0434262160252        2.34492636       3.30679031E-04
   7637.5006333541878        2.32592320       3.30168434E-04
   7639.9578404923486        2.39713669       3.37533274E-04
   7642.4150476305113        2.26763582       3.21213709E-04
   7644.8722547686730        2.23148346       3.15201411E-04
   7647.3294619068347        2.10772705       2.98406288E-04
   7649.7866690449964        2.07635570       2.93552061E-04
   7652.2438761831581        1.93828321       2.73351296E-04
   7654.7010833213208        1.74364793       2.46908690E-04
   7657.1582904594816        1.53674936       2.17137320E-04
   7659.6154975976442        1.31023765       1.85850658E-04
   7662.0727047358059        1.17689764       1.67708495E-04
   7664.5299118739676        1.27242470       1.81044306E-04
   7666.9871190121294        1.45993042       2.06199256E-04
   7669.4443261502911        1.60900581       2.27890909E-04
   7671.9015332884537        1.77374101       2.50364799E-04
   7674.3587404266145        1.82989717       2.58557498E-04
   7676.8159475647772        1.91169274       2.71054625E-04
   7679.2731547029389        2.04775643       2.89098534E-04
   7681.7303618411006        2.08810568       2.94961384E-04
   7684.1875689792632        2.07951856       2.93794903E-04
   7686.6447761174240        2.00598049       2.83246598E-04
   7689.1019832555867        1.86508298       2.63586029E-04
   7691.5591903937484        1.69042981       2.39100948E-04
   7694.0163975319101        1.51876879       2.15086548E-04
   7696.4736046700727        1.40478873       1.99527683E-04
   7698.9308118082336        1.47132492       2.09350997E-04
   7701.3880189463962        1.68708920       2.38735811E-04
   7703.8452260845579        1.91479397       2.71369558E-04
   7706.3024332227196        2.17165494       3.06581758E-04
   7708.7596403608813        2.30041575       3.25166853E-04
   7711.2168474990431        2.44086719       3.45377804E-04
   7713.6740546372057        2.54817772       3.59948317E-04
   7716.1312617753665        2.65625715       3.76491575E-04
   7718.5884689135291        2.83902240       4.01036988E-04
   7721.0456760516909        2.95131207       4.17572854E-04
   7723.5028831898526        3.07706499       4.34768852E-04
   7725.9600903280143        3.14743161       4.45514423E-04
   7728.4172974661760        3.30134964       4.67185688E-04
   7730.8745046043387        3.47928882       4.92173014E-04
   7733.3317117424995        3.61677837       5.10280719E-04
   7735.7889188806621        3.56964540       5.04940690E-04
   7738.2461260188238        3.58014393       5.06097043E-04
   7740.7033331569855        3.44663978       4.86147765E-04
   7743.1605402951473        3.22362685       4.56950249E-04
   7745.6177474333090        3.10819054       4.39228752E-04
   7748.0749545714716        2.96659112       4.20223252E-04
   7750.5321617096324        2.93763852       4.15699120E-04
   7752.9893688477950        2.95558167       4.18603217E-04
   7755.4465759859568        3.05572820       4.31824243E-04
   7757.9037831241185        3.08964062       4.37167095E-04
   7760.3609902622811        3.21110749       4.54673893E-04
   7762.8181974004419        3.36873221       4.76323941E-04
   7765.2754045386046        3.51673746       4.97245113E-04
   7767.7326116767663        3.61976600       5.11616585E-04
   7770.1898188149280        3.68118596       5.20440692E-04
   7772.6470259530906        3.71887851       5.25925774E-04
   7775.1042330912514        3.72991562       5.26762335E-04
   7777.5614402294141        3.60694933       5.09717211E-04
   7780.0186473675749        3.48557353       4.93711792E-04
   7782.4758545057375        3.47697377       4.92043211E-04
   7784.9330616438992        3.52275062       4.98560374E-04
   7787.3902687820610        3.62703061       5.13095409E-04
   7789.8474759202236        3.71711898       5.25001611E-04
   7792.3046830583844        3.66327882       5.17347478E-04
   7794.7618901965470        3.58123040       5.07455552E-04
   7797.2190973347087        3.62104893       5.12109313E-04
   7799.6763044728705        3.75523877       5.33283514E-04
   7802.1335116110322        4.20833015       5.95403020E-04
   7804.5907187491939        4.54756308       6.42245810E-04
   7807.0479258873565        4.76051140       6.72616472E-04
   7809.5051330255174        4.83477640       6.83437102E-04
   7811.9623401636800        4.92978096       6.97582203E-04
   7814.4195473018417        4.97622919       7.02048244E-04
   7816.8767544400034        4.76088810       6.72950584E-04
   7819.3339615781651        4.60791063       6.53244089E-04
   7821.7911687163269        4.59080839       6.47753477E-04
   7824.2483758544895        4.31829739       6.10506337E-04
   7826.7055829926503        4.13882160       5.87053248E-04
   7829.1627901308129        4.18575859       5.92395780E-04
   7831.6199972689747        4.29901171       6.08170754E-04
   7834.0772044071364        4.41790915       6.24674081E-04
   7836.5344115452981        4.53967237       6.42211002E-04
   7838.9916186834598        4.63867331       6.55293348E-04
   7841.4488258216224        4.67958689       6.62623497E-04
   7843.9060329597842        4.83185053       6.82829646E-04
   7846.3632400979459        4.83359718       6.82862359E-04
   7848.8204472361076        4.82362509       6.82997517E-04
   7851.2776543742693        4.86915255       6.87856693E-04
   7853.7348615124320        4.84311056       6.85650390E-04
   7856.1920686505928        4.95225716       7.00531818E-04
   7858.6492757887554        4.97634935       7.02077581E-04
   7861.1064829269171        4.75228405       6.71738409E-04
   7863.5636900650788        4.55205965       6.44817657E-04
   7866.0208972032406        4.47532272       6.32930838E-04
   7868.4781043414023        4.46183777       6.32363779E-04
   7870.9353114795649        4.64192152       6.56443241E-04
   7873.3925186177257        4.79877043       6.79372286E-04
   7875.8497257558884        5.14001083       7.27742154E-04
   7878.3069328940501        5.40250063       7.61836476E-04
   7880.7641400322118        5.44301414       7.71045918E-04
   7883.2213471703744        5.66856670       8.01299058E-04
   7885.6785543085352        5.74638987       8.11681384E-04
   7888.1357614466979        5.70163727       8.05853517E-04
   7890.5929685848587        5.58144331       7.89361715E-04
   7893.0501757230213        5.45601177       7.71103252E-04
   7895.5073828611830        5.26375580       7.44753866E-04
   7897.9645899993448        5.13447094       7.26479571E-04
   7900.4217971375074        5.14063311       7.28519750E-04
   7902.8790042756682        5.19474554       7.31626002E-04
   7905.3362114138308        4.87125206       6.90385350E-04
   7907.7934185519925        4.79840231       6.78077515E-04
   7910.2506256901543        4.58309841       6.49079680E-04
   7912.7078328283160        4.67235947       6.62010745E-04
   7915.1650399664777        4.71647120       6.65361411E-04
   7917.6222471046403        4.72946501       6.70934503E-04
   7920.0794542428021        4.89783430       6.91186870E-04
   7922.5366613809638        4.98018742       7.06622493E-04
   7924.9938685191255        5.35307169       7.56103545E-04
   7927.4510756572872        5.50125456       7.77840381E-04
   7929.9082827954498        5.66665888       8.00785376E-04
   7932.3654899336107        5.67497730       8.02266703E-04
   7934.8226970717733        5.63821888       7.95722532E-04
   7937.2799042099350        5.23840141       7.39772397E-04
   7939.7371113480967        4.87206268       6.91615220E-04
   7942.1943184862585        4.84638977       6.86112558E-04
   7944.6515256244202        4.92358875       6.96613453E-04
   7947.1087327625828        5.08272266       7.20179407E-04
   7949.5659399007436        5.50833273       7.80029397E-04
   7952.0231470389062        5.82902956       8.21381051E-04
   7954.4803541770680        5.82049942       8.24056100E-04
   7956.9375613152297        5.81981134       8.20408168E-04
   7959.3947684533914        5.55405283       7.88634934E-04
   7961.8519755915531        5.88924360       8.34067236E-04
   7964.3091827297158        6.12798166       8.65160488E-04
   7966.7663898678766        6.34327555       8.98046594E-04
   7969.2235970060392        6.40362501       9.01862106E-04
   7971.6808041442009        6.09412050       8.63575027E-04
   7974.1380112823626        5.94267654       8.38698063E-04
   7976.5952184205253        5.59508133       7.93435902E-04
   7979.0524255586861        5.65844107       8.00768146E-04
   7981.5096326968487        5.59791470       7.90169055E-04
   7983.9668398350095        5.49250603       7.78491551E-04
   7986.4240469731722        5.61974335       7.95085391E-04
   7988.8812541113339        5.71693754       8.07542528E-04
   7991.3384612494956        5.79474449       8.21474881E-04
   7993.7956683876582        6.06503248       8.56175146E-04
   7996.2528755258199        6.14739561       8.70979624E-04
   7998.7100826639817        6.47397232       9.14748001E-04
   8001.1672898021434        6.59698248       9.33374045E-04
   8003.6244969403051        6.87837505       9.72666603E-04
   8006.0817040784677        6.97709179       9.85970139E-04
   8008.5389112166285        7.20396280       1.02123886E-03
   8010.9961183547912        7.56066370       1.06681557E-03
   8013.4533254929529        7.60487366       1.07595720E-03
   8015.9105326311146        7.73534060       1.09392265E-03
   8018.3677397692763        7.87243509       1.11390057E-03
   8020.8249469074381        8.04552937       1.13721529E-03
   8023.2821540456007        8.26642799       1.17172510E-03
   8025.7393611837615        8.74615860       1.23476167E-03
   8028.1965683219241        8.92848492       1.26453710E-03
   8030.6537754600859        9.41957378       1.33088476E-03
   8033.1109825982476        9.45369148      -1.33695360E-03
