   5529.2169088113069        1.00000000      -5.62425088E+09
   5531.6741159494686        4.29471135E-02   6.06901904E-06
   5534.1313230876303        4.07802612E-02   5.76011689E-06
   5536.5885302257930        3.87386344E-02   5.48938078E-06
   5539.0457373639547        4.25518565E-02   6.07377524E-06
   5541.5029445021164        5.49367629E-02   7.81729705E-06
   5543.9601516402781        6.45342991E-02   9.03829368E-06
   5546.4173587784398        5.17080463E-02   7.15260512E-06
   5548.8745659166016        3.88748087E-02   5.87054637E-06
   5551.3317730547642        5.56837842E-02   7.80638038E-06
   5553.7889801929259        5.31552583E-02   7.41198937E-06
   5556.2461873310876        5.94664402E-02   8.58432577E-06
   5558.7033944692494        7.59472996E-02   1.06063026E-05
   5561.1606016074111        8.79697129E-02   1.24654534E-05
   5563.6178087455728       0.110613443       1.57100458E-05
   5566.0750158837354       0.116311371       1.60138989E-05
   5568.5322230218972       0.107339919       1.56986498E-05
   5570.9894301600589       0.121410370       1.65793153E-05
   5573.4466372982206        8.74151215E-02   1.27713138E-05
   5575.9038444363823       0.140406430       2.05384404E-05
   5578.3610515745440       0.164613217       2.21072805E-05
   5580.8182587127058       0.138317823       2.03557302E-05
   5583.2754658508684       0.185508281       2.60589532E-05
   5585.7326729890301       0.178075895       2.48525648E-05
   5588.1898801271918       0.181504801       2.61722689E-05
   5590.6470872653535       0.182370320       2.51704041E-05
   5593.1042944035153       0.142246708       2.06629920E-05
   5595.5615015416770       0.144349858       2.03360942E-05
   5598.0187086798396       0.129828542       1.85067092E-05
   5600.4759158180013       0.148523912       2.11561965E-05
   5602.9331229561631       0.152247235       2.12390987E-05
   5605.3903300943248       0.142259508       2.02050614E-05
   5607.8475372324865       0.146354944       2.08872825E-05
   5610.3047443706482       0.155772746       2.17824181E-05
   5612.7619515088109       0.139295742       1.98114394E-05
   5615.2191586469726       0.141744539       2.00732138E-05
   5617.6763657851343       0.143079534       2.03319869E-05
   5620.1335729232960       0.153941810       2.16508197E-05
   5622.5907800614577       0.137166440       1.93324722E-05
   5625.0479871996195       0.132365122       1.89662878E-05
   5627.5051943377821       0.129240647       1.80284023E-05
   5629.9624014759438       0.130375460       1.88375525E-05
   5632.4196086141055       0.157872990       2.20484617E-05
   5634.8768157522672       0.148230642       2.08580022E-05
   5637.3340228904290       0.150685772       2.15639466E-05
   5639.7912300285907       0.156737909       2.19079975E-05
   5642.2484371667524       0.143557444       2.03401942E-05
   5644.7056443049150       0.154423699       2.20606762E-05
   5647.1628514430768       0.190950945       2.70358196E-05
   5649.6200585812385       0.204174861       2.84265589E-05
   5652.0772657194002       0.176373124       2.50104404E-05
   5654.5344728575619       0.171117499       2.45382471E-05
   5656.9916799957236       0.180241063       2.53185299E-05
   5659.4488871338863       0.164747804       2.32436450E-05
   5661.9060942720480       0.159995496       2.29471825E-05
   5664.3633014102097       0.163329676       2.27868386E-05
   5666.8205085483714       0.147213280       2.11310780E-05
   5669.2777156865332       0.158988535       2.23647839E-05
   5671.7349228246949       0.148964509       2.10989474E-05
   5674.1921299628575       0.157741651       2.23745028E-05
   5676.6493371010192       0.157966122       2.21900445E-05
   5679.1065442391809       0.175127074       2.51044767E-05
   5681.5637513773427       0.191397235       2.65319868E-05
   5684.0209585155044       0.175773114       2.51764213E-05
   5686.4781656536661       0.188334048       2.65387189E-05
   5688.9353727918278       0.172024757       2.41631515E-05
   5691.3925799299905       0.167401865       2.40416466E-05
   5693.8497870681522       0.193445250       2.73195055E-05
   5696.3069942063139       0.189246356       2.62646936E-05
   5698.7642013444756       0.185167670       2.69690172E-05
   5701.2214084826373       0.223687738       3.09066672E-05
   5703.6786156207991       0.189067408       2.70107903E-05
   5706.1358227589617       0.214907959       3.06149050E-05
   5708.5930298971234       0.216658786       3.03784509E-05
   5711.0502370352851       0.207489029       2.92953828E-05
   5713.5074441734469       0.179873317       2.55827399E-05
   5715.9646513116086       0.199801117       2.87336807E-05
   5718.4218584497703       0.201105282       2.76199607E-05
   5720.8790655879329       0.176371470       2.58304481E-05
   5723.3362727260946       0.199655578       2.75358871E-05
   5725.7934798642564       0.166138843       2.40309946E-05
   5728.2506870024181       0.197779551       2.79191354E-05
   5730.7078941405798       0.181575522       2.54488041E-05
   5733.1651012787415       0.184290394       2.64416230E-05
   5735.6223084169033       0.184123352       2.56766361E-05
   5738.0795155550659       0.169143498       2.41783146E-05
   5740.5367226932276       0.173655927       2.45003648E-05
   5742.9939298313893       0.176238850       2.48403521E-05
   5745.4511369695510       0.207441658       2.98281466E-05
   5747.9083441077128       0.253831029       3.51495764E-05
   5750.3655512458745       0.232628971       3.30887269E-05
   5752.8227583840371       0.250144988       3.53940377E-05
   5755.2799655221988       0.237655327       3.35270342E-05
   5757.7371726603606       0.234516919       3.33546923E-05
   5760.1943797985223       0.194702908       2.71036643E-05
   5762.6515869366840       0.165908843       2.45071606E-05
   5765.1087940748457       0.210938588       2.94928868E-05
   5767.5660012130083       0.196966767       2.77226536E-05
   5770.0232083511701       0.188033476       2.66816278E-05
   5772.4804154893318       0.177795053       2.51884849E-05
   5774.9376226274935       0.199826270       2.85548540E-05
   5777.3948297656552       0.219302207       3.05260728E-05
   5779.8520369038170       0.216228738       3.08907693E-05
   5782.3092440419787       0.228207171       3.19457795E-05
   5784.7664511801413       0.205747873       2.91744527E-05
   5787.2236583183030       0.217204005       3.09576681E-05
   5789.6808654564647       0.248135582       3.51105882E-05
   5792.1380725946265       0.255893916       3.55692428E-05
   5794.5952797327882       0.233876288       3.36480261E-05
   5797.0524868709508       0.266508460       3.74268311E-05
   5799.5096940091125       0.253818959       3.58571706E-05
   5801.9669011472743       0.276162654       3.93781156E-05
   5804.4241082854360       0.271036118       3.76489115E-05
   5806.8813154235977       0.244549081       3.52813695E-05
   5809.3385225617594       0.258921504       3.63576437E-05
   5811.7957296999211       0.220438361       3.09981988E-05
   5814.2529368380838       0.204778001       2.96876478E-05
   5816.7101439762455       0.238493606       3.34408396E-05
   5819.1673511144072       0.224044323       3.14485769E-05
   5821.6245582525689       0.227587596       3.27529451E-05
   5824.0817653907307       0.235416681       3.25036817E-05
   5826.5389725288924       0.201316997       2.91385950E-05
   5828.9961796670550       0.242624938       3.43077081E-05
   5831.4533868052167       0.236636847       3.30329749E-05
   5833.9105939433784       0.226794943       3.24572102E-05
   5836.3678010815402       0.221911207       3.10782198E-05
   5838.8250082197019       0.200319424       2.86044651E-05
   5841.2822153578636       0.203092039       2.87686707E-05
   5843.7394224960262       0.191763595       2.69524971E-05
   5846.1966296341880       0.174746037       2.49614077E-05
   5848.6538367723497       0.173078805       2.43826489E-05
   5851.1110439105114       0.164312482       2.33348310E-05
   5853.5682510486731       0.175000861       2.48047436E-05
   5856.0254581868348       0.184305310       2.59995631E-05
   5858.4826653249966       0.179947123       2.52501468E-05
   5860.9398724631592       0.159999952       2.27576220E-05
   5863.3970796013209       0.165205762       2.35236985E-05
   5865.8542867394826       0.179458618       2.54060269E-05
   5868.3114938776444       0.166339040       2.30121459E-05
   5870.7687010158061       0.127281711       1.86525540E-05
   5873.2259081539678       0.150619328       2.12601171E-05
   5875.6831152921304       0.142407998       2.00087688E-05
   5878.1403224302921       0.147079960       2.09768914E-05
   5880.5975295684539       0.140220404       1.96151886E-05
   5883.0547367066156       0.126130417       1.80323350E-05
   5885.5119438447773       0.115829438       1.63544682E-05
   5887.9691509829390       0.106215425       1.51773047E-05
   5890.4263581211017        9.67724174E-02   1.35959463E-05
   5892.8835652592634        7.95875043E-02   1.13899114E-05
   5895.3407723974251        7.87393898E-02   1.12139887E-05
   5897.7979795355868        9.26495641E-02   1.32185769E-05
   5900.2551866737485       0.109042346       1.51732993E-05
   5902.7123938119103       0.108413428       1.53323253E-05
   5905.1696009500720       0.134251252       1.92353473E-05
   5907.6268080882346       0.159968719       2.22057897E-05
   5910.0840152263963       0.152148634       2.16039825E-05
   5912.5412223645581       0.152403951       2.14925130E-05
   5914.9984295027198       0.134157524       1.89279381E-05
   5917.4556366408815       0.134185344       1.93338910E-05
   5919.9128437790432       0.155547202       2.18312725E-05
   5922.3700509172058       0.147884682       2.07001740E-05
   5924.8272580553676       0.141721979       2.03635263E-05
   5927.2844651935293       0.162696391       2.29579382E-05
   5929.7416723316910       0.156593218       2.18325695E-05
   5932.1988794698527       0.147025242       2.11419465E-05
   5934.6560866080144       0.177942008       2.52246609E-05
   5937.1132937461771       0.191592634       2.67594405E-05
   5939.5705008843388       0.180758908       2.56117983E-05
   5942.0277080225005       0.179571763       2.55143059E-05
   5944.4849151606622       0.182098657       2.57183565E-05
   5946.9421222988240       0.166987762       2.34242198E-05
   5949.3993294369857       0.157706901       2.27655073E-05
   5951.8565365751474       0.185844108       2.61126243E-05
   5954.3137437133100       0.175376028       2.46007148E-05
   5956.7709508514718       0.169278190       2.42418082E-05
   5959.2281579896335       0.172618285       2.41996277E-05
   5961.6853651277952       0.163106978       2.31733175E-05
   5964.1425722659569       0.175143182       2.49219083E-05
   5966.5997794041186       0.188115403       2.64151877E-05
   5969.0569865422813       0.172607735       2.42805254E-05
   5971.5141936804430       0.155835301       2.22821727E-05
   5973.9714008186047       0.165707767       2.35162115E-05
   5976.4286079567664       0.180287078       2.54407933E-05
   5978.8858150949281       0.182578817       2.56266230E-05
   5981.3430222330899       0.176704511       2.51523070E-05
   5983.8002293712525       0.186573520       2.63466973E-05
   5986.2574365094142       0.182320297       2.57078609E-05
   5988.7146436475759       0.176541507       2.49998120E-05
   5991.1718507857377       0.177365348       2.51494057E-05
   5993.6290579238994       0.195753783       2.78132520E-05
   5996.0862650620611       0.204364941       2.85854967E-05
   5998.5434722002228       0.178054616       2.51640704E-05
   6001.0006793383855       0.170132428       2.45092269E-05
   6003.4578864765472       0.181242496       2.52223690E-05
   6005.9150936147089       0.170957506       2.45279298E-05
   6008.3723007528706       0.209284857       2.96718845E-05
   6010.8295078910323       0.199561745       2.75463863E-05
   6013.2867150291941       0.178573549       2.60664456E-05
   6015.7439221673567       0.210015923       2.92680197E-05
   6018.2011293055184       0.190942779       2.70870460E-05
   6020.6583364436801       0.203731835       2.89930449E-05
   6023.1155435818418       0.197604880       2.75688344E-05
   6025.5727507200036       0.194532543       2.80390341E-05
   6028.0299578581653       0.218208358       3.04996920E-05
   6030.4871649963279       0.202308759       2.86689792E-05
   6032.9443721344896       0.196289226       2.77367562E-05
   6035.4015792726514       0.186707988       2.65504659E-05
   6037.8587864108131       0.207754970       2.95311947E-05
   6040.3159935489748       0.215125725       3.00265619E-05
   6042.7732006871365       0.209494516       2.98761279E-05
   6045.2304078252982       0.236388713       3.34448050E-05
   6047.6876149634609       0.258680850       3.64423977E-05
   6050.1448221016226       0.265380710       3.73873045E-05
   6052.6020292397843       0.254583627       3.59851983E-05
   6055.0592363779460       0.243590176       3.44855034E-05
   6057.5164435161078       0.245048836       3.48753310E-05
   6059.9736506542704       0.260810971       3.67134089E-05
   6062.4308577924321       0.259854138       3.68068977E-05
   6064.8880649305938       0.263349622       3.71303759E-05
   6067.3452720687555       0.245307162       3.46459201E-05
   6069.8024792069173       0.254761130       3.65324559E-05
   6072.2596863450790       0.269011736       3.73632720E-05
   6074.7168934832407       0.236888617       3.38421887E-05
   6077.1741006214033       0.271817327       3.88525550E-05
   6079.6313077595651       0.300037205       4.18289237E-05
   6082.0885148977268       0.276229233       3.91088688E-05
   6084.5457220358885       0.263434798       3.74316223E-05
   6087.0029291740502       0.257870287       3.64529405E-05
   6089.4601363122119       0.255062699       3.61921775E-05
   6091.9173434503737       0.252335787       3.54343429E-05
   6094.3745505885363       0.255016059       3.65783599E-05
   6096.8317577266980       0.288926840       4.04005368E-05
   6099.2889648648597       0.258751333       3.65457963E-05
   6101.7461720030215       0.256732762       3.66932982E-05
   6104.2033791411832       0.254395545       3.56390628E-05
   6106.6605862793458       0.240977138       3.43952088E-05
   6109.1177934175075       0.243534610       3.42441635E-05
   6111.5750005556692       0.237741768       3.38702812E-05
   6114.0322076938310       0.244534865       3.42985004E-05
   6116.4894148319927       0.229425341       3.27011294E-05
   6118.9466219701544       0.247623742       3.50256378E-05
   6121.4038291083161       0.228303775       3.18855418E-05
   6123.8610362464788       0.213016048       3.07926603E-05
   6126.3182433846405       0.233536020       3.26299960E-05
   6128.7754505228022       0.207233101       2.93350422E-05
   6131.2326576609639       0.205608502       2.93049488E-05
   6133.6898647991256       0.217964664       3.07432274E-05
   6136.1470719372874       0.240704224       3.41736340E-05
   6138.6042790754491       0.251721621       3.52046482E-05
   6141.0614862136117       0.219662279       3.10576761E-05
   6143.5186933517734       0.204985932       2.94599777E-05
   6145.9759004899352       0.205610693       2.86815939E-05
   6148.4331076280969       0.177664667       2.54020943E-05
   6150.8903147662586       0.213197187       3.06958354E-05
   6153.3475219044212       0.224166974       3.06094735E-05
   6155.8047290425829       0.176285788       2.58022083E-05
   6158.2619361807447       0.202524066       2.84479465E-05
   6160.7191433189064       0.176253587       2.48205779E-05
   6163.1763504570681       0.177279353       2.54649403E-05
   6165.6335575952298       0.180921644       2.52768132E-05
   6168.0907647333916       0.169880673       2.41377275E-05
   6170.5479718715542       0.172672108       2.45886858E-05
   6173.0051790097159       0.175821304       2.45470128E-05
   6175.4623861478776       0.154527172       2.21025039E-05
   6177.9195932860393       0.170873418       2.42621682E-05
   6180.3768004242011       0.161923543       2.25375861E-05
   6182.8340075623637       0.160215765       2.32095317E-05
   6185.2912147005254       0.176804975       2.44471012E-05
   6187.7484218386871       0.161731631       2.32900420E-05
   6190.2056289768489       0.178668156       2.49479835E-05
   6192.6628361150106       0.166309834       2.38159882E-05
   6195.1200432531723       0.175742760       2.45246720E-05
   6197.5772503913340       0.140521243       2.00815084E-05
   6200.0344575294966       0.153000012       2.19082995E-05
   6202.4916646676584       0.164476112       2.31750237E-05
   6204.9488718058201       0.160591185       2.22877425E-05
   6207.4060789439818       0.137826055       2.01357525E-05
   6209.8632860821435       0.181232497       2.54104743E-05
   6212.3204932203053       0.156779483       2.19121157E-05
   6214.7777003584670       0.169527322       2.46887939E-05
   6217.2349074966296       0.175255284       2.38153007E-05
   6219.6921146347913       0.150960684       2.23364223E-05
   6222.1493217729530       0.188437074       2.59772733E-05
   6224.6065289111148       0.160798341       2.31336344E-05
   6227.0637360492765       0.180626929       2.53739454E-05
   6229.5209431874382       0.150598913       2.12309951E-05
   6231.9781503256008       0.168557465       2.44461553E-05
   6234.4353574637626       0.197410077       2.74010199E-05
   6236.8925646019243       0.184381351       2.60885572E-05
   6239.3497717400860       0.172410443       2.44199182E-05
   6241.8069788782477       0.173700541       2.47668722E-05
   6244.2641860164094       0.187803864       2.64965784E-05
   6246.7213931545721       0.178731278       2.50486046E-05
   6249.1786002927338       0.163747594       2.35099142E-05
   6251.6358074308955       0.167565420       2.33994870E-05
   6254.0930145690572       0.164459899       2.37626755E-05
   6256.5502217072190       0.204119459       2.85246515E-05
   6259.0074288453807       0.179891884       2.52862174E-05
   6261.4646359835424       0.182563737       2.62406611E-05
   6263.9218431217050       0.195220411       2.73710739E-05
   6266.3790502598667       0.197246373       2.79608848E-05
   6268.8362573980285       0.187361941       2.62832928E-05
   6271.2934645361902       0.187675387       2.70439104E-05
   6273.7506716743519       0.208552331       2.90183816E-05
   6276.2078788125136       0.190098464       2.70584515E-05
   6278.6650859506763       0.211307988       3.00470929E-05
   6281.1222930888380       0.236688435       3.33898570E-05
   6283.5795002269997       0.242907584       3.38861901E-05
   6286.0367073651614       0.243115380       3.50868359E-05
   6288.4939145033231       0.288099080       4.01353864E-05
   6290.9511216414849       0.245459422       3.46835259E-05
   6293.4083287796475       0.252234697       3.62512437E-05
   6295.8655359178092       0.274626642       3.84601117E-05
   6298.3227430559709       0.286551863       4.06933978E-05
   6300.7799501941327       0.297485143       4.18187483E-05
   6303.2371573322944       0.294176757       4.17055307E-05
   6305.6943644704561       0.297606647       4.20277320E-05
   6308.1515716086178       0.306807160       4.35653674E-05
   6310.6087787467804       0.325439453       4.58605464E-05
   6313.0659858849422       0.321062595       4.52738532E-05
   6315.5231930231039       0.318298846       4.52456334E-05
   6317.9804001612656       0.336497813       4.75608467E-05
   6320.4376072994273       0.329946548       4.62995122E-05
   6322.8948144375890       0.335641861       4.81949173E-05
   6325.3520215757508       0.369836688       5.14966050E-05
   6327.8092287139134       0.340398669       4.85953897E-05
   6330.2664358520751       0.362543851       5.10606660E-05
   6332.7236429902368       0.349413007       4.95686145E-05
   6335.1808501283986       0.377639502       5.33647108E-05
   6337.6380572665603       0.382227659       5.39789835E-05
   6340.0952644047229       0.408248454       5.76519051E-05
   6342.5524715428846       0.429219186       6.09668205E-05
   6345.0096786810464       0.456348717       6.38421770E-05
   6347.4668858192081       0.403360367       5.72621066E-05
   6349.9240929573698       0.419368744       5.98472143E-05
   6352.3813000955315       0.427477807       5.99648374E-05
   6354.8385072336932       0.406522632       5.76559614E-05
   6357.2957143718559       0.386917114       5.48006392E-05
   6359.7529215100176       0.370871514       5.24073621E-05
   6362.2101286481793       0.372693956       5.32740960E-05
   6364.6673357863410       0.402755946       5.62869973E-05
   6367.1245429245027       0.379794598       5.41501468E-05
   6369.5817500626654       0.415559560       5.86467359E-05
   6372.0389572008271       0.397032827       5.59440196E-05
   6374.4961643389888       0.392548591       5.57184940E-05
   6376.9533714771505       0.387007535       5.47635100E-05
   6379.4105786153123       0.395242125       5.58523607E-05
   6381.8677857534740       0.384505481       5.44087779E-05
   6384.3249928916357       0.382286161       5.39121611E-05
   6386.7822000297983       0.378410667       5.39522662E-05
   6389.2394071679601       0.412662864       5.79961488E-05
   6391.6966143061218       0.388326526       5.47695563E-05
   6394.1538214442835       0.404738367       5.78018262E-05
   6396.6110285824452       0.429899752       6.02280488E-05
   6399.0682357206069       0.411789864       5.82211615E-05
   6401.5254428587687       0.430609137       6.15179160E-05
   6403.9826499969313       0.458522886       6.38566926E-05
   6406.4398571350930       0.424322844       6.08130576E-05
   6408.8970642732547       0.458333760       6.43390958E-05
   6411.3542714114164       0.405733138       5.73879697E-05
   6413.8114785495782       0.418390512       5.98567276E-05
   6416.2686856877408       0.432743639       6.06262001E-05
   6418.7258928259025       0.423938632       6.02150758E-05
   6421.1830999640642       0.419323504       5.91373246E-05
   6423.6403071022260       0.411121815       5.83230976E-05
   6426.0975142403877       0.417104751       5.90216951E-05
   6428.5547213785494       0.419142306       5.90942618E-05
   6431.0119285167111       0.411225230       5.82938628E-05
   6433.4691356548738       0.436392844       6.19408602E-05
   6435.9263427930355       0.440663844       6.16547040E-05
   6438.3835499311972       0.420591533       6.01239335E-05
   6440.8407570693589       0.447443604       6.28791895E-05
   6443.2979642075206       0.431856483       6.12651202E-05
   6445.7551713456824       0.449365109       6.35050237E-05
   6448.2123784838450       0.428866535       6.03572225E-05
   6450.6695856220067       0.441299468       6.32227529E-05
   6453.1267927601684       0.471188724       6.57034325E-05
   6455.5839998983301       0.433068842       6.16907710E-05
   6458.0412070364919       0.460069031       6.52745439E-05
   6460.4984141746536       0.452982336       6.34720200E-05
   6462.9556213128162       0.435814321       6.23148153E-05
   6465.4128284509779       0.458867639       6.44685861E-05
   6467.8700355891397       0.442966223       6.27698828E-05
   6470.3272427273014       0.476142526       6.77506250E-05
   6472.7844498654631       0.489071727       6.83608014E-05
   6475.2416570036248       0.454756707       6.47878478E-05
   6477.6988641417865       0.469640464       6.64519321E-05
   6480.1560712799492       0.475470036       6.72272290E-05
   6482.6132784181109       0.487890631       6.90551751E-05
   6485.0704855562726       0.477051079       6.71589078E-05
   6487.5276926944343       0.452095240       6.41766601E-05
   6489.9848998325961       0.490031660       7.00062810E-05
   6492.4421069707587       0.532903433       7.42111006E-05
   6494.8993141089204       0.503919005       7.20075986E-05
   6497.3565212470821       0.554474413       7.80997289E-05
   6499.8137283852438       0.552288890       7.82104544E-05
   6502.2709355234056       0.588533342       8.30823192E-05
   6504.7281426615673       0.584944248       8.26289106E-05
   6507.1853497997290       0.635588408       9.04184417E-05
   6509.6425569378916       0.664196730       9.29474554E-05
   6512.0997640760534       0.638911366       9.07231661E-05
   6514.5569712142151       0.681452215       9.67247252E-05
   6517.0141783523768       0.732974708       1.02962877E-04
   6519.4713854905385       0.770908892       1.09649074E-04
   6521.9285926287002       0.840475976       1.17873788E-04
   6524.3857997668620       0.818847358       1.15999297E-04
   6526.8430069050246       0.871632159       1.23495469E-04
   6529.3002140431863       0.902507782       1.27126303E-04
   6531.7574211813480       0.934626281       1.32303539E-04
   6534.2146283195098       0.971601784       1.37201903E-04
   6536.6718354576715        1.00028205       1.41220400E-04
   6539.1290425958341        1.02012110       1.44603197E-04
   6541.5862497339958        1.03049076       1.44919235E-04
   6544.0434568721575       0.947253704       1.34391710E-04
   6546.5006640103193       0.922768712       1.30929606E-04
   6548.9578711484810       0.880999148       1.24521190E-04
   6551.4150782866427       0.851932526       1.20693898E-04
   6553.8722854248044       0.847311258       1.19853066E-04
   6556.3294925629671       0.957993686       1.36746006E-04
   6558.7866997011288        1.10196888       1.54240581E-04
   6561.2439068392905        1.01806450       1.43027486E-04
   6563.7011139774522       0.907608747       1.29892462E-04
   6566.1583211156139       0.869265318       1.22738580E-04
   6568.6155282537766       0.759840429       1.07647451E-04
   6571.0727353919374       0.707116961       1.01132435E-04
   6573.5299425301000       0.721742392       1.01892314E-04
   6575.9871496682617       0.693834662       9.78800599E-05
   6578.4443568064235       0.669142187       9.50769027E-05
   6580.9015639445852       0.691870272       9.78001408E-05
   6583.3587710827469       0.711744130       1.00504607E-04
   6585.8159782209095       0.739204526       1.04679471E-04
   6588.2731853590703       0.743420541       1.04493040E-04
   6590.7303924972330       0.688926697       9.76208612E-05
   6593.1875996353947       0.686580896       9.76684532E-05
   6595.6448067735564       0.702906847       9.89196997E-05
   6598.1020139117181       0.695572972       9.87400272E-05
   6600.5592210498799       0.691435337       9.71345726E-05
   6603.0164281880425       0.637296855       9.05775960E-05
   6605.4736353262042       0.674039066       9.57921729E-05
   6607.9308424643659       0.715991199       1.00765632E-04
   6610.3880496025276       0.718000233       1.01265287E-04
   6612.8452567406894       0.708191097       1.00409445E-04
   6615.3024638788520       0.724074602       1.02339312E-04
   6617.7596710170128       0.699594140       9.86855812E-05
   6620.2168781551754       0.664762974       9.42920233E-05
   6622.6740852933372       0.648208022       9.17445068E-05
   6625.1312924314989       0.655860782       9.30225651E-05
   6627.5884995696606       0.677878022       9.56920994E-05
   6630.0457067078223       0.666380644       9.39899692E-05
   6632.5029138459849       0.637802124       9.03918481E-05
   6634.9601209841458       0.634519398       8.99309671E-05
   6637.4173281223084       0.639584541       9.03900509E-05
   6639.8745352604701       0.632173955       8.91988457E-05
   6642.3317423986318       0.632622421       8.99372390E-05
   6644.7889495367936       0.665241659       9.38670128E-05
   6647.2461566749553       0.624956012       8.78196442E-05
   6649.7033638131179       0.569801509       8.14139567E-05
   6652.1605709512796       0.575754583       8.12889921E-05
   6654.6177780894413       0.564845145       8.00892230E-05
   6657.0749852276031       0.582843721       8.24049566E-05
   6659.5321923657648       0.552557588       7.74675136E-05
   6661.9893995039274       0.555926025       8.00010166E-05
   6664.4466066420882       0.661561966       9.28162917E-05
   6666.9038137802509       0.647950292       9.10821254E-05
   6669.3610209184126       0.622754395       8.82506938E-05
   6671.8182280565743       0.621320903       8.82691165E-05
   6674.2754351947360       0.669036269       9.45574575E-05
   6676.7326423328977       0.653453469       9.17725920E-05
   6679.1898494710604       0.612954378       8.72405799E-05
   6681.6470566092212       0.601415694       8.50090437E-05
   6684.1042637473838       0.579773664       8.20894784E-05
   6686.5614708855455       0.565453529       8.00245252E-05
   6689.0186780237073       0.575100780       8.16852917E-05
   6691.4758851618690       0.587847054       8.25570751E-05
   6693.9330923000307       0.570878267       8.12158614E-05
   6696.3902994381933       0.597459257       8.40914072E-05
   6698.8475065763550       0.605199277       8.61046719E-05
   6701.3047137145168       0.650889337       9.12814648E-05
   6703.7619208526785       0.619800746       8.79793224E-05
   6706.2191279908402       0.666794837       9.44818530E-05
   6708.6763351290019       0.645436883       9.04857370E-05
   6711.1335422671636       0.624442995       8.93796387E-05
   6713.5907494053263       0.614794075       8.58334897E-05
   6716.0479565434880       0.550405681       7.91314596E-05
   6718.5051636816497       0.572689414       8.03341973E-05
   6720.9623708198114       0.518406987       7.37345836E-05
   6723.4195779579732       0.554875433       7.88469333E-05
   6725.8767850961358       0.566303015       7.94882289E-05
   6728.3339922342975       0.572294831       8.12961007E-05
   6730.7911993724592       0.606761575       8.57565246E-05
   6733.2484065106210       0.613180935       8.60489454E-05
   6735.7056136487827       0.608549774       8.69657306E-05
   6738.1628207869444       0.669701934       9.40243553E-05
   6740.6200279251061       0.627881885       8.87052302E-05
   6743.0772350632687       0.619401634       8.78987921E-05
   6745.5344422014305       0.608858109       8.61871376E-05
   6747.9916493395922       0.619298041       8.74963953E-05
   6750.4488564777539       0.595746577       8.42677400E-05
   6752.9060636159156       0.600109160       8.50193464E-05
   6755.3632707540773       0.591802418       8.35239480E-05
   6757.8204778922391       0.614592671       8.73413373E-05
   6760.2776850304017       0.648822546       9.12147589E-05
   6762.7348921685634       0.666419864       9.45235588E-05
   6765.1920993067251       0.703846157       9.91523484E-05
   6767.6493064448869       0.705549538       9.96803574E-05
   6770.1065135830486       0.731023014       1.03672035E-04
   6772.5637207212112       0.755181134       1.06354390E-04
   6775.0209278593729       0.728978813       1.03049199E-04
   6777.4781349975347       0.704603672       9.98968681E-05
   6779.9353421356964       0.688311338       9.74060531E-05
   6782.3925492738581       0.666246414       9.42893530E-05
   6784.8497564120198       0.647516787       9.17710349E-05
   6787.3069635501815       0.631489754       8.91678064E-05
   6789.7641706883442       0.627776742       8.92815879E-05
   6792.2213778265059       0.670939565       9.47126246E-05
   6794.6785849646676       0.673363388       9.48993475E-05
   6797.1357921028293       0.670459330       9.49819005E-05
   6799.5929992409910       0.689772487       9.77131131E-05
   6802.0502063791528       0.704561353       9.91260240E-05
   6804.5074135173145       0.687126100       9.74886862E-05
   6806.9646206554771       0.729042649       1.03363433E-04
   6809.4218277936388       0.728539228       1.02096201E-04
   6811.8790349318006       0.691508770       9.85628576E-05
   6814.3362420699623       0.728434384       1.02950020E-04
   6816.7934492081240       0.732588828       1.03321559E-04
   6819.2506563462866       0.726061463       1.02657570E-04
   6821.7078634844484       0.738060772       1.04755360E-04
   6824.1650706226101       0.776184976       1.09400018E-04
   6826.6222777607718       0.762858927       1.07695450E-04
   6829.0794848989335       0.763774931       1.08308857E-04
   6831.5366920370961       0.782416642       1.10595756E-04
   6833.9938991752570       0.780220032       1.09988949E-04
   6836.4511063134196       0.766413391       1.08819760E-04
   6838.9083134515813       0.786096931       1.10874054E-04
   6841.3655205897430       0.784776270       1.11324640E-04
   6843.8227277279047       0.809154689       1.14103750E-04
   6846.2799348660665       0.770305693       1.08853113E-04
   6848.7371420042291       0.746058881       1.05792256E-04
   6851.1943491423908       0.745721221       1.05873543E-04
   6853.6515562805525       0.754204214       1.06023705E-04
   6856.1087634187143       0.712996244       1.01386438E-04
   6858.5659705568760       0.746599734       1.05646155E-04
   6861.0231776950377       0.746852577       1.05560037E-04
   6863.4803848331994       0.719829857       1.01103687E-04
   6865.9375919713621       0.661298335       9.46948057E-05
   6868.3947991095238       0.742246151       1.04974664E-04
   6870.8520062476855       0.730308652       1.02219332E-04
   6873.3092133858472       0.741465032       1.05988787E-04
   6875.7664205240089       0.851593435       1.20240082E-04
   6878.2236276621707       0.895040512       1.25504477E-04
   6880.6808348003324       0.842390239       1.19243159E-04
   6883.1380419384950       0.836298764       1.18778575E-04
   6885.5952490766567       0.846733451       1.19532458E-04
   6888.0524562148184       0.845243812       1.19607008E-04
   6890.5096633529802       0.844756305       1.19466757E-04
   6892.9668704911419       0.845192254       1.19578741E-04
   6895.4240776293036       0.844398797       1.19563629E-04
   6897.8812847674662       0.823530853       1.15946044E-04
   6900.3384919056280       0.799166381       1.13965492E-04
   6902.7956990437897       0.867503285       1.22388650E-04
   6905.2529061819514       0.882361352       1.24646307E-04
   6907.7101133201131       0.914361238       1.29345222E-04
   6910.1673204582748       0.899612129       1.26764513E-04
   6912.6245275964375       0.887805820       1.26246188E-04
   6915.0817347345992       0.908816218       1.28158907E-04
   6917.5389418727609       0.893744230       1.26384883E-04
   6919.9961490109226       0.915104151       1.29914479E-04
   6922.4533561490844       0.955487788       1.34464310E-04
   6924.9105632872470       0.970236123       1.37706287E-04
   6927.3677704254078        1.04372835       1.47205763E-04
   6929.8249775635704        1.06417322       1.50323380E-04
   6932.2821847017321        1.11067605       1.57233560E-04
   6934.7393918398939        1.10682297       1.55481743E-04
   6937.1965989780556        1.11040652       1.58432347E-04
   6939.6538061162173        1.23557234       1.74022731E-04
   6942.1110132543799        1.26740658       1.78733579E-04
   6944.5682203925408        1.32981849       1.88555816E-04
   6947.0254275307034        1.37079978       1.92795764E-04
   6949.4826346688651        1.34151232       1.90265302E-04
   6951.9398418070268        1.33834624       1.89018625E-04
   6954.3970489451885        1.28336632       1.81556636E-04
   6956.8542560833503        1.28085971       1.81766634E-04
   6959.3114632215129        1.34523070       1.90376144E-04
   6961.7686703596746        1.41301286       1.99355680E-04
   6964.2258774978363        1.42490959       2.01295086E-04
   6966.6830846359981        1.40709615       1.98747584E-04
   6969.1402917741598        1.38400519       1.96224748E-04
   6971.5974989123215        1.42673814       2.01996809E-04
   6974.0547060504832        1.44698346       2.04002368E-04
   6976.5119131886458        1.43037868       2.02473893E-04
   6978.9691203268076        1.47148001       2.08741098E-04
   6981.4263274649693        1.51255667       2.12836938E-04
   6983.8835346031310        1.46585321       2.07731748E-04
   6986.3407417412927        1.49383044       2.11506092E-04
   6988.7979488794554        1.50513744       2.12799598E-04
   6991.2551560176171        1.50092161       2.11907289E-04
   6993.7123631557788        1.44373858       2.04514465E-04
   6996.1695702939405        1.47234488       2.08820260E-04
   6998.6267774321022        1.50602496       2.12358427E-04
   7001.0839845702640        1.57313049       2.23635667E-04
   7003.5411917084257        1.62242699       2.27027151E-04
   7005.9983988465883        1.56731796       2.23982410E-04
   7008.4556059847500        1.71022689       2.40485097E-04
   7010.9128131229118        1.67403817       2.36983484E-04
   7013.3700202610735        1.76143742       2.49171513E-04
   7015.8272273992352        1.76383936       2.48949829E-04
   7018.2844345373978        1.80061173       2.54594721E-04
   7020.7416416755586        1.79878581       2.54132494E-04
   7023.1988488137213        1.91615903       2.71881756E-04
   7025.6560559518830        2.02150989       2.83795613E-04
   7028.1132630900447        2.08021069       2.95392907E-04
   7030.5704702282064        2.21862292       3.12074873E-04
   7033.0276773663682        2.21146131       3.12579301E-04
   7035.4848845045308        2.28534722       3.23487853E-04
   7037.9420916426916        2.36236382       3.33413540E-04
   7040.3992987808542        2.41138196       3.40660452E-04
   7042.8565059190159        2.43728495       3.44733737E-04
   7045.3137130571777        2.44165683       3.45158216E-04
   7047.7709201953394        2.28998685       3.23124725E-04
   7050.2281273335011        1.99679220       2.83865578E-04
   7052.6853344716637        1.71717167       2.44314346E-04
   7055.1425416098255        1.42959011       2.03577467E-04
   7057.5997487479872        1.19510269       1.71013511E-04
   7060.0569558861489        1.05307949       1.49699335E-04
   7062.5141630243106       0.924163342       1.31203822E-04
   7064.9713701624732       0.892885923       1.27430205E-04
   7067.4285773006350       0.966106057       1.36317118E-04
   7069.8857844387967        1.01373959       1.42879217E-04
   7072.3429915769584        1.03321099       1.45565646E-04
   7074.8001987151201        1.05468655       1.49447529E-04
   7077.2574058532819        1.11707258       1.57544346E-04
   7079.7146129914436        1.12246346       1.58399751E-04
   7082.1718201296062        1.06393301       1.49725820E-04
   7084.6290272677679       0.984448373       1.40595643E-04
   7087.0862344059296       0.989123642       1.39134107E-04
   7089.5434415440914       0.888764203       1.26168874E-04
   7092.0006486822531       0.856515527       1.21297286E-04
   7094.4578558204148       0.813638270       1.15582268E-04
   7096.9150629585765       0.829114020       1.16860152E-04
   7099.3722700967392       0.806687534       1.14614711E-04
   7101.8294772349009       0.874347389       1.23267702E-04
   7104.2866843730626       0.889724791       1.25908628E-04
   7106.7438915112243       0.977109671       1.38046060E-04
   7109.2010986493860       0.981842935       1.38077885E-04
   7111.6583057875478       0.999379456       1.41831901E-04
   7114.1155129257095        1.01787305       1.43321056E-04
   7116.5727200638721        1.04811740       1.49028056E-04
   7119.0299272020338        1.07435405       1.50712003E-04
   7121.4871343401956       0.983590007       1.39533557E-04
   7123.9443414783573       0.947371423       1.34509552E-04
   7126.4015486165190       0.914187431       1.29294407E-04
   7128.8587557546816       0.873666704       1.23838807E-04
   7131.3159628928424       0.819184899       1.15742456E-04
   7133.7731700310051       0.771713197       1.09766799E-04
   7136.2303771691668       0.802523017       1.13795475E-04
   7138.6875843073285       0.850303233       1.20071723E-04
   7141.1447914454911       0.863648415       1.21587909E-04
   7143.6019985836519       0.847595692       1.20126191E-04
   7146.0592057218146       0.885067821       1.25346225E-04
   7148.5164128599763       0.923544586       1.30186192E-04
   7150.9736199981380       0.953742802       1.35165450E-04
   7153.4308271362997       0.976090968       1.37306633E-04
   7155.8880342744615       0.919025958       1.30038068E-04
   7158.3452414126241       0.933400989       1.33031659E-04
   7160.8024485507858       0.958464622       1.34328031E-04
   7163.2596556889475       0.907869697       1.29257096E-04
   7165.7168628271093       0.931747794       1.31371897E-04
   7168.1740699652710       0.924149811       1.31241395E-04
   7170.6312771034327       0.972815156       1.36960705E-04
   7173.0884842415944       0.971747577       1.37881361E-04
   7175.5456913797570        1.05476630       1.48954714E-04
   7178.0028985179188        1.06818366       1.50547348E-04
   7180.4601056560805        1.09699488       1.55297166E-04
   7182.9173127942422        1.15246129       1.63429533E-04
   7185.3745199324039        1.19492471       1.67487800E-04
   7187.8317270705656        1.12617421       1.60340147E-04
   7190.2889342087274        1.19579673       1.68958155E-04
   7192.7461413468900        1.17935729       1.66634112E-04
   7195.2033484850517        1.19789708       1.69536434E-04
   7197.6605556232134        1.14330328       1.61244505E-04
   7200.1177627613752        1.13799536       1.62076132E-04
   7202.5749698995369        1.17274141       1.65219564E-04
   7205.0321770376986        1.17855334       1.67028280E-04
   7207.4893841758603        1.19163454       1.68085870E-04
   7209.9465913140230        1.18939960       1.68566010E-04
   7212.4037984521847        1.25003481       1.77041598E-04
   7214.8610055903464        1.30504251       1.83929049E-04
   7217.3182127285090        1.30437529       1.84252858E-04
   7219.7754198666698        1.34461832       1.90966952E-04
   7222.2326270048325        1.41947138       2.00034221E-04
   7224.6898341429942        1.38224173       1.94995184E-04
   7227.1470412811559        1.35438263       1.92326639E-04
   7229.6042484193176        1.40718102       1.99264541E-04
   7232.0614555574793        1.46581280       2.07002566E-04
   7234.5186626956420        1.44915581       2.04068900E-04
   7236.9758698338028        1.44188523       2.05241478E-04
   7239.4330769719654        1.56833446       2.21220442E-04
   7241.8902841101271        1.66626477       2.35902728E-04
   7244.3474912482889        1.79337811       2.52596481E-04
   7246.8046983864506        1.78071618       2.51154794E-04
   7249.2619055246123        1.82458341       2.59149034E-04
   7251.7191126627749        1.94812047       2.74952647E-04
   7254.1763198009367        2.01097488       2.83586618E-04
   7256.6335269390984        2.06904006       2.93222896E-04
   7259.0907340772601        2.18314505       3.08094692E-04
   7261.5479412154218        2.22770000       3.15103534E-04
   7264.0051483535835        2.23726392       3.15375888E-04
   7266.4623554917453        2.17492580       3.08876188E-04
   7268.9195626299079        2.23700976       3.16067017E-04
   7271.3767697680696        2.21456194       3.13376280E-04
   7273.8339769062313        2.26119828       3.19891929E-04
   7276.2911840443930        2.27273870       3.21521045E-04
   7278.7483911825548        2.36367488       3.34781711E-04
   7281.2055983207165        2.38330173       3.35516146E-04
   7283.6628054588782        2.40204811       3.41487088E-04
   7286.1200125970408        2.56146646       3.61386599E-04
   7288.5772197352026        2.62121677       3.70218098E-04
   7291.0344268733643        2.69914961       3.81874066E-04
   7293.4916340115260        2.79277658       3.94621631E-04
   7295.9488411496877        2.88520885       4.07611107E-04
   7298.4060482878504        3.03745079       4.30534739E-04
   7300.8632554260121        3.20888066       4.51492058E-04
   7303.3204625641738        3.20829105       4.54288616E-04
   7305.7776697023355        3.36654520       4.76432528E-04
   7308.2348768404972        3.44847488       4.85873548E-04
   7310.6920839786590        3.55677652       5.04840806E-04
   7313.1492911168207        3.79089665       5.34442486E-04
   7315.6064982549833        3.84516573       5.42845402E-04
   7318.0637053931450        3.93039083       5.56788815E-04
   7320.5209125313067        4.04334402       5.70491771E-04
   7322.9781196694685        4.06525326       5.75451180E-04
   7325.4353268076302        4.14100885       5.85088215E-04
   7327.8925339457928        4.13623285       5.84527734E-04
   7330.3497410839536        4.27627850       6.06954738E-04
   7332.8069482221163        4.47230244       6.29608054E-04
   7335.2641553602780        4.41181850       6.24443986E-04
   7337.7213624984397        4.44822693       6.29274407E-04
   7340.1785696366014        4.41175604       6.23441476E-04
   7342.6357767747631        4.44824409       6.30646537E-04
   7345.0929839129258        4.52938032       6.39516453E-04
   7347.5501910510866        4.45155954       6.28921553E-04
   7350.0073981892492        4.36112928       6.18013903E-04
   7352.4646053274109        4.41791534       6.25353714E-04
   7354.9218124655727        4.49173641       6.34410128E-04
   7357.3790196037344        4.58756876       6.49493304E-04
   7359.8362267418961        4.74270821       6.69340894E-04
   7362.2934338800587        4.82683802       6.82899321E-04
   7364.7506410182204        4.97542572       7.03030557E-04
   7367.2078481563822        4.96992874       7.01340381E-04
   7369.6650552945439        4.93304110       6.99041528E-04
   7372.1222624327056        4.99241495       7.05546408E-04
   7374.5794695708682        4.98501015       7.05000479E-04
   7377.0366767090300        4.95831871       7.00580829E-04
   7379.4938838471917        4.92617416       6.97812648E-04
   7381.9510909853534        5.05465269       7.15147762E-04
   7384.4082981235151        5.08972692       7.18137482E-04
   7386.8655052616768        5.00257969       7.07766099E-04
   7389.3227123998386        5.00106859       7.08230480E-04
   7391.7799195380012        5.10109282       7.21551012E-04
   7394.2371266761629        5.12340593       7.23268837E-04
   7396.6943338143246        5.00903511       7.08828738E-04
   7399.1515409524864        4.89932489       6.92770758E-04
   7401.6087480906481        4.81495523       6.82063226E-04
   7404.0659552288098        4.96731901       7.04184407E-04
   7406.5231623669715        5.10647440       7.19206117E-04
   7408.9803695051341        4.94270515       6.99031982E-04
   7411.4375766432959        4.83605576       6.84786472E-04
   7413.8947837814576        4.82281733       6.83307939E-04
   7416.3519909196193        4.91243839       6.94047194E-04
   7418.8091980577810        4.84102058       6.83287566E-04
   7421.2664051959437        4.84341526       6.87638065E-04
   7423.7236123341045        4.98749018       7.03249825E-04
   7426.1808194722671        4.91228104       6.94723218E-04
   7428.6380266104288        4.91784811       6.95960305E-04
   7431.0952337485905        4.91375017       6.94695453E-04
   7433.5524408867523        4.93976974       6.99249620E-04
   7436.0096480249140        4.87927008       6.88442611E-04
   7438.4668551630766        4.70750666       6.67317072E-04
   7440.9240623012374        4.66926003       6.60571619E-04
   7443.3812694394001        4.64119530       6.56986027E-04
   7445.8384765775618        4.71382141       6.66775333E-04
   7448.2956837157235        4.73077345       6.67984190E-04
   7450.7528908538861        4.73927259       6.71213900E-04
   7453.2100979920478        4.81062603       6.79595920E-04
   7455.6673051302096        4.80963850       6.80157100E-04
   7458.1245122683713        4.83329725       6.83604216E-04
   7460.5817194065330        4.82182407       6.81307341E-04
   7463.0389265446947        4.84426308       6.86336716E-04
   7465.4961336828565        4.94400215       6.98134187E-04
   7467.9533408210191        4.92461205       6.96106930E-04
   7470.4105479591808        4.97220755       7.04160659E-04
   7472.8677550973425        5.04534721       7.12477195E-04
   7475.3249622355042        5.02919960       7.11307162E-04
   7477.7821693736660        5.02407265       7.10397668E-04
   7480.2393765118277        5.03538418       7.12524226E-04
   7482.6965836499894        5.14457321       7.28032959E-04
   7485.1537907881520        5.22976732       7.38093455E-04
   7487.6109979263138        5.20889759       7.36805901E-04
   7490.0682050644755        5.29559898       7.49772764E-04
   7492.5254122026372        5.39460516       7.61443109E-04
   7494.9826193407989        5.41411018       7.66278419E-04
   7497.4398264789606        5.49313259       7.76237401E-04
   7499.8970336171224        5.49905014       7.77659181E-04
   7502.3542407552850        5.54245996       7.83805561E-04
   7504.8114478934467        5.58515167       7.90133839E-04
   7507.2686550316084        5.65784025       7.99822737E-04
   7509.7258621697702        5.61636400       7.93385610E-04
   7512.1830693079319        5.56977749       7.88975391E-04
   7514.6402764460936        5.63726950       7.97468121E-04
   7517.0974835842553        5.64140940       7.96690409E-04
   7519.5546907224179        5.58768320       7.91323779E-04
   7522.0118978605797        5.62665510       7.95409724E-04
   7524.4691049987414        5.61920357       7.94741791E-04
   7526.9263121369040        5.70002890       8.06460856E-04
   7529.3835192750648        5.82052135       8.22757022E-04
   7531.8407264132275        5.95895243       8.42189707E-04
   7534.2979335513892        6.06652641       8.57520383E-04
   7536.7551406895509        6.15488577       8.69660173E-04
   7539.2123478277126        6.18515491       8.74803693E-04
   7541.6695549658743        6.23004770       8.80605890E-04
   7544.1267621040370        6.21591759       8.79128638E-04
   7546.5839692421978        6.23707438       8.82130698E-04
   7549.0411763803604        6.21095419       8.77288403E-04
   7551.4983835185221        6.25186110       8.86424386E-04
   7553.9555906566839        6.43482018       9.07958427E-04
   7556.4127977948456        6.29359722       8.88116134E-04
   7558.8700049330073        6.24900627       8.87450296E-04
   7561.3272120711699        6.35293674       8.94595170E-04
   7563.7844192093316        6.25781631       8.88105889E-04
   7566.2416263474934        6.38458300       8.99786071E-04
   7568.6988334856551        6.15883970       8.71884055E-04
   7571.1560406238168        6.24079847       8.83403816E-04
   7573.6132477619785        6.33287239       8.95709032E-04
   7576.0704549001402        6.53472662       9.23239975E-04
   7578.5276620383029        6.41949987       9.06380475E-04
   7580.9848691764637        6.10930347       8.64269969E-04
   7583.4420763146263        5.57247543       7.89900601E-04
   7585.8992834527880        5.09085703       7.23212317E-04
   7588.3564905909498        4.52106524       6.40687591E-04
   7590.8136977291124        3.88163543       5.52577374E-04
   7593.2709048672732        3.34423399       4.76051675E-04
   7595.7281120054358        2.96642685       4.21621866E-04
   7598.1853191435976        2.82240152       4.01852449E-04
   7600.6425262817593        2.97447515       4.19873249E-04
   7603.0997334199219        3.15008593       4.44791338E-04
   7605.5569405580827        3.53160548       4.98332025E-04
   7608.0141476962453        4.09877157       5.80700580E-04
   7610.4713548344071        4.71695185       6.61613129E-04
   7612.9285619725688        4.64669132       6.53910334E-04
   7615.3857691107305        4.42020464       6.26050110E-04
   7617.8429762488922        4.08931828       5.78589388E-04
   7620.3001833870549        3.83335328       5.44927898E-04
   7622.7573905252157        3.57600975       5.04460302E-04
   7625.2145976633783        3.24615240       4.62525262E-04
   7627.6718048015400        3.11702800       4.40870906E-04
   7630.1290119397017        2.84842753       4.03545419E-04
   7632.5862190778635        2.64821100       3.75763106E-04
   7635.0434262160252        2.51888609       3.57112032E-04
   7637.5006333541878        2.56356978       3.63871950E-04
   7639.9578404923486        2.63555717       3.71420378E-04
   7642.4150476305113        2.54319429       3.59172525E-04
   7644.8722547686730        2.37597585       3.36230674E-04
   7647.3294619068347        2.27616525       3.23620508E-04
   7649.7866690449964        2.24622130       3.16613412E-04
   7652.2438761831581        2.11138487       2.99932872E-04
   7654.7010833213208        1.95923233       2.75737955E-04
   7657.1582904594816        1.59134865       2.27003926E-04
   7659.6154975976442        1.43946826       2.05660239E-04
   7662.0727047358059        1.37110829       1.94004562E-04
   7664.5299118739676        1.35970175       1.92633612E-04
   7666.9871190121294        1.35553920       1.91292798E-04
   7669.4443261502911        1.41226649       2.00206501E-04
   7671.9015332884537        1.53562200       2.16694636E-04
   7674.3587404266145        1.65901399       2.34086270E-04
   7676.8159475647772        1.74144793       2.45504576E-04
   7679.2731547029389        1.79970229       2.54181185E-04
   7681.7303618411006        1.86525881       2.63976282E-04
   7684.1875689792632        1.93207633       2.72584643E-04
   7686.6447761174240        1.85640943       2.61984213E-04
   7689.1019832555867        1.75695026       2.49806995E-04
   7691.5591903937484        1.63460910       2.30177262E-04
   7694.0163975319101        1.49597919       2.14367916E-04
   7696.4736046700727        1.57759714       2.22684859E-04
   7698.9308118082336        1.54288721       2.18261383E-04
   7701.3880189463962        1.55122781       2.19000503E-04
   7703.8452260845579        1.59899473       2.27831464E-04
   7706.3024332227196        1.84425569       2.59545166E-04
   7708.7596403608813        1.92998934       2.72320205E-04
   7711.2168474990431        2.14314318       3.03536130E-04
   7713.6740546372057        2.28781271       3.21562722E-04
   7716.1312617753665        2.38784575       3.38228565E-04
   7718.5884689135291        2.49168420       3.50725692E-04
   7721.0456760516909        2.58775067       3.67224042E-04
   7723.5028831898526        2.80260658       3.94774950E-04
   7725.9600903280143        2.89221907       4.08599328E-04
   7728.4172974661760        3.07948256       4.35850874E-04
   7730.8745046043387        3.22320724       4.54031600E-04
   7733.3317117424995        3.29231715       4.66446945E-04
   7735.7889188806621        3.35726953       4.73459164E-04
   7738.2461260188238        3.23017573       4.56933514E-04
   7740.7033331569855        3.10722470       4.40220145E-04
   7743.1605402951473        3.04986358       4.33139299E-04
   7745.6177474333090        3.00146413       4.22557554E-04
   7748.0749545714716        2.80882335       3.99936049E-04
   7750.5321617096324        2.86757612       4.05449944E-04
   7752.9893688477950        2.76061869       3.89824825E-04
   7755.4465759859568        2.75534105       3.91206442E-04
   7757.9037831241185        2.84466124       4.01932833E-04
   7760.3609902622811        2.96829677       4.19615477E-04
   7762.8181974004419        3.05301762       4.30912158E-04
   7765.2754045386046        3.13008571       4.42542281E-04
   7767.7326116767663        3.23740792       4.57833114E-04
   7770.1898188149280        3.37164474       4.76338377E-04
   7772.6470259530906        3.40108562       4.79892275E-04
   7775.1042330912514        3.35857630       4.75474546E-04
   7777.5614402294141        3.34828377       4.73870896E-04
   7780.0186473675749        3.29125142       4.64581914E-04
   7782.4758545057375        3.26733756       4.64418117E-04
   7784.9330616438992        3.40905905       4.80840565E-04
   7787.3902687820610        3.35309792       4.74171189E-04
   7789.8474759202236        3.30265307       4.66731144E-04
   7792.3046830583844        3.21192431       4.55377856E-04
   7794.7618901965470        3.33199739       4.71547304E-04
   7797.2190973347087        3.48597622       4.93036408E-04
   7799.6763044728705        3.70235968       5.22396353E-04
   7802.1335116110322        3.73926902       5.27248252E-04
   7804.5907187491939        3.85819411       5.47168776E-04
   7807.0479258873565        4.11730337       5.80686377E-04
   7809.5051330255174        4.36831999       6.18455000E-04
   7811.9623401636800        4.57149172       6.43043488E-04
   7814.4195473018417        4.45366716       6.30434486E-04
   7816.8767544400034        4.46279240       6.32342242E-04
   7819.3339615781651        4.30503130       6.06478192E-04
   7821.7911687163269        4.08768368       5.82350243E-04
   7824.2483758544895        4.11104393       5.79621410E-04
   7826.7055829926503        3.92705584       5.56916813E-04
   7829.1627901308129        4.00792789       5.68188028E-04
   7831.6199972689747        3.97956204       5.60336630E-04
   7834.0772044071364        3.94477439       5.60716027E-04
   7836.5344115452981        4.12130499       5.81210654E-04
   7838.9916186834598        4.22596741       5.98831277E-04
   7841.4488258216224        4.36706591       6.14742690E-04
   7843.9060329597842        4.23284817       5.99120453E-04
   7846.3632400979459        4.39188910       6.23499276E-04
   7848.8204472361076        4.55392599       6.40680257E-04
   7851.2776543742693        4.52584028       6.41181017E-04
   7853.7348615124320        4.62156439       6.53482974E-04
   7856.1920686505928        4.58024645       6.46463537E-04
   7858.6492757887554        4.46335649       6.32495387E-04
   7861.1064829269171        4.41922522       6.25028333E-04
   7863.5636900650788        4.37108946       6.19030325E-04
   7866.0208972032406        4.37874460       6.18793885E-04
   7868.4781043414023        4.35519218       6.16540608E-04
   7870.9353114795649        4.45176077       6.29506947E-04
   7873.3925186177257        4.53730583       6.41117629E-04
   7875.8497257558884        4.70953417       6.66577136E-04
   7878.3069328940501        4.87972879       6.87871012E-04
   7880.7641400322118        4.95102167       7.00435077E-04
   7883.2213471703744        5.15950871       7.29781750E-04
   7885.6785543085352        5.29275036       7.46405043E-04
   7888.1357614466979        5.27368784       7.46168836E-04
   7890.5929685848587        5.23405170       7.39410054E-04
   7893.0501757230213        5.12040758       7.25124090E-04
   7895.5073828611830        5.12607908       7.25242426E-04
   7897.9645899993448        5.15312624       7.29993451E-04
   7900.4217971375074        5.14279890       7.25372462E-04
   7902.8790042756682        4.76852131       6.74193085E-04
   7905.3362114138308        4.56095219       6.49387774E-04
   7907.7934185519925        4.63857269       6.55706739E-04
   7910.2506256901543        4.59172344       6.48782472E-04
   7912.7078328283160        4.44939280       6.28899434E-04
   7915.1650399664777        4.36831093       6.19889121E-04
   7917.6222471046403        4.53599596       6.41725550E-04
   7920.0794542428021        4.62298012       6.51618524E-04
   7922.5366613809638        4.68054962       6.63258135E-04
   7924.9938685191255        4.87236738       6.87606866E-04
   7927.4510756572872        4.98751688       7.05736631E-04
   7929.9082827954498        5.13037825       7.24024896E-04
   7932.3654899336107        5.04823875       7.13302405E-04
   7934.8226970717733        4.98021030       7.05103157E-04
   7937.2799042099350        4.96131611       7.02653604E-04
   7939.7371113480967        4.96255159       7.01103010E-04
   7942.1943184862585        4.73984051       6.69327565E-04
   7944.6515256244202        4.61151743       6.55409240E-04
   7947.1087327625828        4.83422518       6.84285478E-04
   7949.5659399007436        5.01683521       7.07121799E-04
   7952.0231470389062        5.04355955       7.13547284E-04
   7954.4803541770680        5.09711075       7.19365838E-04
   7956.9375613152297        5.14100075       7.28516723E-04
   7959.3947684533914        5.51377821       7.80573522E-04
   7961.8519755915531        5.71378803       8.03165021E-04
   7964.3091827297158        5.66868496       8.03967880E-04
   7966.7663898678766        5.81804800       8.21540714E-04
   7969.2235970060392        5.75360584       8.13234772E-04
   7971.6808041442009        5.77025652       8.17742839E-04
   7974.1380112823626        5.72262287       8.07354460E-04
   7976.5952184205253        5.51396608       7.81897106E-04
   7979.0524255586861        5.40996790       7.65408040E-04
   7981.5096326968487        5.20043612       7.35584821E-04
   7983.9668398350095        5.14860821       7.31365522E-04
   7986.4240469731722        5.32148266       7.51896354E-04
   7988.8812541113339        5.31354809       7.49628525E-04
   7991.3384612494956        5.31175852       7.53673085E-04
   7993.7956683876582        5.55147219       7.84387928E-04
   7996.2528755258199        5.63385105       7.94613676E-04
   7998.7100826639817        5.81852627       8.26121948E-04
   8001.1672898021434        6.15705919       8.66363349E-04
   8003.6244969403051        6.20586729       8.79113155E-04
   8006.0817040784677        6.51726484       9.20580234E-04
   8008.5389112166285        6.62742186       9.35945078E-04
   8010.9961183547912        6.85751009       9.71047615E-04
   8013.4533254929529        7.02879238       9.91311739E-04
   8015.9105326311146        7.02771521       9.93905356E-04
   8018.3677397692763        7.16520262       1.01495790E-03
   8020.8249469074381        7.44295692       1.05107552E-03
   8023.2821540456007        7.55377865       1.06704561E-03
   8025.7393611837615        7.74282074       1.09617016E-03
   8028.1965683219241        8.01651573       1.13227835E-03
   8030.6537754600859        8.13997650       1.14875042E-03
   8033.1109825982476        8.36946774       1.18714443E-03
