   5529.2169088113069        2.43722573E-02   3.54940858E-06
   5531.6741159494686        3.08954567E-02   4.37101153E-06
   5534.1313230876303        3.91895622E-02   5.42501948E-06
   5536.5885302257930        2.95697805E-02   4.32174556E-06
   5539.0457373639547        3.38870510E-02   4.75770503E-06
   5541.5029445021164        3.76256742E-02   5.34946912E-06
   5543.9601516402781        4.07843888E-02   5.66409835E-06
   5546.4173587784398        3.32421213E-02   4.80993504E-06
   5548.8745659166016        2.76171770E-02   4.02692103E-06
   5551.3317730547642        3.68202478E-02   5.12522729E-06
   5553.7889801929259        1.68248154E-02   3.08401627E-06
   5556.2461873310876        4.84435819E-02   6.54070664E-06
   5558.7033944692494        5.37953079E-02   7.72770545E-06
   5561.1606016074111        6.98599294E-02   9.69675875E-06
   5563.6178087455728        7.40152746E-02   1.04281844E-05
   5566.0750158837354        6.30841255E-02   9.15649161E-06
   5568.5322230218972        8.31334293E-02   1.15791036E-05
   5570.9894301600589        8.69647413E-02   1.26903096E-05
   5573.4466372982206       0.131271333       1.81015857E-05
   5575.9038444363823       0.132304922       1.86549623E-05
   5578.3610515745440       0.112847604       1.62714005E-05
   5580.8182587127058       0.135544017       1.90135270E-05
   5583.2754658508684       0.140253738       1.97339286E-05
   5585.7326729890301       0.131118298       1.86026482E-05
   5588.1898801271918       0.123764560       1.76464273E-05
   5590.6470872653535       0.133661285       1.87951591E-05
   5593.1042944035153       0.130602598       1.85381450E-05
   5595.5615015416770       0.133598134       1.88151680E-05
   5598.0187086798396       0.123184666       1.74289380E-05
   5600.4759158180013       0.100857519       1.46823559E-05
   5602.9331229561631       0.125703856       1.76201174E-05
   5605.3903300943248       0.138337344       1.93142696E-05
   5607.8475372324865       0.107733801       1.57142822E-05
   5610.3047443706482       0.131364077       1.83687062E-05
   5612.7619515088109       0.138182700       1.94361219E-05
   5615.2191586469726       0.119979806       1.70954227E-05
   5617.6763657851343       0.120718569       1.71527081E-05
   5620.1335729232960       0.127287239       1.80316456E-05
   5622.5907800614577       0.142957807       1.99260448E-05
   5625.0479871996195       0.103021190       1.51012810E-05
   5627.5051943377821       0.121234082       1.69556351E-05
   5629.9624014759438       0.125699908       1.77956681E-05
   5632.4196086141055       0.127997041       1.80742936E-05
   5634.8768157522672       0.135331720       1.90555093E-05
   5637.3340228904290       0.126255766       1.79631988E-05
   5639.7912300285907       0.131865442       1.85496519E-05
   5642.2484371667524       0.121814616       1.73980370E-05
   5644.7056443049150       0.131695598       1.84996952E-05
   5647.1628514430768       0.132515550       1.88024605E-05
   5649.6200585812385       0.139010593       1.96445471E-05
   5652.0772657194002       0.152153909       2.14373631E-05
   5654.5344728575619       0.156777620       2.21594746E-05
   5656.9916799957236       0.163869157       2.30591631E-05
   5659.4488871338863       0.153551176       2.18203113E-05
   5661.9060942720480       0.153346494       2.16500011E-05
   5664.3633014102097       0.144424275       2.04301687E-05
   5666.8205085483714       0.122940913       1.76976519E-05
   5669.2777156865332       0.137014136       1.92912430E-05
   5671.7349228246949       0.145328060       2.04459429E-05
   5674.1921299628575       0.140346080       2.00329960E-05
   5676.6493371010192       0.157296404       2.19505146E-05
   5679.1065442391809       0.137743026       1.96708625E-05
   5681.5637513773427       0.129230127       1.85691224E-05
   5684.0209585155044       0.161893055       2.26114589E-05
   5686.4781656536661       0.162171662       2.29765556E-05
   5688.9353727918278       0.176670089       2.49145651E-05
   5691.3925799299905       0.184853032       2.61431960E-05
   5693.8497870681522       0.197055355       2.75673392E-05
   5696.3069942063139       0.157324374       2.26704051E-05
   5698.7642013444756       0.158638492       2.25383610E-05
   5701.2214084826373       0.181147367       2.55503001E-05
   5703.6786156207991       0.197363719       2.76428746E-05
   5706.1358227589617       0.188556716       2.68097756E-05
   5708.5930298971234       0.192002013       2.74158083E-05
   5711.0502370352851       0.233414501       3.24367866E-05
   5713.5074441734469       0.187654600       2.68519234E-05
   5715.9646513116086       0.159500957       2.29788729E-05
   5718.4218584497703       0.178223908       2.50338126E-05
   5720.8790655879329       0.180483028       2.54770330E-05
   5723.3362727260946       0.175887078       2.52221707E-05
   5725.7934798642564       0.212799907       2.94964320E-05
   5728.2506870024181       0.170688540       2.46894251E-05
   5730.7078941405798       0.181169108       2.55424147E-05
   5733.1651012787415       0.197481424       2.77366871E-05
   5735.6223084169033       0.169311434       2.42546103E-05
   5738.0795155550659       0.183851525       2.57455686E-05
   5740.5367226932276       0.191146925       2.12137020E-05
   5742.9939298313893       0.190113157       2.64385981E-05
   5745.4511369695510       0.194535553       2.75427410E-05
   5747.9083441077128       0.198659897       2.79426040E-05
   5750.3655512458745       0.192237198       2.73274200E-05
   5752.8227583840371       0.195961997       2.77268209E-05
   5755.2799655221988       0.209651425       2.94911424E-05
   5757.7371726603606       0.197795480       2.80142194E-05
   5760.1943797985223       0.187681466       2.67109681E-05
   5762.6515869366840       0.195051476       2.75084367E-05
   5765.1087940748457       0.192433953       2.71359277E-05
   5767.5660012130083       0.171828821       2.45976225E-05
   5770.0232083511701       0.182838544       2.57008560E-05
   5772.4804154893318       0.181393459       2.58537384E-05
   5774.9376226274935       0.200024307       2.79539272E-05
   5777.3948297656552       0.188213289       2.69109823E-05
   5779.8520369038170       0.207434580       2.93884023E-05
   5782.3092440419787       0.245552346       3.41749874E-05
   5784.7664511801413       0.201361284       2.90828466E-05
   5787.2236583183030       0.226185739       3.16204460E-05
   5789.6808654564647       0.215799332       3.07939335E-05
   5792.1380725946265       0.232479513       3.29116447E-05
   5794.5952797327882       0.268839985       3.74853153E-05
   5797.0524868709508       0.217764318       3.14987738E-05
   5799.5096940091125       0.251367509       3.52391908E-05
   5801.9669011472743       0.253003687       3.57058379E-05
   5804.4241082854360       0.239943251       3.40269398E-05
   5806.8813154235977       0.233465180       3.29956856E-05
   5809.3385225617594       0.216323569       3.07308037E-05
   5811.7957296999211       0.201046675       2.85891983E-05
   5814.2529368380838       0.208275989       2.93160265E-05
   5816.7101439762455       0.183324113       2.64677692E-05
   5819.1673511144072       0.226304680       3.14269055E-05
   5821.6245582525689       0.190934896       2.73416972E-05
   5824.0817653907307       0.190949634       2.70484525E-05
   5826.5389725288924       0.201259613       2.84831549E-05
   5828.9961796670550       0.218208015       3.05743670E-05
   5831.4533868052167       0.201531589       2.88137344E-05
   5833.9105939433784       0.225674942       3.17313570E-05
   5836.3678010815402       0.234081417       3.28555980E-05
   5838.8250082197019       0.202577248       2.89396012E-05
   5841.2822153578636       0.196559325       2.79993419E-05
   5843.7394224960262       0.221334845       3.09479474E-05
   5846.1966296341880       0.190516204       2.71112840E-05
   5848.6538367723497       0.167374939       2.38705270E-05
   5851.1110439105114       0.156711489       2.22361232E-05
   5853.5682510486731       0.154888809       2.19798985E-05
   5856.0254581868348       0.161659971       2.28117115E-05
   5858.4826653249966       0.166258842       2.33294559E-05
   5860.9398724631592       0.139480546       2.01310540E-05
   5863.3970796013209       0.160394728       2.25645526E-05
   5865.8542867394826       0.175819784       2.46203963E-05
   5868.3114938776444       0.154150829       2.19544800E-05
   5870.7687010158061       0.148860231       2.11258648E-05
   5873.2259081539678       0.150383890       2.12982832E-05
   5875.6831152921304       0.155415654       2.17643483E-05
   5878.1403224302921       0.114510670       1.66364407E-05
   5880.5975295684539       0.119409285       1.69034920E-05
   5883.0547367066156       0.129625484       1.81524920E-05
   5885.5119438447773       0.112100668       1.59965348E-05
   5887.9691509829390        9.99219120E-02   1.41277878E-05
   5890.4263581211017        8.18960369E-02   1.18696098E-05
   5892.8835652592634        9.23144892E-02   1.34019401E-05
   5895.3407723974251       0.139251620       1.90952596E-05
   5897.7979795355868        9.89392102E-02   1.44718688E-05
   5900.2551866737485       0.115092605       1.61821736E-05
   5902.7123938119103       0.127899498       1.81168271E-05
   5905.1696009500720       0.146922544       2.05685374E-05
   5907.6268080882346       0.150681153       2.12604828E-05
   5910.0840152263963       0.144071549       2.04549906E-05
   5912.5412223645581       0.148515806       2.08966467E-05
   5914.9984295027198       0.136466026       1.94656768E-05
   5917.4556366408815       0.142354324       2.01582807E-05
   5919.9128437790432       0.157376587       2.21089249E-05
   5922.3700509172058       0.153278098       2.16750468E-05
   5924.8272580553676       0.150348052       2.14055344E-05
   5927.2844651935293       0.164177805       2.30430105E-05
   5929.7416723316910       0.156824887       2.21520040E-05
   5932.1988794698527       0.133509293       1.90934406E-05
   5934.6560866080144       0.127947390       1.83339380E-05
   5937.1132937461771       0.155740589       2.18643745E-05
   5939.5705008843388       0.167570233       2.35150019E-05
   5942.0277080225005       0.165438190       2.34608087E-05
   5944.4849151606622       0.163548619       2.31514714E-05
   5946.9421222988240       0.173103616       2.43441955E-05
   5949.3993294369857       0.150187179       2.15343061E-05
   5951.8565365751474       0.167064697       2.34230920E-05
   5954.3137437133100       0.154232144       2.20924267E-05
   5956.7709508514718       0.175327256       2.44277835E-05
   5959.2281579896335       0.147366092       2.13103995E-05
   5961.6853651277952       0.167940825       2.34560212E-05
   5964.1425722659569       0.161583111       2.28624849E-05
   5966.5997794041186       0.133522779       1.94034001E-05
   5969.0569865422813       0.172845140       2.41522794E-05
   5971.5141936804430       0.182496771       2.57081592E-05
   5973.9714008186047       0.183235958       2.57839038E-05
   5976.4286079567664       0.155848846       2.23461739E-05
   5978.8858150949281       0.159231216       2.24231444E-05
   5981.3430222330899       0.148704112       2.12768591E-05
   5983.8002293712525       0.168508232       2.36317774E-05
   5986.2574365094142       0.170961574       2.42601327E-05
   5988.7146436475759       0.187190846       2.62962858E-05
   5991.1718507857377       0.183545485       2.59710432E-05
   5993.6290579238994       0.182656795       2.59146891E-05
   5996.0862650620611       0.192555994       2.71818371E-05
   5998.5434722002228       0.200512916       2.81346511E-05
   6001.0006793383855       0.164431274       2.36807173E-05
   6003.4578864765472       0.174582526       2.45517622E-05
   6005.9150936147089       0.168769762       2.39672354E-05
   6008.3723007528706       0.171332046       2.42862134E-05
   6010.8295078910323       0.186333388       2.61330169E-05
   6013.2867150291941       0.171752185       2.45820065E-05
   6015.7439221673567       0.192692608       2.70314904E-05
   6018.2011293055184       0.193458572       2.73598962E-05
   6020.6583364436801       0.190271601       2.70218879E-05
   6023.1155435818418       0.205500901       2.88380852E-05
   6025.5727507200036       0.188198060       2.67923442E-05
   6028.0299578581653       0.185581759       2.62390131E-05
   6030.4871649963279       0.184518158       2.61866026E-05
   6032.9443721344896       0.193195820       2.73986643E-05
   6035.4015792726514       0.217344597       3.03578727E-05
   6037.8587864108131       0.189471051       2.71824974E-05
   6040.3159935489748       0.205509156       2.89561049E-05
   6042.7732006871365       0.216516867       3.05330104E-05
   6045.2304078252982       0.217920929       3.10683681E-05
   6047.6876149634609       0.255531043       3.56307210E-05
   6050.1448221016226       0.232609183       3.32180352E-05
   6052.6020292397843       0.244114786       3.44881264E-05
   6055.0592363779460       0.257891566       3.61493439E-05
   6057.5164435161078       0.212610036       3.07181217E-05
   6059.9736506542704       0.241996154       3.40377010E-05
   6062.4308577924321       0.260752708       3.65504820E-05
   6064.8880649305938       0.219268426       3.16078986E-05
   6067.3452720687555       0.256367296       3.61057646E-05
   6069.8024792069173       0.280054152       3.92033144E-05
   6072.2596863450790       0.254376739       3.61604652E-05
   6074.7168934832407       0.237689763       3.41058367E-05
   6077.1741006214033       0.281150281       3.91216381E-05
   6079.6313077595651       0.242721528       3.48808317E-05
   6082.0885148977268       0.262468249       3.68212968E-05
   6084.5457220358885       0.255305827       3.61386446E-05
   6087.0029291740502       0.235600084       3.36734483E-05
   6089.4601363122119       0.265285224       3.71683527E-05
   6091.9173434503737       0.253022641       3.58859543E-05
   6094.3745505885363       0.243868634       3.44547807E-05
   6096.8317577266980       0.233248889       3.31236224E-05
   6099.2889648648597       0.222273633       3.16258847E-05
   6101.7461720030215       0.246854156       3.46400448E-05
   6104.2033791411832       0.225353986       3.21067491E-05
   6106.6605862793458       0.241483524       3.39841354E-05
   6109.1177934175075       0.232846275       3.32634554E-05
   6111.5750005556692       0.272189587       3.79495577E-05
   6114.0322076938310       0.235252663       3.35250661E-05
   6116.4894148319927       0.217019439       3.08210183E-05
   6118.9466219701544       0.207241535       2.97110564E-05
   6121.4038291083161       0.247615799       3.44491782E-05
   6123.8610362464788       0.216284290       3.09233437E-05
   6126.3182433846405       0.219871655       3.10266078E-05
   6128.7754505228022       0.216665417       3.06268303E-05
   6131.2326576609639       0.206496447       2.93205012E-05
   6133.6898647991256       0.212762654       3.01994714E-05
   6136.1470719372874       0.237721622       3.32555064E-05
   6138.6042790754491       0.217479452       3.08849958E-05
   6141.0614862136117       0.203527451       2.90178177E-05
   6143.5186933517734       0.217380047       3.04622899E-05
   6145.9759004899352       0.189896226       2.71198533E-05
   6148.4331076280969       0.185554013       2.62954873E-05
   6150.8903147662586       0.191121265       2.69190677E-05
   6153.3475219044212       0.177680105       2.52408918E-05
   6155.8047290425829       0.176106051       2.49235200E-05
   6158.2619361807447       0.175642639       2.48181532E-05
   6160.7191433189064       0.172139943       2.44403673E-05
   6163.1763504570681       0.182647243       2.56694129E-05
   6165.6335575952298       0.173204273       2.45711435E-05
   6168.0907647333916       0.171805456       2.43815957E-05
   6170.5479718715542       0.183773533       2.58307628E-05
   6173.0051790097159       0.176768392       2.50609337E-05
   6175.4623861478776       0.174820095       2.46776399E-05
   6177.9195932860393       0.164752230       2.33524079E-05
   6180.3768004242011       0.154448450       2.19642297E-05
   6182.8340075623637       0.156474262       2.20116544E-05
   6185.2912147005254       0.139081046       1.98734488E-05
   6187.7484218386871       0.143366903       2.04131775E-05
   6190.2056289768489       0.172259524       2.41305952E-05
   6192.6628361150106       0.178745672       2.52415703E-05
   6195.1200432531723       0.185504124       2.60525903E-05
   6197.5772503913340       0.162850752       2.32644161E-05
   6200.0344575294966       0.161078319       2.27421278E-05
   6202.4916646676584       0.151911110       2.15281470E-05
   6204.9488718058201       0.139444381       1.98615544E-05
   6207.4060789439818       0.143883884       2.03707405E-05
   6209.8632860821435       0.154569477       2.18192981E-05
   6212.3204932203053       0.162289515       2.27613673E-05
   6214.7777003584670       0.145424813       2.07413141E-05
   6217.2349074966296       0.144133627       2.06688856E-05
   6219.6921146347913       0.179978803       2.49840195E-05
   6222.1493217729530       0.154699370       2.21017744E-05
   6224.6065289111148       0.150948122       2.15701948E-05
   6227.0637360492765       0.177629724       2.48234010E-05
   6229.5209431874382       0.170699626       2.42017377E-05
   6231.9781503256008       0.168339893       2.38236353E-05
   6234.4353574637626       0.167701140       2.36460237E-05
   6236.8925646019243       0.152401879       2.18562909E-05
   6239.3497717400860       0.174260080       2.45118354E-05
   6241.8069788782477       0.188925520       2.65505696E-05
   6244.2641860164094       0.179556027       2.54014158E-05
   6246.7213931545721       0.167465329       2.37862041E-05
   6249.1786002927338       0.158216760       2.26371303E-05
   6251.6358074308955       0.184033617       2.57709307E-05
   6254.0930145690572       0.183689043       2.60268498E-05
   6256.5502217072190       0.188575715       2.65903709E-05
   6259.0074288453807       0.185148045       2.61901914E-05
   6261.4646359835424       0.174543977       2.48314191E-05
   6263.9218431217050       0.184504151       2.61419464E-05
   6266.3790502598667       0.202064201       2.83503796E-05
   6268.8362573980285       0.196545541       2.78399275E-05
   6271.2934645361902       0.189935654       2.70261171E-05
   6273.7506716743519       0.207868725       2.92624973E-05
   6276.2078788125136       0.210847929       2.98574723E-05
   6278.6650859506763       0.220435336       3.10083269E-05
   6281.1222930888380       0.210009739       2.99732292E-05
   6283.5795002269997       0.232442051       3.26917288E-05
   6286.0367073651614       0.241640523       3.40551924E-05
   6288.4939145033231       0.231503502       3.29383656E-05
   6290.9511216414849       0.250968069       3.53937940E-05
   6293.4083287796475       0.262435317       3.70834787E-05
   6295.8655359178092       0.275521100       3.88086482E-05
   6298.3227430559709       0.268922746       3.81027348E-05
   6300.7799501941327       0.270925909       3.84367886E-05
   6303.2371573322944       0.288816571       4.06792860E-05
   6305.6943644704561       0.291550756       4.11281544E-05
   6308.1515716086178       0.272939473       3.90676760E-05
   6310.6087787467804       0.316583902       4.45292717E-05
   6313.0659858849422       0.342659503       4.81767929E-05
   6315.5231930231039       0.334947318       4.73095824E-05
   6317.9804001612656       0.311140448       4.43243371E-05
   6320.4376072994273       0.318153948       4.48330647E-05
   6322.8948144375890       0.305627137       4.34276844E-05
   6325.3520215757508       0.311048716       4.41491175E-05
   6327.8092287139134       0.348456532       4.89235208E-05
   6330.2664358520751       0.348132640       4.94303240E-05
   6332.7236429902368       0.379565060       5.33636958E-05
   6335.1808501283986       0.381236702       5.39171269E-05
   6337.6380572665603       0.380075932       5.37064989E-05
   6340.0952644047229       0.376547456       5.34565879E-05
   6342.5524715428846       0.398729235       5.63200992E-05
   6345.0096786810464       0.425760031       5.98497500E-05
   6347.4668858192081       0.405539960       5.75291378E-05
   6349.9240929573698       0.399445623       5.65459632E-05
   6352.3813000955315       0.394693375       5.56754894E-05
   6354.8385072336932       0.352455616       5.02631119E-05
   6357.2957143718559       0.352161080       5.01198847E-05
   6359.7529215100176       0.397707105       5.57930325E-05
   6362.2101286481793       0.397107422       5.61276793E-05
   6364.6673357863410       0.386003345       5.46104638E-05
   6367.1245429245027       0.372220904       5.28257915E-05
   6369.5817500626654       0.376148611       5.32427803E-05
   6372.0389572008271       0.391329318       5.51527337E-05
   6374.4961643389888       0.384010494       5.44341092E-05
   6376.9533714771505       0.391851008       5.52628953E-05
   6379.4105786153123       0.380382091       5.39115063E-05
   6381.8677857534740       0.377444535       5.36075349E-05
   6384.3249928916357       0.410703540       5.76686361E-05
   6386.7822000297983       0.396292806       5.62031564E-05
   6389.2394071679601       0.400461912       5.67100760E-05
   6391.6966143061218       0.419774771       5.90845921E-05
   6394.1538214442835       0.404994667       5.75118720E-05
   6396.6110285824452       0.417929769       5.90892960E-05
   6399.0682357206069       0.440459073       6.20688952E-05
   6401.5254428587687       0.437725097       6.19893981E-05
   6403.9826499969313       0.449017525       6.32532974E-05
   6406.4398571350930       0.422128856       5.99880586E-05
   6408.8970642732547       0.423153013       5.98431216E-05
   6411.3542714114164       0.426339179       6.02763939E-05
   6413.8114785495782       0.422358751       5.97523394E-05
   6416.2686856877408       0.421115905       5.95018573E-05
   6418.7258928259025       0.407279402       5.77536957E-05
   6421.1830999640642       0.407779872       5.76511920E-05
   6423.6403071022260       0.406003594       5.74493715E-05
   6426.0975142403877       0.405167013       5.73006873E-05
   6428.5547213785494       0.408760488       5.79302323E-05
   6431.0119285167111       0.432629585       6.10706702E-05
   6433.4691356548738       0.451849908       6.35284960E-05
   6435.9263427930355       0.421017319       5.99126070E-05
   6438.3835499311972       0.427815706       6.05025161E-05
   6440.8407570693589       0.442359507       6.23329033E-05
   6443.2979642075206       0.423685700       6.02899963E-05
   6445.7551713456824       0.458014488       6.44940737E-05
   6448.2123784838450       0.467733532       6.60592195E-05
   6450.6695856220067       0.462996602       6.53338793E-05
   6453.1267927601684       0.431041300       6.12102522E-05
   6455.5839998983301       0.413995117       5.90439959E-05
   6458.0412070364919       0.463270515       6.50299262E-05
   6460.4984141746536       0.460147411       6.49319481E-05
   6462.9556213128162       0.427095860       6.09293602E-05
   6465.4128284509779       0.460004240       6.49407011E-05
   6467.8700355891397       0.490141422       6.89767985E-05
   6470.3272427273014       0.480644971       6.80480734E-05
   6472.7844498654631       0.476250499       6.74076291E-05
   6475.2416570036248       0.475851029       6.72960305E-05
   6477.6988641417865       0.467342198       6.60412043E-05
   6480.1560712799492       0.441366643       6.28343769E-05
   6482.6132784181109       0.460330576       6.50782094E-05
   6485.0704855562726       0.486974508       6.85782288E-05
   6487.5276926944343       0.477252513       6.77812714E-05
   6489.9848998325961       0.505779326       7.13960762E-05
   6492.4421069707587       0.531054974       7.49589017E-05
   6494.8993141089204       0.539462805       7.62329655E-05
   6497.3565212470821       0.547933817       7.76952947E-05
   6499.8137283852438       0.583999217       8.24250455E-05
   6502.2709355234056       0.617713809       8.70537187E-05
   6504.7281426615673       0.615837812       8.74512989E-05
   6507.1853497997290       0.664352417       9.33696938E-05
   6509.6425569378916       0.647783816       9.17847065E-05
   6512.0997640760534       0.641402066       9.11082388E-05
   6514.5569712142151       0.700886488       9.88864704E-05
   6517.0141783523768       0.747557938       1.05287851E-04
   6519.4713854905385       0.758662820       1.07313288E-04
   6521.9285926287002       0.781252027       1.10981469E-04
   6524.3857997668620       0.884829819       1.24211452E-04
   6526.8430069050246       0.904579043       1.27625302E-04
   6529.3002140431863       0.886504531       1.25923398E-04
   6531.7574211813480       0.956688225       1.35114431E-04
   6534.2146283195098        1.03302753       1.45305050E-04
   6536.6718354576715        1.02512419       1.44789330E-04
   6539.1290425958341       0.974083602       1.38140313E-04
   6541.5862497339958       0.944698334       1.33728710E-04
   6544.0434568721575       0.909078717       1.28657150E-04
   6546.5006640103193       0.849930465       1.20710181E-04
   6548.9578711484810       0.833361745       1.18060620E-04
   6551.4150782866427       0.842224836       1.19416101E-04
   6553.8722854248044       0.911739588       1.29027962E-04
   6556.3294925629671        1.03466845       1.45379832E-04
   6558.7866997011288        1.07784915       1.51439366E-04
   6561.2439068392905       0.960804701       1.36339804E-04
   6563.7011139774522       0.795461893       1.13928349E-04
   6566.1583211156139       0.739282608       1.05151776E-04
   6568.6155282537766       0.741975844       1.04745093E-04
   6571.0727353919374       0.703602016       9.98014730E-05
   6573.5299425301000       0.692462802       9.78999888E-05
   6575.9871496682617       0.665646315       9.43497798E-05
   6578.4443568064235       0.658475697       9.33627016E-05
   6580.9015639445852       0.690063596       9.73968854E-05
   6583.3587710827469       0.718716681       1.01381796E-04
   6585.8159782209095       0.726641119       1.02628052E-04
   6588.2731853590703       0.720105648       1.01690151E-04
   6590.7303924972330       0.683436036       9.70940746E-05
   6593.1875996353947       0.694720268       9.80991026E-05
   6595.6448067735564       0.697405279       9.85682054E-05
   6598.1020139117181       0.690327525       9.76313895E-05
   6600.5592210498799       0.692264557       9.77865348E-05
   6603.0164281880425       0.675474286       9.59443423E-05
   6605.4736353262042       0.719464600       1.01381236E-04
   6607.9308424643659       0.734910965       1.03804632E-04
   6610.3880496025276       0.738291204       1.04342900E-04
   6612.8452567406894       0.742066979       1.04921266E-04
   6615.3024638788520       0.738906145       1.04348408E-04
   6617.7596710170128       0.707997084       1.00223086E-04
   6620.2168781551754       0.659000218       9.35048811E-05
   6622.6740852933372       0.627650023       8.91725140E-05
   6625.1312924314989       0.644868076       9.13007389E-05
   6627.5884995696606       0.685750008       9.63668936E-05
   6630.0457067078223       0.651020467       9.21932078E-05
   6632.5029138459849       0.603152990       8.57217383E-05
   6634.9601209841458       0.599659979       8.49974676E-05
   6637.4173281223084       0.621050298       8.78276769E-05
   6639.8745352604701       0.660617650       9.30271344E-05
   6642.3317423986318       0.662492454       9.36505603E-05
   6644.7889495367936       0.657660365       9.27680157E-05
   6647.2461566749553       0.599610806       8.51235454E-05
   6649.7033638131179       0.546110749       7.77275854E-05
   6652.1605709512796       0.540982068       7.67689125E-05
   6654.6177780894413       0.578427911       8.15891544E-05
   6657.0749852276031       0.601078093       8.45931063E-05
   6659.5321923657648       0.579180181       8.21565918E-05
   6661.9893995039274       0.580559134       8.23920127E-05
   6664.4466066420882       0.633145332       8.89660005E-05
   6666.9038137802509       0.623957217       8.84681212E-05
   6669.3610209184126       0.649230838       9.15515193E-05
   6671.8182280565743       0.654278159       9.25300119E-05
   6674.2754351947360       0.648054540       9.13659169E-05
   6676.7326423328977       0.589093924       8.37015250E-05
   6679.1898494710604       0.535842419       7.64930955E-05
   6681.6470566092212       0.569242537       8.00732305E-05
   6684.1042637473838       0.550288200       7.81458148E-05
   6686.5614708855455       0.569063067       8.02745344E-05
   6689.0186780237073       0.577017426       8.15702297E-05
   6691.4758851618690       0.575960100       8.15810999E-05
   6693.9330923000307       0.603837192       8.51084405E-05
   6696.3902994381933       0.599683523       8.49268108E-05
   6698.8475065763550       0.617705345       8.72840828E-05
   6701.3047137145168       0.638264894       9.01723688E-05
   6703.7619208526785       0.655113161       9.24810884E-05
   6706.2191279908402       0.658100367       9.29024245E-05
   6708.6763351290019       0.629814386       8.92510434E-05
   6711.1335422671636       0.608909369       8.62017696E-05
   6713.5907494053263       0.584285259       8.27200274E-05
   6716.0479565434880       0.552359998       7.85242883E-05
   6718.5051636816497       0.565016389       7.98353140E-05
   6720.9623708198114       0.573923111       8.10718266E-05
   6723.4195779579732       0.568736613       8.05140226E-05
   6725.8767850961358       0.576459706       8.14842715E-05
   6728.3339922342975       0.580959201       8.22559377E-05
   6730.7911993724592       0.605542839       8.54595128E-05
   6733.2484065106210       0.616450191       8.71307857E-05
   6735.7056136487827       0.627307475       8.86457492E-05
   6738.1628207869444       0.632902980       8.94832556E-05
   6740.6200279251061       0.636864603       8.99886727E-05
   6743.0772350632687       0.628968954       8.89940711E-05
   6745.5344422014305       0.620110214       8.76159611E-05
   6747.9916493395922       0.587056696       8.33391023E-05
   6750.4488564777539       0.584886789       8.29141063E-05
   6752.9060636159156       0.613734424       8.66199844E-05
   6755.3632707540773       0.634989619       8.98149301E-05
   6757.8204778922391       0.672084272       9.48303787E-05
   6760.2776850304017       0.702270806       9.90518238E-05
   6762.7348921685634       0.710314929       1.00634636E-04
   6765.1920993067251       0.752063096       1.05913001E-04
   6767.6493064448869       0.749977887       1.06020976E-04
   6770.1065135830486       0.736021638       1.04459774E-04
   6772.5637207212112       0.774503052       1.09081288E-04
   6775.0209278593729       0.754393160       1.06615174E-04
   6777.4781349975347       0.697089195       9.90106928E-05
   6779.9353421356964       0.663877904       9.41707767E-05
   6782.3925492738581       0.649125099       9.18782462E-05
   6784.8497564120198       0.632383585       8.96770944E-05
   6787.3069635501815       0.643795431       9.10469898E-05
   6789.7641706883442       0.664119780       9.39263773E-05
   6792.2213778265059       0.696228743       9.82059719E-05
   6794.6785849646676       0.709731519       1.00309408E-04
   6797.1357921028293       0.721817672       1.02033504E-04
   6799.5929992409910       0.735869825       1.03856590E-04
   6802.0502063791528       0.723822355       1.02565558E-04
   6804.5074135173145       0.735658228       1.03968014E-04
   6806.9646206554771       0.744210839       1.05054816E-04
   6809.4218277936388       0.723857820       1.02695521E-04
   6811.8790349318006       0.745538056       1.05298008E-04
   6814.3362420699623       0.758729041       1.07017098E-04
   6816.7934492081240       0.728679717       1.03371611E-04
   6819.2506563462866       0.732681692       1.03667153E-04
   6821.7078634844484       0.747277796       1.05632622E-04
   6824.1650706226101       0.763058782       1.07971660E-04
   6826.6222777607718       0.796784520       1.12249174E-04
   6829.0794848989335       0.781600773       1.10642322E-04
   6831.5366920370961       0.776736736       1.10102708E-04
   6833.9938991752570       0.808449984       1.13943337E-04
   6836.4511063134196       0.800882220       1.13476257E-04
   6838.9083134515813       0.818168521       1.15587005E-04
   6841.3655205897430       0.832525849       1.17428324E-04
   6843.8227277279047       0.788676858       1.11895257E-04
   6846.2799348660665       0.776690543       1.09740278E-04
   6848.7371420042291       0.733529091       1.04323364E-04
   6851.1943491423908       0.753079534       1.06431697E-04
   6853.6515562805525       0.780923843       1.10257002E-04
   6856.1087634187143       0.788879752       1.11622838E-04
   6858.5659705568760       0.822118878       1.16063136E-04
   6861.0231776950377       0.830485642       1.17018557E-04
   6863.4803848331994       0.764951944       1.08405147E-04
   6865.9375919713621       0.667566657       9.56195945E-05
   6868.3947991095238       0.705982625       9.97810712E-05
   6870.8520062476855       0.759090304       1.07082589E-04
   6873.3092133858472       0.796171546       1.12346373E-04
   6875.7664205240089       0.829153776       1.17081661E-04
   6878.2236276621707       0.847986460       1.19669807E-04
   6880.6808348003324       0.843498290       1.19200617E-04
   6883.1380419384950       0.810385585       1.14877155E-04
   6885.5952490766567       0.803263962       1.13766757E-04
   6888.0524562148184       0.815262794       1.15425028E-04
   6890.5096633529802       0.850634098       1.19904675E-04
   6892.9668704911419       0.842545450       1.19217570E-04
   6895.4240776293036       0.830395639       1.17409421E-04
   6897.8812847674662       0.808601379       1.14787239E-04
   6900.3384919056280       0.835616887       1.18213618E-04
   6902.7956990437897       0.892005682       1.25822611E-04
   6905.2529061819514       0.922503054       1.30438333E-04
   6907.7101133201131       0.965586424       1.36029266E-04
   6910.1673204582748       0.936828732       1.32600602E-04
   6912.6245275964375       0.890658975       1.26182189E-04
   6915.0817347345992       0.841817021       1.19741875E-04
   6917.5389418727609       0.870794833       1.23348378E-04
   6919.9961490109226       0.948668063       1.33770896E-04
   6922.4533561490844        1.00789416       1.42251985E-04
   6924.9105632872470        1.05434740       1.48748979E-04
   6927.3677704254078        1.07208049       1.51556786E-04
   6929.8249775635704        1.08628547       1.53711168E-04
   6932.2821847017321        1.12006748       1.57957067E-04
   6934.7393918398939        1.10186040       1.56226466E-04
   6937.1965989780556        1.13316143       1.60551688E-04
   6939.6538061162173        1.23622382       1.74438290E-04
   6942.1110132543799        1.32879686       1.87479367E-04
   6944.5682203925408        1.40842199       1.98281836E-04
   6947.0254275307034        1.38184547       1.95514309E-04
   6949.4826346688651        1.34115613       1.89765284E-04
   6951.9398418070268        1.27325630       1.80714429E-04
   6954.3970489451885        1.25379276       1.77912400E-04
   6956.8542560833503        1.32003367       1.86543228E-04
   6959.3114632215129        1.39627254       1.96961249E-04
   6961.7686703596746        1.44453490       2.04136115E-04
   6964.2258774978363        1.48881197       2.09889331E-04
   6966.6830846359981        1.45137930       2.05471966E-04
   6969.1402917741598        1.41037464       2.00191207E-04
   6971.5974989123215        1.46168065       2.06280791E-04
   6974.0547060504832        1.47298336       2.08695696E-04
   6976.5119131886458        1.54411435       2.17865367E-04
   6978.9691203268076        1.58143377       2.23196999E-04
   6981.4263274649693        1.54625893       2.18915389E-04
   6983.8835346031310        1.53288567       2.17017994E-04
   6986.3407417412927        1.53396058       2.16999368E-04
   6988.7979488794554        1.53725290       2.17200723E-04
   6991.2551560176171        1.49648356       2.12225801E-04
   6993.7123631557788        1.50806224       2.13131279E-04
   6996.1695702939405        1.49972928       2.12465457E-04
   6998.6267774321022        1.52673829       2.16024360E-04
   7001.0839845702640        1.59075344       2.24516465E-04
   7003.5411917084257        1.61772394       2.29305690E-04
   7005.9983988465883        1.74082363       2.45518604E-04
   7008.4556059847500        1.82555461       2.57364678E-04
   7010.9128131229118        1.81808829       2.57278472E-04
   7013.3700202610735        1.83848453       2.60054396E-04
   7015.8272273992352        1.87655663       2.65014620E-04
   7018.2844345373978        1.88497472       2.66411662E-04
   7020.7416416755586        1.89172006       2.68025789E-04
   7023.1988488137213        1.99654734       2.82033667E-04
   7025.6560559518830        2.13664150       3.01341352E-04
   7028.1132630900447        2.24240685       3.16454505E-04
   7030.5704702282064        2.33901978       3.30183975E-04
   7033.0276773663682        2.41858864       3.41510633E-04
   7035.4848845045308        2.47912240       3.49913578E-04
   7037.9420916426916        2.48446393       3.51470255E-04
   7040.3992987808542        2.51703835       3.55942670E-04
   7042.8565059190159        2.58782268       3.65324639E-04
   7045.3137130571777        2.56220937       3.61267448E-04
   7047.7709201953394        2.29618287       3.25708534E-04
   7050.2281273335011        1.81759584       2.60294037E-04
   7052.6853344716637        1.37808752       1.98235284E-04
   7055.1425416098255       0.982238770       1.42771998E-04
   7057.5997487479872       0.933131218       1.32351648E-04
   7060.0569558861489       0.925081074       1.31251683E-04
   7062.5141630243106       0.970506310       1.36836257E-04
   7064.9713701624732        1.01718938       1.43324898E-04
   7067.4285773006350        1.01471055       1.43840691E-04
   7069.8857844387967        1.09994745       1.54723646E-04
   7072.3429915769584        1.12528503       1.58702489E-04
   7074.8001987151201        1.12338054       1.58953248E-04
   7077.2574058532819        1.16508007       1.64593250E-04
   7079.7146129914436        1.20606399       1.69477644E-04
   7082.1718201296062        1.10175002       1.56304348E-04
   7084.6290272677679       0.988168418       1.40405435E-04
   7087.0862344059296       0.919621706       1.30464425E-04
   7089.5434415440914       0.858624279       1.21912955E-04
   7092.0006486822531       0.849531651       1.20226905E-04
   7094.4578558204148       0.849167943       1.20550714E-04
   7096.9150629585765       0.921301246       1.29567736E-04
   7099.3722700967392       0.924865961       1.30696673E-04
   7101.8294772349009       0.918810904       1.30315166E-04
   7104.2866843730626       0.980346859       1.38245843E-04
   7106.7438915112243        1.02073681       1.43856145E-04
   7109.2010986493860        1.01226318       1.43591082E-04
   7111.6583057875478        1.08074665       1.52462380E-04
   7114.1155129257095        1.13509655       1.60011492E-04
   7116.5727200638721        1.13825095       1.60740849E-04
   7119.0299272020338        1.10448289       1.56144204E-04
   7121.4871343401956        1.01971054       1.44579550E-04
   7123.9443414783573       0.916648388       1.30461776E-04
   7126.4015486165190       0.861108720       1.22269994E-04
   7128.8587557546816       0.846931458       1.19895783E-04
   7131.3159628928424       0.837504864       1.18857846E-04
   7133.7731700310051       0.886878908       1.24910162E-04
   7136.2303771691668       0.884769320       1.25164210E-04
   7138.6875843073285       0.886767626       1.25437640E-04
   7141.1447914454911       0.901116550       1.27544496E-04
   7143.6019985836519       0.937703967       1.32212386E-04
   7146.0592057218146       0.937214732       1.32560934E-04
   7148.5164128599763       0.945626676       1.34141650E-04
   7150.9736199981380        1.01720107       1.43046040E-04
   7153.4308271362997        1.00895977       1.42615754E-04
   7155.8880342744615       0.970158875       1.37718409E-04
   7158.3452414126241       0.998806179       1.40824224E-04
   7160.8024485507858       0.965435088       1.36916045E-04
   7163.2596556889475       0.964342475       1.36094241E-04
   7165.7168628271093       0.921450555       1.31078763E-04
   7168.1740699652710       0.960627317       1.35702372E-04
   7170.6312771034327        1.00905955       1.42160061E-04
   7173.0884842415944       0.991972506       1.41104145E-04
   7175.5456913797570        1.09514749       1.54035282E-04
   7178.0028985179188        1.13543367       1.60344396E-04
   7180.4601056560805        1.14583218       1.62027311E-04
   7182.9173127942422        1.18339133       1.67095306E-04
   7185.3745199324039        1.17737126       1.66808837E-04
   7187.8317270705656        1.22680199       1.72891683E-04
   7190.2889342087274        1.18303478       1.67606369E-04
   7192.7461413468900        1.15879095       1.64010693E-04
   7195.2033484850517        1.12642944       1.59721807E-04
   7197.6605556232134        1.12558103       1.58802970E-04
   7200.1177627613752        1.05088031       1.49695596E-04
   7202.5749698995369        1.09014654       1.54148715E-04
   7205.0321770376986        1.15852499       1.63549616E-04
   7207.4893841758603        1.20499396       1.70333995E-04
   7209.9465913140230        1.27597690       1.79882234E-04
   7212.4037984521847        1.28811789       1.82368574E-04
   7214.8610055903464        1.34054446       1.89192666E-04
   7217.3182127285090        1.35230124       1.91313273E-04
   7219.7754198666698        1.38495111       1.96088789E-04
   7222.2326270048325        1.46262264       2.06337194E-04
   7224.6898341429942        1.50056517       2.11761377E-04
   7227.1470412811559        1.46483111       2.07575198E-04
   7229.6042484193176        1.46175230       2.06533383E-04
   7232.0614555574793        1.42236686       2.02560084E-04
   7234.5186626956420        1.55305147       2.18590445E-04
   7236.9758698338028        1.61103594       2.27241850E-04
   7239.4330769719654        1.57013488       2.23183961E-04
   7241.8902841101271        1.71311653       2.41723086E-04
   7244.3474912482889        1.82137501       2.57301173E-04
   7246.8046983864506        1.95353341       2.74824735E-04
   7249.2619055246123        1.92238343       2.72718840E-04
   7251.7191126627749        2.00945473       2.83778412E-04
   7254.1763198009367        2.08905673       2.95534788E-04
   7256.6335269390984        2.20602059       3.10871023E-04
   7259.0907340772601        2.22728968       3.15503799E-04
   7261.5479412154218        2.31346488       3.26618290E-04
   7264.0051483535835        2.36649489       3.34068813E-04
   7266.4623554917453        2.30571032       3.26614449E-04
   7268.9195626299079        2.27404070       3.21539526E-04
   7271.3767697680696        2.16292119       3.07370909E-04
   7273.8339769062313        2.19440341       3.10611533E-04
   7276.2911840443930        2.28252959       3.23371380E-04
   7278.7483911825548        2.48689389       3.50473449E-04
   7281.2055983207165        2.60145664       3.66677763E-04
   7283.6628054588782        2.56782079       3.63721658E-04
   7286.1200125970408        2.58456039       3.66183143E-04
   7288.5772197352026        2.71587491       3.83562350E-04
   7291.0344268733643        2.82601714       3.99914657E-04
   7293.4916340115260        3.03371954       4.27371386E-04
   7295.9488411496877        3.09261298       4.37172974E-04
   7298.4060482878504        3.13604379       4.43957280E-04
   7300.8632554260121        3.27935624       4.63499688E-04
   7303.3204625641738        3.43646479       4.85260913E-04
   7305.7776697023355        3.59330368       5.07913879E-04
   7308.2348768404972        3.77876425       5.33327344E-04
   7310.6920839786590        3.90565205       5.51114092E-04
   7313.1492911168207        3.87991261       5.49772463E-04
   7315.6064982549833        3.99928880       5.64966060E-04
   7318.0637053931450        4.09135389       5.79040207E-04
   7320.5209125313067        4.27191162       6.02363260E-04
   7322.9781196694685        4.28796053       6.06107409E-04
   7325.4353268076302        4.20208931       5.95671183E-04
   7327.8925339457928        4.30114365       6.08262315E-04
   7330.3497410839536        4.42944479       6.26751804E-04
   7332.8069482221163        4.69516087       6.62627805E-04
   7335.2641553602780        4.90153408       6.91980706E-04
   7337.7213624984397        5.01119804       7.06487917E-04
   7340.1785696366014        4.80201340       6.80933998E-04
   7342.6357767747631        4.70092249       6.66108914E-04
   7345.0929839129258        4.73464155       6.69396133E-04
   7347.5501910510866        4.71715450       6.67318003E-04
   7350.0073981892492        4.70415640       6.65550760E-04
   7352.4646053274109        4.72572470       6.68684952E-04
   7354.9218124655727        4.78560877       6.76272262E-04
   7357.3790196037344        4.82047367       6.82243030E-04
   7359.8362267418961        4.95913219       7.01959187E-04
   7362.2934338800587        5.30578470       7.47394108E-04
   7364.7506410182204        5.38539219       7.61050673E-04
   7367.2078481563822        5.41564703       7.64990225E-04
   7369.6650552945439        5.31409836       7.51944550E-04
   7372.1222624327056        5.16955805       7.32514367E-04
   7374.5794695708682        5.17318344       7.32034387E-04
   7377.0366767090300        5.24298716       7.41118914E-04
   7379.4938838471917        5.30870867       7.50637671E-04
   7381.9510909853534        5.41198730       7.65074044E-04
   7384.4082981235151        5.52308130       7.79798254E-04
   7386.8655052616768        5.50853920       7.79050635E-04
   7389.3227123998386        5.45033550       7.71123159E-04
   7391.7799195380012        5.41429710       7.65340577E-04
   7394.2371266761629        5.24835300       7.43976503E-04
   7396.6943338143246        5.27027178       7.45369762E-04
   7399.1515409524864        5.29059219       7.47556158E-04
   7401.6087480906481        5.20966101       7.37118185E-04
   7404.0659552288098        5.13807583       7.28317013E-04
   7406.5231623669715        5.30258751       7.48368388E-04
   7408.9803695051341        5.33687115       7.54246837E-04
   7411.4375766432959        5.29147816       7.48137012E-04
   7413.8947837814576        5.19036770       7.34384637E-04
   7416.3519909196193        5.05220509       7.15832051E-04
   7418.8091980577810        5.06353712       7.16950861E-04
   7421.2664051959437        5.22653818       7.38269126E-04
   7423.7236123341045        5.36405087       7.56881782E-04
   7426.1808194722671        5.32454634       7.53710687E-04
   7428.6380266104288        5.36492348       7.57849833E-04
   7431.0952337485905        5.28932905       7.47909362E-04
   7433.5524408867523        5.10107422       7.23003701E-04
   7436.0096480249140        5.06461430       7.16756855E-04
   7438.4668551630766        5.06421518       7.15897535E-04
   7440.9240623012374        5.00537825       7.08047242E-04
   7443.3812694394001        4.92513180       6.97861717E-04
   7445.8384765775618        5.01894236       7.09488289E-04
   7448.2956837157235        5.12747526       7.24326703E-04
   7450.7528908538861        5.16973877       7.30392989E-04
   7453.2100979920478        5.12534094       7.25242309E-04
   7455.6673051302096        5.12458467       7.25415535E-04
   7458.1245122683713        5.24247313       7.41020544E-04
   7460.5817194065330        5.36679459       7.57574511E-04
   7463.0389265446947        5.34251356       7.55856512E-04
   7465.4961336828565        5.34667444       7.56196561E-04
   7467.9533408210191        5.35789633       7.57334696E-04
   7470.4105479591808        5.29160547       7.48989463E-04
   7472.8677550973425        5.28658628       7.48082297E-04
   7475.3249622355042        5.34853554       7.56409718E-04
   7477.7821693736660        5.44764805       7.70110753E-04
   7480.2393765118277        5.57582140       7.88146630E-04
   7482.6965836499894        5.70327663       8.05033196E-04
   7485.1537907881520        5.67704678       8.03290051E-04
   7487.6109979263138        5.67284632       8.02149938E-04
   7490.0682050644755        5.64611959       7.98018358E-04
   7492.5254122026372        5.50356054       7.81269220E-04
   7494.9826193407989        5.75062037       8.11917183E-04
   7497.4398264789606        5.94446039       8.38921987E-04
   7499.8970336171224        5.94788122       8.41558736E-04
   7502.3542407552850        6.03992462       8.53085192E-04
   7504.8114478934467        5.97587347       8.45915347E-04
   7507.2686550316084        6.00299120       8.49449309E-04
   7509.7258621697702        6.10168648       8.61482578E-04
   7512.1830693079319        6.01117992       8.50384356E-04
   7514.6402764460936        5.87631416       8.33400409E-04
   7517.0974835842553        6.02520943       8.50199722E-04
   7519.5546907224179        5.93189430       8.39885382E-04
   7522.0118978605797        5.92603970       8.38713371E-04
   7524.4691049987414        6.03130341       8.52418249E-04
   7526.9263121369040        6.12208462       8.65662878E-04
   7529.3835192750648        6.25388527       8.84084147E-04
   7531.8407264132275        6.43310070       9.08284041E-04
   7534.2979335513892        6.47466278       9.16115299E-04
   7536.7551406895509        6.65970182       9.41148552E-04
   7539.2123478277126        6.83033705       9.64323699E-04
   7541.6695549658743        6.85161686       9.67844040E-04
   7544.1267621040370        6.65468264       9.42673301E-04
   7546.5839692421978        6.57849026       9.30941664E-04
   7549.0411763803604        6.54292107       9.26250941E-04
   7551.4983835185221        6.64110804       9.37726640E-04
   7553.9555906566839        6.59810925       9.33855132E-04
   7556.4127977948456        6.66266632       9.41786682E-04
   7558.8700049330073        6.74132299       9.51568654E-04
   7561.3272120711699        6.57617331       9.31201677E-04
   7563.7844192093316        6.55588150       9.27139947E-04
   7566.2416263474934        6.58172798       9.30421520E-04
   7568.6988334856551        6.61832476       9.35667485E-04
   7571.1560406238168        6.70259333       9.47560591E-04
   7573.6132477619785        6.84355545       9.66629013E-04
   7576.0704549001402        6.94047165       9.81219811E-04
   7578.5276620383029        7.07479048       9.97950439E-04
   7580.9848691764637        6.84040451       9.66188905E-04
   7583.4420763146263        6.09489822       8.65619280E-04
   7585.8992834527880        5.19859648       7.40884629E-04
   7588.3564905909498        4.39663219       6.27231959E-04
   7590.8136977291124        3.73261452       5.32693230E-04
   7593.2709048672732        3.30293751       4.69365128E-04
   7595.7281120054358        2.83414578       4.03945276E-04
   7598.1853191435976        2.48541641       3.53583280E-04
   7600.6425262817593        2.24100995       3.18457256E-04
   7603.0997334199219        2.12487864       3.03096604E-04
   7605.5569405580827        2.44322133       3.45973240E-04
   7608.0141476962453        3.03311992       4.26657120E-04
   7610.4713548344071        3.62951756       5.09635953E-04
   7612.9285619725688        4.09971380       5.76671970E-04
   7615.3857691107305        4.42208433       6.21157524E-04
   7617.8429762488922        4.31458139       6.07891241E-04
   7620.3001833870549        3.62516642       5.16771397E-04
   7622.7573905252157        2.98733544       4.26918996E-04
   7625.2145976633783        2.55773330       3.64951411E-04
   7627.6718048015400        2.31059861       3.29217379E-04
   7630.1290119397017        2.31173491       3.26764624E-04
   7632.5862190778635        2.29057169       3.23873770E-04
   7635.0434262160252        2.25022912       3.18566919E-04
   7637.5006333541878        2.25267243       3.18451872E-04
   7639.9578404923486        2.24566174       3.17722093E-04
   7642.4150476305113        2.26865077       3.20437044E-04
   7644.8722547686730        2.24349451       3.17057391E-04
   7647.3294619068347        2.15563178       3.05325550E-04
   7649.7866690449964        2.08470654       2.94497673E-04
   7652.2438761831581        1.88027596       2.67044175E-04
   7654.7010833213208        1.70144641       2.41394795E-04
   7657.1582904594816        1.49900484       2.12828876E-04
   7659.6154975976442        1.25498152       1.79697628E-04
   7662.0727047358059        1.20572388       1.71361447E-04
   7664.5299118739676        1.29663169       1.83113472E-04
   7666.9871190121294        1.39944768       1.98163063E-04
   7669.4443261502911        1.62043631       2.27563200E-04
   7671.9015332884537        1.73113942       2.44597439E-04
   7674.3587404266145        1.88813090       2.65474751E-04
   7676.8159475647772        1.92354906       2.72487348E-04
   7679.2731547029389        2.04899168       2.88822979E-04
   7681.7303618411006        2.11725092       2.98464496E-04
   7684.1875689792632        2.03666615       2.88656389E-04
   7686.6447761174240        1.99554193       2.82109395E-04
   7689.1019832555867        1.85694528       2.63407623E-04
   7691.5591903937484        1.69255972       2.40366018E-04
   7694.0163975319101        1.52025032       2.16454209E-04
   7696.4736046700727        1.42331707       2.02909898E-04
   7698.9308118082336        1.51520526       2.15155058E-04
   7701.3880189463962        1.76431179       2.48847093E-04
   7703.8452260845579        2.02501559       2.85064627E-04
   7706.3024332227196        2.22310328       3.12789227E-04
   7708.7596403608813        2.29644895       3.24888242E-04
   7711.2168474990431        2.43421102       3.43552936E-04
   7713.6740546372057        2.55600142       3.60861042E-04
   7716.1312617753665        2.65097785       3.74635827E-04
   7718.5884689135291        2.77842116       3.92420334E-04
   7721.0456760516909        2.91339040       4.11989604E-04
   7723.5028831898526        3.12265658       4.39924275E-04
   7725.9600903280143        3.20069790       4.52443579E-04
   7728.4172974661760        3.29405093       4.66208498E-04
   7730.8745046043387        3.50537372       4.94306907E-04
   7733.3317117424995        3.60348129       5.09214238E-04
   7735.7889188806621        3.67366958       5.18562389E-04
   7738.2461260188238        3.58724284       5.06989192E-04
   7740.7033331569855        3.30195999       4.69218619E-04
   7743.1605402951473        3.13802195       4.45167185E-04
   7745.6177474333090        3.05485916       4.32758650E-04
   7748.0749545714716        2.99534130       4.24417289E-04
   7750.5321617096324        3.02102709       4.27122111E-04
   7752.9893688477950        3.01998687       4.27343708E-04
   7755.4465759859568        3.06175733       4.33196867E-04
   7757.9037831241185        3.16659236       4.47635190E-04
   7760.3609902622811        3.31360173       4.67581296E-04
   7762.8181974004419        3.40878153       4.82039846E-04
   7765.2754045386046        3.56092000       5.02641778E-04
   7767.7326116767663        3.66403008       5.17335080E-04
   7770.1898188149280        3.67936683       5.20362402E-04
   7772.6470259530906        3.70297956       5.23042807E-04
   7775.1042330912514        3.61156535       5.11602964E-04
   7777.5614402294141        3.57632613       5.06144832E-04
   7780.0186473675749        3.55418181       5.02582639E-04
   7782.4758545057375        3.47155380       4.92045132E-04
   7784.9330616438992        3.50345254       4.96097666E-04
   7787.3902687820610        3.64681363       5.14605956E-04
   7789.8474759202236        3.67379904       5.18988003E-04
   7792.3046830583844        3.60577393       5.10071870E-04
   7794.7618901965470        3.49931455       4.96448542E-04
   7797.2190973347087        3.58969092       5.08566096E-04
   7799.6763044728705        3.89566517       5.50338649E-04
   7802.1335116110322        4.29485512       6.04963454E-04
   7804.5907187491939        4.56471825       6.43410312E-04
   7807.0479258873565        4.69177675       6.63411571E-04
   7809.5051330255174        4.88709164       6.89795997E-04
   7811.9623401636800        4.98807573       7.03864847E-04
   7814.4195473018417        4.87368059       6.90250832E-04
   7816.8767544400034        4.80677605       6.79157500E-04
   7819.3339615781651        4.53806496       6.43798558E-04
   7821.7911687163269        4.33875084       6.15555502E-04
   7824.2483758544895        4.30903816       6.09033217E-04
   7826.7055829926503        4.13784981       5.86720533E-04
   7829.1627901308129        4.09390116       5.80256397E-04
   7831.6199972689747        4.24687147       6.00112719E-04
   7834.0772044071364        4.38620234       6.19262806E-04
   7836.5344115452981        4.48737812       6.34465716E-04
   7838.9916186834598        4.59074783       6.48437359E-04
   7841.4488258216224        4.69404125       6.63356564E-04
   7843.9060329597842        4.74529696       6.71740563E-04
   7846.3632400979459        4.96584845       6.99187978E-04
   7848.8204472361076        4.78058529       6.78585202E-04
   7851.2776543742693        4.89524126       6.91513240E-04
   7853.7348615124320        4.95998001       7.01003009E-04
   7856.1920686505928        4.93436909       6.96618576E-04
   7858.6492757887554        4.68314886       6.64549705E-04
   7861.1064829269171        4.58226299       6.49084221E-04
   7863.5636900650788        4.58887720       6.48960471E-04
   7866.0208972032406        4.55965328       6.45415683E-04
   7868.4781043414023        4.60598564       6.51188602E-04
   7870.9353114795649        4.67810631       6.62248873E-04
   7873.3925186177257        4.90312910       6.92321395E-04
   7875.8497257558884        5.13476801       7.24552141E-04
   7878.3069328940501        5.25874805       7.42920034E-04
   7880.7641400322118        5.38984919       7.62394862E-04
   7883.2213471703744        5.64293861       7.96728826E-04
   7885.6785543085352        5.84908867       8.24000046E-04
   7888.1357614466979        5.67493820       8.04171606E-04
   7890.5929685848587        5.60090590       7.91754457E-04
   7893.0501757230213        5.39825773       7.63924501E-04
   7895.5073828611830        5.04907274       7.18107098E-04
   7897.9645899993448        5.12176323       7.23766978E-04
   7900.4217971375074        5.14541817       7.27253093E-04
   7902.8790042756682        5.03324175       7.11647153E-04
   7905.3362114138308        4.84674406       6.86584332E-04
   7907.7934185519925        4.62690258       6.57456229E-04
   7910.2506256901543        4.81054401       6.77845615E-04
   7912.7078328283160        4.65540552       6.60801074E-04
   7915.1650399664777        4.82072783       6.80452387E-04
   7917.6222471046403        4.88088465       6.89607288E-04
   7920.0794542428021        4.87480497       6.89500244E-04
   7922.5366613809638        4.90512323       6.95168681E-04
   7924.9938685191255        5.23476887       7.38238508E-04
   7927.4510756572872        5.44234276       7.68837344E-04
   7929.9082827954498        5.66860771       7.98911380E-04
   7932.3654899336107        5.55418205       7.86246150E-04
   7934.8226970717733        5.46368551       7.71788764E-04
   7937.2799042099350        5.06539106       7.19366828E-04
   7939.7371113480967        4.85373497       6.88336964E-04
   7942.1943184862585        4.76930666       6.74715091E-04
   7944.6515256244202        4.67045689       6.63470069E-04
   7947.1087327625828        4.98717451       7.05437269E-04
   7949.5659399007436        5.52666378       7.77280249E-04
   7952.0231470389062        5.71187067       8.06853350E-04
   7954.4803541770680        5.85740948       8.25191033E-04
   7956.9375613152297        5.59097004       7.93372397E-04
   7959.3947684533914        5.54859638       7.87327823E-04
   7961.8519755915531        5.95537996       8.39261571E-04
   7964.3091827297158        6.10732174       8.63982423E-04
   7966.7663898678766        6.41169691       9.02999134E-04
   7969.2235970060392        6.28371716       8.89699033E-04
   7971.6808041442009        6.16945314       8.72410426E-04
   7974.1380112823626        5.94736147       8.42713984E-04
   7976.5952184205253        5.74405050       8.14355270E-04
   7979.0524255586861        5.69886875       8.05469346E-04
   7981.5096326968487        5.46982336       7.76234199E-04
   7983.9668398350095        5.47270012       7.75579188E-04
   7986.4240469731722        5.71779871       8.06375523E-04
   7988.8812541113339        5.69713545       8.06874421E-04
   7991.3384612494956        5.85471106       8.27195705E-04
   7993.7956683876582        5.96729088       8.43596936E-04
   7996.2528755258199        6.08510065       8.61727458E-04
   7998.7100826639817        6.44615746       9.09378810E-04
   8001.1672898021434        6.66171312       9.41292790E-04
   8003.6244969403051        6.86474562       9.70135967E-04
   8006.0817040784677        7.08229065       9.99961630E-04
   8008.5389112166285        7.16348648       1.01374369E-03
   8010.9961183547912        7.37550688       1.04194449E-03
   8013.4533254929529        7.55218124       1.06773002E-03
   8015.9105326311146        7.74825716       1.09543104E-03
   8018.3677397692763        8.03925896       1.13561493E-03
   8020.8249469074381        8.26995087       1.16956688E-03
   8023.2821540456007        8.62588692       1.21633988E-03
   8025.7393611837615        8.65040398       1.22591166E-03
   8028.1965683219241        9.08616066       1.28421548E-03
   8030.6537754600859        9.67601776       1.36162364E-03
   8033.1109825982476        1.00000000      -1673619.62    
