   5529.2169088113069        4.94540296E-02  -6.99385464E-06
   5531.6741159494686        4.97456081E-02   7.11045413E-06
   5534.1313230876303        5.46817444E-02   7.45512580E-06
   5536.5885302257930        4.15251106E-02   6.23090045E-06
   5539.0457373639547        4.11916859E-02   5.84328336E-06
   5541.5029445021164        5.51482365E-02   7.75931585E-06
   5543.9601516402781        5.28625213E-02   7.29750900E-06
   5546.4173587784398        4.77701761E-02   7.17138528E-06
   5548.8745659166016        5.46774901E-02   7.95332835E-06
   5551.3317730547642        8.61341953E-02   1.18157914E-05
   5553.7889801929259        5.80593497E-02   8.94800451E-06
   5556.2461873310876        8.51528421E-02   1.13926471E-05
   5558.7033944692494        6.71423450E-02   9.93653975E-06
   5561.1606016074111        7.08550662E-02   1.03234006E-05
   5563.6178087455728        9.90812331E-02   1.37848465E-05
   5566.0750158837354       0.117886744       1.64408812E-05
   5568.5322230218972        9.18749198E-02   1.35572236E-05
   5570.9894301600589       0.111909904       1.50097176E-05
   5573.4466372982206        6.83243349E-02   1.10077863E-05
   5575.9038444363823        9.80309322E-02   1.41402134E-05
   5578.3610515745440       0.158221439       2.14325228E-05
   5580.8182587127058       0.118046366       1.77396614E-05
   5583.2754658508684       0.135763422       1.92729658E-05
   5585.7326729890301       0.180631191       2.51636284E-05
   5588.1898801271918       0.181966290       2.54730949E-05
   5590.6470872653535       0.159569278       2.27610271E-05
   5593.1042944035153       0.133972690       1.92013140E-05
   5595.5615015416770       0.139757618       1.96726432E-05
   5598.0187086798396       0.137693629       1.96631554E-05
   5600.4759158180013       0.151944965       2.13915064E-05
   5602.9331229561631       0.158435732       2.25504318E-05
   5605.3903300943248       0.175798550       2.43826598E-05
   5607.8475372324865       0.156524092       2.25328276E-05
   5610.3047443706482       0.153076351       2.16669287E-05
   5612.7619515088109       0.165138945       2.31575978E-05
   5615.2191586469726       0.157844245       2.23575098E-05
   5617.6763657851343       0.149347886       2.12751165E-05
   5620.1335729232960       0.152635947       2.16756653E-05
   5622.5907800614577       0.167329997       2.33411556E-05
   5625.0479871996195       0.157897890       2.24712567E-05
   5627.5051943377821       0.148544148       2.11132156E-05
   5629.9624014759438       0.153769016       2.14884240E-05
   5632.4196086141055       0.140122131       2.00489994E-05
   5634.8768157522672       0.134823859       1.91311283E-05
   5637.3340228904290       0.144209132       2.04550215E-05
   5639.7912300285907       0.154488891       2.18124642E-05
   5642.2484371667524       0.166832373       2.34456093E-05
   5644.7056443049150       0.161796331       2.30044516E-05
   5647.1628514430768       0.166088492       2.33667142E-05
   5649.6200585812385       0.161861524       2.32561706E-05
   5652.0772657194002       0.181630850       2.52164555E-05
   5654.5344728575619       0.177625820       2.51808306E-05
   5656.9916799957236       0.156267017       2.25462081E-05
   5659.4488871338863       0.175406009       2.43499089E-05
   5661.9060942720480       0.169450521       2.41075195E-05
   5664.3633014102097       0.157426715       2.24954492E-05
   5666.8205085483714       0.170892820       2.39503242E-05
   5669.2777156865332       0.171354949       2.42588812E-05
   5671.7349228246949       0.166905448       2.38147841E-05
   5674.1921299628575       0.179961845       2.55709092E-05
   5676.6493371010192       0.204900935       2.85263304E-05
   5679.1065442391809       0.198428735       2.80645108E-05
   5681.5637513773427       0.173407644       2.48951892E-05
   5684.0209585155044       0.180776775       2.54621664E-05
   5686.4781656536661       0.188124388       2.63966758E-05
   5688.9353727918278       0.176082566       2.52888112E-05
   5691.3925799299905       0.185091987       2.60971810E-05
   5693.8497870681522       0.203476101       2.87310595E-05
   5696.3069942063139       0.205682263       2.90323169E-05
   5698.7642013444756       0.212149978       2.99387630E-05
   5701.2214084826373       0.201244459       2.86963186E-05
   5703.6786156207991       0.215832695       3.01665714E-05
   5706.1358227589617       0.200228915       2.88506744E-05
   5708.5930298971234       0.219490245       3.08864546E-05
   5711.0502370352851       0.238403842       3.33268035E-05
   5713.5074441734469       0.222941697       3.16067672E-05
   5715.9646513116086       0.196068123       2.80805125E-05
   5718.4218584497703       0.203532666       2.85602691E-05
   5720.8790655879329       0.199105605       2.85813112E-05
   5723.3362727260946       0.219797969       3.04648511E-05
   5725.7934798642564       0.208835095       2.98981631E-05
   5728.2506870024181       0.197071388       2.81924276E-05
   5730.7078941405798       0.228439301       3.16894111E-05
   5733.1651012787415       0.209029227       2.99086023E-05
   5735.6223084169033       0.202543899       2.86465165E-05
   5738.0795155550659       0.206163555       2.91036868E-05
   5740.5367226932276       0.205558047       2.90021853E-05
   5742.9939298313893       0.196289733       2.82771307E-05
   5745.4511369695510       0.223492205       3.10358191E-05
   5747.9083441077128       0.223779887       3.21295738E-05
   5750.3655512458745       0.234639093       3.29018258E-05
   5752.8227583840371       0.251173437       3.54305994E-05
   5755.2799655221988       0.230843797       3.31890078E-05
   5757.7371726603606       0.263304800       3.60947961E-05
   5760.1943797985223       0.204817593       3.00766769E-05
   5762.6515869366840       0.195457608       2.72962970E-05
   5765.1087940748457       0.199703351       2.83441423E-05
   5767.5660012130083       0.184724882       2.68632648E-05
   5770.0232083511701       0.232512668       3.21354819E-05
   5772.4804154893318       0.235645473       3.33781645E-05
   5774.9376226274935       0.217008784       3.08959388E-05
   5777.3948297656552       0.221228674       3.12573429E-05
   5779.8520369038170       0.226041466       3.18892126E-05
   5782.3092440419787       0.224553943       3.22846172E-05
   5784.7664511801413       0.256399482       3.55543089E-05
   5787.2236583183030       0.255657345       3.62832470E-05
   5789.6808654564647       0.225888416       3.26303380E-05
   5792.1380725946265       0.263377398       3.65215783E-05
   5794.5952797327882       0.252061397       3.60200538E-05
   5797.0524868709508       0.251730770       3.55946941E-05
   5799.5096940091125       0.262299150       3.73155672E-05
   5801.9669011472743       0.286425829       3.99361015E-05
   5804.4241082854360       0.274439394       3.91611902E-05
   5806.8813154235977       0.266962945       3.73578478E-05
   5809.3385225617594       0.250308514       3.55942211E-05
   5811.7957296999211       0.217780277       3.12799602E-05
   5814.2529368380838       0.239706218       3.32908858E-05
   5816.7101439762455       0.214498714       3.09837706E-05
   5819.1673511144072       0.226131946       3.15672332E-05
   5821.6245582525689       0.225553825       3.21822481E-05
   5824.0817653907307       0.229629323       3.23051718E-05
   5826.5389725288924       0.235438719       3.32749551E-05
   5828.9961796670550       0.226750582       3.22696214E-05
   5831.4533868052167       0.239067465       3.34059041E-05
   5833.9105939433784       0.221564487       3.18534439E-05
   5836.3678010815402       0.231514588       3.24244174E-05
   5838.8250082197019       0.237040937       3.33026765E-05
   5841.2822153578636       0.205015570       2.94262973E-05
   5843.7394224960262       0.205180570       2.87037674E-05
   5846.1966296341880       0.192436725       2.73247751E-05
   5848.6538367723497       0.174427420       2.48722954E-05
   5851.1110439105114       0.178032994       2.49393797E-05
   5853.5682510486731       0.167595178       2.41804537E-05
   5856.0254581868348       0.183223277       2.54888200E-05
   5858.4826653249966       0.187278137       2.65445597E-05
   5860.9398724631592       0.168223754       2.41603739E-05
   5863.3970796013209       0.189866692       2.61068326E-05
   5865.8542867394826       0.150524899       2.22683266E-05
   5868.3114938776444       0.164563432       2.27903274E-05
   5870.7687010158061       0.175511956       2.47945045E-05
   5873.2259081539678       0.152305052       2.18516398E-05
   5875.6831152921304       0.164010838       2.28439476E-05
   5878.1403224302921       0.147673130       2.11743281E-05
   5880.5975295684539       0.147974640       2.05321066E-05
   5883.0547367066156       0.123146608       1.79149611E-05
   5885.5119438447773       0.121571355       1.68655624E-05
   5887.9691509829390       0.115604155       1.62222696E-05
   5890.4263581211017        6.39660954E-02   1.04599321E-05
   5892.8835652592634       0.106640004       1.44279638E-05
   5895.3407723974251       0.131811291       1.86318102E-05
   5897.7979795355868       0.105373301       1.55720427E-05
   5900.2551866737485       0.141201034       1.94687545E-05
   5902.7123938119103       0.139746934       2.00672530E-05
   5905.1696009500720       0.154854625       2.13874700E-05
   5907.6268080882346       0.133036360       1.93029755E-05
   5910.0840152263963       0.135349557       1.91470444E-05
   5912.5412223645581       0.151477560       2.14339925E-05
   5914.9984295027198       0.164966017       2.31017493E-05
   5917.4556366408815       0.161530748       2.30086462E-05
   5919.9128437790432       0.163281992       2.31066078E-05
   5922.3700509172058       0.173013687       2.42840033E-05
   5924.8272580553676       0.166150987       2.36546239E-05
   5927.2844651935293       0.166965872       2.34858126E-05
   5929.7416723316910       0.164020821       2.32338480E-05
   5932.1988794698527       0.157416776       2.24358391E-05
   5934.6560866080144       0.167165488       2.33949086E-05
   5937.1132937461771       0.162110105       2.29861362E-05
   5939.5705008843388       0.152509645       2.17105317E-05
   5942.0277080225005       0.157865867       2.23827647E-05
   5944.4849151606622       0.169099942       2.40007812E-05
   5946.9421222988240       0.187470749       2.63837373E-05
   5949.3993294369857       0.196678132       2.78365333E-05
   5951.8565365751474       0.203260422       2.83270747E-05
   5954.3137437133100       0.180088699       2.58027794E-05
   5956.7709508514718       0.162596822       2.33724113E-05
   5959.2281579896335       0.187598437       2.59855624E-05
   5961.6853651277952       0.174312443       2.51922156E-05
   5964.1425722659569       0.185969099       2.59976532E-05
   5966.5997794041186       0.195565164       2.77762083E-05
   5969.0569865422813       0.194280639       2.76978699E-05
   5971.5141936804430       0.220935032       3.04454388E-05
   5973.9714008186047       0.180915400       2.63220409E-05
   5976.4286079567664       0.171976432       2.42556653E-05
   5978.8858150949281       0.184715182       2.61038913E-05
   5981.3430222330899       0.182961062       2.59710432E-05
   5983.8002293712525       0.195593625       2.74756439E-05
   5986.2574365094142       0.189797491       2.69102184E-05
   5988.7146436475759       0.189288497       2.66753050E-05
   5991.1718507857377       0.178979650       2.55577324E-05
   5993.6290579238994       0.188014269       2.63787333E-05
   5996.0862650620611       0.185532600       2.63508682E-05
   5998.5434722002228       0.186094522       2.62467329E-05
   6001.0006793383855       0.185038984       2.62730009E-05
   6003.4578864765472       0.189033359       2.68645181E-05
   6005.9150936147089       0.205565155       2.89625586E-05
   6008.3723007528706       0.216450498       3.02448370E-05
   6010.8295078910323       0.194600835       2.80096756E-05
   6013.2867150291941       0.197083652       2.81093617E-05
   6015.7439221673567       0.232413799       3.22000233E-05
   6018.2011293055184       0.214823902       3.07515475E-05
   6020.6583364436801       0.206039116       2.90608550E-05
   6023.1155435818418       0.207349434       2.90972039E-05
   6025.5727507200036       0.180683747       2.61723817E-05
   6028.0299578581653       0.195897147       2.75137354E-05
   6030.4871649963279       0.214892522       3.00849297E-05
   6032.9443721344896       0.196094066       2.82505680E-05
   6035.4015792726514       0.211889729       3.00560187E-05
   6037.8587864108131       0.245302975       3.43185638E-05
   6040.3159935489748       0.248590514       3.51527779E-05
   6042.7732006871365       0.240027815       3.39195140E-05
   6045.2304078252982       0.233347371       3.32992568E-05
   6047.6876149634609       0.244029999       3.46397392E-05
   6050.1448221016226       0.275033623       3.84472660E-05
   6052.6020292397843       0.268160731       3.80496640E-05
   6055.0592363779460       0.261016786       3.69520494E-05
   6057.5164435161078       0.260465950       3.70381422E-05
   6059.9736506542704       0.275784612       3.86192005E-05
   6062.4308577924321       0.268322647       3.83704100E-05
   6064.8880649305938       0.277444184       3.89484230E-05
   6067.3452720687555       0.285586715       4.03469894E-05
   6069.8024792069173       0.267955363       3.82192156E-05
   6072.2596863450790       0.285760820       4.00273602E-05
   6074.7168934832407       0.272611827       3.91676331E-05
   6077.1741006214033       0.299318165       4.19139469E-05
   6079.6313077595651       0.309877783       4.35559996E-05
   6082.0885148977268       0.284428656       4.05261635E-05
   6084.5457220358885       0.274205387       3.88379012E-05
   6087.0029291740502       0.280868232       3.96915129E-05
   6089.4601363122119       0.280550152       3.97457989E-05
   6091.9173434503737       0.289620936       4.05220235E-05
   6094.3745505885363       0.262413472       3.77456126E-05
   6096.8317577266980       0.270222515       3.78968689E-05
   6099.2889648648597       0.277803600       3.92135989E-05
   6101.7461720030215       0.258240938       3.66306995E-05
   6104.2033791411832       0.255505443       3.62343417E-05
   6106.6605862793458       0.254014969       3.58606521E-05
   6109.1177934175075       0.260005206       3.65974629E-05
   6111.5750005556692       0.237879276       3.41865998E-05
   6114.0322076938310       0.260754585       3.62119717E-05
   6116.4894148319927       0.242109820       3.46466077E-05
   6118.9466219701544       0.234506264       3.30832299E-05
   6121.4038291083161       0.236697048       3.35876866E-05
   6123.8610362464788       0.239570588       3.37890669E-05
   6126.3182433846405       0.243574142       3.43359679E-05
   6128.7754505228022       0.230990008       3.29251852E-05
   6131.2326576609639       0.238748774       3.38109567E-05
   6133.6898647991256       0.254153132       3.56161108E-05
   6136.1470719372874       0.248070747       3.50082919E-05
   6138.6042790754491       0.219897613       3.14767094E-05
   6141.0614862136117       0.223320886       3.13732053E-05
   6143.5186933517734       0.218738317       3.11534714E-05
   6145.9759004899352       0.223905832       3.11818367E-05
   6148.4331076280969       0.201473594       2.90083517E-05
   6150.8903147662586       0.195296019       2.77535783E-05
   6153.3475219044212       0.222098425       3.08427516E-05
   6155.8047290425829       0.193608269       2.77723702E-05
   6158.2619361807447       0.185156077       2.62170615E-05
   6160.7191433189064       0.187388703       2.63654347E-05
   6163.1763504570681       0.183008775       2.58296823E-05
   6165.6335575952298       0.163118109       2.38604916E-05
   6168.0907647333916       0.201911032       2.78798398E-05
   6170.5479718715542       0.208722696       2.95210157E-05
   6173.0051790097159       0.186806828       2.67537489E-05
   6175.4623861478776       0.197973773       2.75332877E-05
   6177.9195932860393       0.179163083       2.57967240E-05
   6180.3768004242011       0.178828135       2.50505364E-05
   6182.8340075623637       0.181099579       2.60107008E-05
   6185.2912147005254       0.194270089       2.73444894E-05
   6187.7484218386871       0.219333678       3.05893009E-05
   6190.2056289768489       0.185904413       2.66576062E-05
   6192.6628361150106       0.181964755       2.55464474E-05
   6195.1200432531723       0.162114859       2.35303178E-05
   6197.5772503913340       0.187371224       2.58780310E-05
   6200.0344575294966       0.177825391       2.54695478E-05
   6202.4916646676584       0.173345119       2.45719821E-05
   6204.9488718058201       0.185517445       2.60962988E-05
   6207.4060789439818       0.185431689       2.58707805E-05
   6209.8632860821435       0.153099120       2.22527433E-05
   6212.3204932203053       0.150653556       2.17358756E-05
   6214.7777003584670       0.195179641       2.67426913E-05
   6217.2349074966296       0.174580395       2.50051507E-05
   6219.6921146347913       0.149665326       2.15918153E-05
   6222.1493217729530       0.168494627       2.37221248E-05
   6224.6065289111148       0.186357602       2.59806093E-05
   6227.0637360492765       0.169997156       2.42706228E-05
   6229.5209431874382       0.159116805       2.25945205E-05
   6231.9781503256008       0.165112138       2.34802174E-05
   6234.4353574637626       0.178124607       2.49302066E-05
   6236.8925646019243       0.179554567       2.54070892E-05
   6239.3497717400860       0.166098624       2.37997847E-05
   6241.8069788782477       0.183370262       2.54723091E-05
   6244.2641860164094       0.167800218       2.42007463E-05
   6246.7213931545721       0.175468951       2.46828222E-05
   6249.1786002927338       0.188710317       2.65294693E-05
   6251.6358074308955       0.180211142       2.56924595E-05
   6254.0930145690572       0.186061457       2.64894425E-05
   6256.5502217072190       0.208505884       2.92346504E-05
   6259.0074288453807       0.216388360       3.03643264E-05
   6261.4646359835424       0.194155082       2.80626718E-05
   6263.9218431217050       0.212249294       2.96219714E-05
   6266.3790502598667       0.220315009       3.12752745E-05
   6268.8362573980285       0.215691283       3.10828837E-05
   6271.2934645361902       0.261751890       3.63118415E-05
   6273.7506716743519       0.262329966       3.70516427E-05
   6276.2078788125136       0.236425146       3.35286750E-05
   6278.6650859506763       0.218609437       3.15199941E-05
   6281.1222930888380       0.244674072       3.44504442E-05
   6283.5795002269997       0.276294112       3.87412329E-05
   6286.0367073651614       0.267244637       3.78104596E-05
   6288.4939145033231       0.258252382       3.68432666E-05
   6290.9511216414849       0.267416328       3.77219330E-05
   6293.4083287796475       0.286185324       4.06809777E-05
   6295.8655359178092       0.303022295       4.27732884E-05
   6298.3227430559709       0.332254618       4.63598772E-05
   6300.7799501941327       0.289269984       4.15667782E-05
   6303.2371573322944       0.291611344       4.09929089E-05
   6305.6943644704561       0.286382377       4.10037901E-05
   6308.1515716086178       0.314011037       4.37455346E-05
   6310.6087787467804       0.304141045       4.37133858E-05
   6313.0659858849422       0.323510438       4.54199508E-05
   6315.5231930231039       0.346327066       4.87960860E-05
   6317.9804001612656       0.329407752       4.68033249E-05
   6320.4376072994273       0.337469190       4.78071015E-05
   6322.8948144375890       0.346721977       4.92477375E-05
   6325.3520215757508       0.381359994       5.30811485E-05
   6327.8092287139134       0.345633209       4.99902708E-05
   6330.2664358520751       0.371279269       5.17389053E-05
   6332.7236429902368       0.378733784       5.41544759E-05
   6335.1808501283986       0.389119506       5.47922391E-05
   6337.6380572665603       0.420064569       5.92216529E-05
   6340.0952644047229       0.399196118       5.67511852E-05
   6342.5524715428846       0.421778679       5.91486860E-05
   6345.0096786810464       0.387295187       5.56561354E-05
   6347.4668858192081       0.423632741       5.91957905E-05
   6349.9240929573698       0.415219575       5.92022443E-05
   6352.3813000955315       0.431271225       6.01693391E-05
   6354.8385072336932       0.393010825       5.66282251E-05
   6357.2957143718559       0.408899277       5.72851313E-05
   6359.7529215100176       0.422228575       5.97742655E-05
   6362.2101286481793       0.406888038       5.76199345E-05
   6364.6673357863410       0.416125923       5.87470058E-05
   6367.1245429245027       0.403686553       5.74616643E-05
   6369.5817500626654       0.429067820       6.05443856E-05
   6372.0389572008271       0.441385210       6.21836443E-05
   6374.4961643389888       0.443730831       6.26680558E-05
   6376.9533714771505       0.416396171       5.91714124E-05
   6379.4105786153123       0.425115645       5.94499070E-05
   6381.8677857534740       0.371364862       5.35654872E-05
   6384.3249928916357       0.385521084       5.40498295E-05
   6386.7822000297983       0.392494917       5.56815212E-05
   6389.2394071679601       0.393112749       5.56860505E-05
   6391.6966143061218       0.410895795       5.81928834E-05
   6394.1538214442835       0.432263464       6.11914365E-05
   6396.6110285824452       0.461226761       6.52810268E-05
   6399.0682357206069       0.490850449       6.85201230E-05
   6401.5254428587687       0.458334774       6.54066243E-05
   6403.9826499969313       0.430593461       6.11664582E-05
   6406.4398571350930       0.457471222       6.41254301E-05
   6408.8970642732547       0.426074654       6.14424571E-05
   6411.3542714114164       0.477039546       6.60038277E-05
   6413.8114785495782       0.449648678       6.42171872E-05
   6416.2686856877408       0.410722852       5.84935879E-05
   6418.7258928259025       0.437918603       6.14369783E-05
   6421.1830999640642       0.421591997       5.99587947E-05
   6423.6403071022260       0.425246418       6.00152525E-05
   6426.0975142403877       0.425023884       6.03957233E-05
   6428.5547213785494       0.444887340       6.23375163E-05
   6431.0119285167111       0.427861512       6.11322030E-05
   6433.4691356548738       0.437614352       6.14940436E-05
   6435.9263427930355       0.445205003       6.30108771E-05
   6438.3835499311972       0.429278255       6.10317256E-05
   6440.8407570693589       0.453447253       6.37982375E-05
   6443.2979642075206       0.448566049       6.37247285E-05
   6445.7551713456824       0.464616418       6.54791002E-05
   6448.2123784838450       0.464962721       6.57924611E-05
   6450.6695856220067       0.467181683       6.56414777E-05
   6453.1267927601684       0.431833655       6.19649654E-05
   6455.5839998983301       0.452913493       6.35124379E-05
   6458.0412070364919       0.463493407       6.57156561E-05
   6460.4984141746536       0.457482427       6.45268956E-05
   6462.9556213128162       0.459463984       6.54075484E-05
   6465.4128284509779       0.471090883       6.66607593E-05
   6467.8700355891397       0.514441133       7.24017882E-05
   6470.3272427273014       0.506393433       7.17704388E-05
   6472.7844498654631       0.522585213       7.33864435E-05
   6475.2416570036248       0.480346203       6.91795722E-05
   6477.6988641417865       0.531236589       7.36708680E-05
   6480.1560712799492       0.499048620       7.16354843E-05
   6482.6132784181109       0.497801781       7.02749312E-05
   6485.0704855562726       0.531741023       7.47253653E-05
   6487.5276926944343       0.504636347       7.22843033E-05
   6489.9848998325961       0.543997049       7.60521507E-05
   6492.4421069707587       0.540810287       7.69241306E-05
   6494.8993141089204       0.536934912       7.68741884E-05
   6497.3565212470821       0.619612396       8.63820533E-05
   6499.8137283852438       0.626700461       8.92358221E-05
   6502.2709355234056       0.632711053       8.93812103E-05
   6504.7281426615673       0.668563843       9.44867497E-05
   6507.1853497997290       0.671201348       9.48300367E-05
   6509.6425569378916       0.689046204       9.72797789E-05
   6512.0997640760534       0.665294170       9.53384806E-05
   6514.5569712142151       0.748714209       1.05163570E-04
   6517.0141783523768       0.790024936       1.11562738E-04
   6519.4713854905385       0.807092011       1.14473260E-04
   6521.9285926287002       0.832357645       1.17780415E-04
   6524.3857997668620       0.888313293       1.25438397E-04
   6526.8430069050246       0.905266643       1.28424814E-04
   6529.3002140431863       0.968598664       1.36284070E-04
   6531.7574211813480       0.965902030       1.37478157E-04
   6534.2146283195098        1.02627194       1.44952573E-04
   6536.6718354576715        1.08078396       1.51947344E-04
   6539.1290425958341        1.07467699       1.51664382E-04
   6541.5862497339958       0.993842661       1.41396988E-04
   6544.0434568721575       0.993000090       1.39705444E-04
   6546.5006640103193       0.940776289       1.33296096E-04
   6548.9578711484810       0.897057593       1.27470019E-04
   6551.4150782866427       0.893563986       1.27025021E-04
   6553.8722854248044       0.968465269       1.37246665E-04
   6556.3294925629671        1.05503881       1.51083848E-04
   6558.7866997011288        1.27386367       1.77217109E-04
   6561.2439068392905        1.30174005       1.82863310E-04
   6563.7011139774522        1.12570620       1.59353745E-04
   6566.1583211156139       0.917299569       1.31009103E-04
   6568.6155282537766       0.768346071       1.09756176E-04
   6571.0727353919374       0.740948200       1.05161846E-04
   6573.5299425301000       0.755440176       1.06151136E-04
   6575.9871496682617       0.740187347       1.04885963E-04
   6578.4443568064235       0.697466791       9.88464017E-05
   6580.9015639445852       0.703535855       9.99283511E-05
   6583.3587710827469       0.717537582       1.01905112E-04
   6585.8159782209095       0.799254537       1.11631154E-04
   6588.2731853590703       0.748632908       1.06880165E-04
   6590.7303924972330       0.759287417       1.06792657E-04
   6593.1875996353947       0.740588844       1.05015148E-04
   6595.6448067735564       0.736561418       1.04132421E-04
   6598.1020139117181       0.726150870       1.02777325E-04
   6600.5592210498799       0.735569954       1.03718114E-04
   6603.0164281880425       0.705992997       9.99359327E-05
   6605.4736353262042       0.692651033       9.91231500E-05
   6607.9308424643659       0.747226119       1.05124454E-04
   6610.3880496025276       0.815060675       1.14456670E-04
   6612.8452567406894       0.755746841       1.07664666E-04
   6615.3024638788520       0.774641395       1.08627151E-04
   6617.7596710170128       0.709223390       1.01635378E-04
   6620.2168781551754       0.741341233       1.03539867E-04
   6622.6740852933372       0.697238088       9.92961650E-05
   6625.1312924314989       0.671593010       9.51934271E-05
   6627.5884995696606       0.681081772       9.65076542E-05
   6630.0457067078223       0.712435663       1.00201927E-04
   6632.5029138459849       0.699701667       9.90752815E-05
   6634.9601209841458       0.685510278       9.69153843E-05
   6637.4173281223084       0.670088589       9.49845053E-05
   6639.8745352604701       0.673169851       9.52688570E-05
   6642.3317423986318       0.684091270       9.67298256E-05
   6644.7889495367936       0.698198557       9.78829194E-05
   6647.2461566749553       0.642941594       9.13177573E-05
   6649.7033638131179       0.585677683       8.34284510E-05
   6652.1605709512796       0.590736568       8.33842569E-05
   6654.6177780894413       0.595903337       8.42999652E-05
   6657.0749852276031       0.597150087       8.41720102E-05
   6659.5321923657648       0.580025792       8.32468431E-05
   6661.9893995039274       0.638648748       8.92464232E-05
   6664.4466066420882       0.662885189       9.34346026E-05
   6666.9038137802509       0.655952573       8.64062968E-05
   6669.3610209184126       0.683361530       9.48845482E-05
   6671.8182280565743       0.676029921       9.66185471E-05
   6674.2754351947360       0.683184445       9.57217126E-05
   6676.7326423328977       0.677417576       9.59020836E-05
   6679.1898494710604       0.616481721       8.76431877E-05
   6681.6470566092212       0.624438941       8.77848724E-05
   6684.1042637473838       0.574652672       8.20173082E-05
   6686.5614708855455       0.586976469       8.26695396E-05
   6689.0186780237073       0.577741265       8.24102463E-05
   6691.4758851618690       0.622286797       8.70541699E-05
   6693.9330923000307       0.604385793       8.65064867E-05
   6696.3902994381933       0.638852060       8.97555510E-05
   6698.8475065763550       0.663230062       9.40386017E-05
   6701.3047137145168       0.674764037       9.53620474E-05
   6703.7619208526785       0.702531517       9.90299086E-05
   6706.2191279908402       0.688810408       9.72177222E-05
   6708.6763351290019       0.664915383       9.40709870E-05
   6711.1335422671636       0.622480512       8.86529888E-05
   6713.5907494053263       0.641787112       9.00311861E-05
   6716.0479565434880       0.610967636       8.65288166E-05
   6718.5051636816497       0.572477877       8.15669555E-05
   6720.9623708198114       0.577900708       8.16754982E-05
   6723.4195779579732       0.605493724       8.53183374E-05
   6725.8767850961358       0.590166390       8.41804722E-05
   6728.3339922342975       0.632733107       8.86354246E-05
   6730.7911993724592       0.623090029       8.87581991E-05
   6733.2484065106210       0.637248755       9.01381500E-05
   6735.7056136487827       0.675215364       9.53092822E-05
   6738.1628207869444       0.691434205       9.74859504E-05
   6740.6200279251061       0.684616566       9.66161824E-05
   6743.0772350632687       0.649538040       9.23578846E-05
   6745.5344422014305       0.649588585       9.16487043E-05
   6747.9916493395922       0.648372710       9.17146317E-05
   6750.4488564777539       0.637462020       9.04499466E-05
   6752.9060636159156       0.653618395       9.18460501E-05
   6755.3632707540773       0.633234441       9.03881883E-05
   6757.8204778922391       0.651920438       9.22243271E-05
   6760.2776850304017       0.706688046       9.94155926E-05
   6762.7348921685634       0.702134907       9.96240997E-05
   6765.1920993067251       0.721326947       1.01943820E-04
   6767.6493064448869       0.735093713       1.04129394E-04
   6770.1065135830486       0.767111957       1.08135777E-04
   6772.5637207212112       0.768097222       1.08533990E-04
   6775.0209278593729       0.760638475       1.07603169E-04
   6777.4781349975347       0.744530022       1.05115505E-04
   6779.9353421356964       0.727418423       1.02486243E-04
   6782.3925492738581       0.659452021       9.43562773E-05
   6784.8497564120198       0.670589566       9.44066123E-05
   6787.3069635501815       0.680146694       9.65176296E-05
   6789.7641706883442       0.692466557       9.70449910E-05
   6792.2213778265059       0.661397278       9.54208808E-05
   6794.6785849646676       0.721479297       1.00120647E-04
   6797.1357921028293       0.732083499       1.04888699E-04
   6799.5929992409910       0.716991186       1.00360550E-04
   6802.0502063791528       0.748318553       1.08526147E-04
   6804.5074135173145       0.742768824       1.18634423E-04
   6806.9646206554771       0.754726350       1.47254323E-04
   6809.4218277936388       0.756677926       1.05526138E-04
   6811.8790349318006       0.810818851       1.10391265E-04
   6814.3362420699623       0.749774814       1.08516077E-04
   6816.7934492081240       0.755417466       1.05645435E-04
   6819.2506563462866       0.752631128       1.07486419E-04
   6821.7078634844484       0.783733308       1.10479836E-04
   6824.1650706226101       0.822510898       1.15568284E-04
   6826.6222777607718       0.789341092       1.12474401E-04
   6829.0794848989335       0.792185307       1.12025577E-04
   6831.5366920370961       0.834769845       1.17496878E-04
   6833.9938991752570       0.810225546       1.14653623E-04
   6836.4511063134196       0.794798791       1.13205235E-04
   6838.9083134515813       0.823579907       1.15754941E-04
   6841.3655205897430       0.845121682       1.19389508E-04
   6843.8227277279047       0.795033038       1.13617018E-04
   6846.2799348660665       0.864791989       1.20610443E-04
   6848.7371420042291       0.806975603       1.15348943E-04
   6851.1943491423908       0.807742119       1.13595393E-04
   6853.6515562805525       0.794038951       1.12339309E-04
   6856.1087634187143       0.762249410       1.07951921E-04
   6858.5659705568760       0.742524028       1.06063031E-04
   6861.0231776950377       0.805480003       1.12181013E-04
   6863.4803848331994       0.770163715       1.09739121E-04
   6865.9375919713621       0.723454535       1.02739767E-04
   6868.3947991095238       0.761788070       1.07579050E-04
   6870.8520062476855       0.767029166       1.09947359E-04
   6873.3092133858472       0.889905035       1.23868944E-04
   6875.7664205240089       0.884652674       1.26351093E-04
   6878.2236276621707       0.912834644       1.28291314E-04
   6880.6808348003324       0.934624314       1.31880603E-04
   6883.1380419384950       0.883116066       1.25810053E-04
   6885.5952490766567       0.913263977       1.27891617E-04
   6888.0524562148184       0.863780558       1.23112943E-04
   6890.5096633529802       0.844575167       1.19412922E-04
   6892.9668704911419       0.864608586       1.22270314E-04
   6895.4240776293036       0.865241826       1.22445475E-04
   6897.8812847674662       0.885868907       1.24787301E-04
   6900.3384919056280       0.858963132       1.22079029E-04
   6902.7956990437897       0.871765494       1.23761769E-04
   6905.2529061819514       0.930447996       1.31367429E-04
   6907.7101133201131       0.986645103       1.38456700E-04
   6910.1673204582748       0.943462074       1.33996131E-04
   6912.6245275964375       0.918366075       1.30211542E-04
   6915.0817347345992       0.936623335       1.32390676E-04
   6917.5389418727609       0.957293451       1.35103037E-04
   6919.9961490109226       0.951412082       1.34971051E-04
   6922.4533561490844       0.971337974       1.38000396E-04
   6924.9105632872470        1.04693830       1.47158367E-04
   6927.3677704254078        1.07239258       1.52373774E-04
   6929.8249775635704        1.11074698       1.56546143E-04
   6932.2821847017321        1.15159297       1.62430617E-04
   6934.7393918398939        1.11209786       1.59067684E-04
   6937.1965989780556        1.21733284       1.71439911E-04
   6939.6538061162173        1.29726493       1.83969300E-04
   6942.1110132543799        1.38859105       1.95178101E-04
   6944.5682203925408        1.40536726       1.99071874E-04
   6947.0254275307034        1.40362692       1.98291062E-04
   6949.4826346688651        1.41100514       1.98875830E-04
   6951.9398418070268        1.34670246       1.91429033E-04
   6954.3970489451885        1.34402442       1.89957602E-04
   6956.8542560833503        1.36274338       1.93456595E-04
   6959.3114632215129        1.42152750       2.00403170E-04
   6961.7686703596746        1.46440125       2.07163161E-04
   6964.2258774978363        1.47269094       2.07799414E-04
   6966.6830846359981        1.47345400       2.08744779E-04
   6969.1402917741598        1.45889854       2.06979603E-04
   6971.5974989123215        1.53517711       2.16307162E-04
   6974.0547060504832        1.53448331       2.17535271E-04
   6976.5119131886458        1.57671022       2.22390241E-04
   6978.9691203268076        1.56686080       2.21735681E-04
   6981.4263274649693        1.57272232       2.22788207E-04
   6983.8835346031310        1.58773160       2.23750394E-04
   6986.3407417412927        1.58511293       2.24325500E-04
   6988.7979488794554        1.52604425       2.17408917E-04
   6991.2551560176171        1.63352358       2.28582227E-04
   6993.7123631557788        1.56042218       2.22729752E-04
   6996.1695702939405        1.58856463       2.23612151E-04
   6998.6267774321022        1.60198057       2.27567682E-04
   7001.0839845702640        1.64335656       2.32534789E-04
   7003.5411917084257        1.73841906       2.44233437E-04
   7005.9983988465883        1.69545662       2.41539936E-04
   7008.4556059847500        1.74076128       2.45810690E-04
   7010.9128131229118        1.82422006       2.57717271E-04
   7013.3700202610735        1.84396005       2.60880421E-04
   7015.8272273992352        1.89103627       2.67289841E-04
   7018.2844345373978        1.90570760       2.70041783E-04
   7020.7416416755586        1.97761345       2.79694359E-04
   7023.1988488137213        2.04119039       2.88670766E-04
   7025.6560559518830        2.12394619       3.00205924E-04
   7028.1132630900447        2.16574121       3.07715760E-04
   7030.5704702282064        2.32859492       3.27660237E-04
   7033.0276773663682        2.38333583       3.37769598E-04
   7035.4848845045308        2.44636798       3.46029818E-04
   7037.9420916426916        2.53688979       3.57649260E-04
   7040.3992987808542        2.54229593       3.60480626E-04
   7042.8565059190159        2.57490778       3.64186126E-04
   7045.3137130571777        2.65972400       3.72886076E-04
   7047.7709201953394        2.46970654       3.48497793E-04
   7050.2281273335011        2.10246372       2.98315426E-04
   7052.6853344716637        1.72843957       2.45805219E-04
   7055.1425416098255        1.44033253       2.04248383E-04
   7057.5997487479872        1.17011750       1.67006219E-04
   7060.0569558861489       0.993353546       1.42086021E-04
   7062.5141630243106       0.966376364       1.36835544E-04
   7064.9713701624732       0.998285711       1.41052209E-04
   7067.4285773006350        1.00824845       1.43448560E-04
   7069.8857844387967        1.08594084       1.52381923E-04
   7072.3429915769584        1.09257078       1.55771573E-04
   7074.8001987151201        1.14880574       1.61426244E-04
   7077.2574058532819        1.18452144       1.67902690E-04
   7079.7146129914436        1.18118596       1.66999482E-04
   7082.1718201296062        1.22651935       1.71513995E-04
   7084.6290272677679        1.07152665       1.52806722E-04
   7087.0862344059296       0.975318909       1.38313830E-04
   7089.5434415440914       0.924584508       1.31412278E-04
   7092.0006486822531       0.946171999       1.32539280E-04
   7094.4578558204148       0.869958401       1.24546626E-04
   7096.9150629585765       0.877443492       1.24228318E-04
   7099.3722700967392       0.939507186       1.32610119E-04
   7101.8294772349009       0.974066794       1.37389216E-04
   7104.2866843730626       0.975773454       1.38283358E-04
   7106.7438915112243       0.987859249       1.40052754E-04
   7109.2010986493860        1.03671813       1.46686303E-04
   7111.6583057875478        1.09359419       1.54356996E-04
   7114.1155129257095        1.12928152       1.59626710E-04
   7116.5727200638721        1.14533794       1.61315082E-04
   7119.0299272020338        1.11803114       1.57604576E-04
   7121.4871343401956        1.01790535       1.45151324E-04
   7123.9443414783573        1.00002813       1.40213611E-04
   7126.4015486165190       0.927253485       1.31549445E-04
   7128.8587557546816       0.822126687       1.17512165E-04
   7131.3159628928424       0.839975893       1.18183249E-04
   7133.7731700310051       0.834794879       1.18892131E-04
   7136.2303771691668       0.871993244       1.23113583E-04
   7138.6875843073285       0.922150970       1.29990571E-04
   7141.1447914454911       0.922172844       1.30227039E-04
   7143.6019985836519       0.904852271       1.28974731E-04
   7146.0592057218146       0.949482203       1.33959096E-04
   7148.5164128599763        1.00971758       1.42115532E-04
   7150.9736199981380       0.983272851       1.40054151E-04
   7153.4308271362997        1.03151679       1.44639620E-04
   7155.8880342744615        1.00635386       1.42676698E-04
   7158.3452414126241       0.968667150       1.37245937E-04
   7160.8024485507858       0.968671322       1.36645627E-04
   7163.2596556889475       0.945595980       1.34432965E-04
   7165.7168628271093       0.961943567       1.36456205E-04
   7168.1740699652710        1.03429925       1.45243408E-04
   7170.6312771034327        1.02962947       1.46322345E-04
   7173.0884842415944        1.04832315       1.48517865E-04
   7175.5456913797570        1.11396861       1.57162067E-04
   7178.0028985179188        1.14523566       1.61853750E-04
   7180.4601056560805        1.16299558       1.64728626E-04
   7182.9173127942422        1.19203687       1.69424107E-04
   7185.3745199324039        1.29165411       1.81248775E-04
   7187.8317270705656        1.30396080       1.84195407E-04
   7190.2889342087274        1.24739623       1.77044829E-04
   7192.7461413468900        1.24858534       1.75813198E-04
   7195.2033484850517        1.20369041       1.71114763E-04
   7197.6605556232134        1.19897628       1.69684339E-04
   7200.1177627613752        1.23938692       1.74372719E-04
   7202.5749698995369        1.20088291       1.71061256E-04
   7205.0321770376986        1.23173594       1.73972541E-04
   7207.4893841758603        1.28878069       1.81894269E-04
   7209.9465913140230        1.29233241       1.83226453E-04
   7212.4037984521847        1.33368802       1.88435384E-04
   7214.8610055903464        1.36553884       1.92493026E-04
   7217.3182127285090        1.35229230       1.92484003E-04
   7219.7754198666698        1.40032709       1.98185749E-04
   7222.2326270048325        1.51228487       2.12812040E-04
   7224.6898341429942        1.51189351       2.13728592E-04
   7227.1470412811559        1.50313854       2.12331768E-04
   7229.6042484193176        1.45039308       2.06548983E-04
   7232.0614555574793        1.51913464       2.14205720E-04
   7234.5186626956420        1.56230688       2.21315873E-04
   7236.9758698338028        1.61982930       2.29261612E-04
   7239.4330769719654        1.69224286       2.40362686E-04
   7241.8902841101271        1.84501052       2.60038243E-04
   7244.3474912482889        1.94543993       2.74595892E-04
   7246.8046983864506        1.97522080       2.79493979E-04
   7249.2619055246123        2.00512743       2.84644659E-04
   7251.7191126627749        2.11753106       2.98806757E-04
   7254.1763198009367        2.20938754       3.11507698E-04
   7256.6335269390984        2.19597697       3.11634183E-04
   7259.0907340772601        2.24639201       3.18935403E-04
   7261.5479412154218        2.41245198       3.38280603E-04
   7264.0051483535835        2.39856791       3.40352533E-04
   7266.4623554917453        2.35231137       3.32486525E-04
   7268.9195626299079        2.38483477       3.36425786E-04
   7271.3767697680696        2.28093076       3.25559697E-04
   7273.8339769062313        2.42453909       3.40654980E-04
   7276.2911840443930        2.45190549       3.48135916E-04
   7278.7483911825548        2.52062345       3.55113822E-04
   7281.2055983207165        2.53792953       3.60145001E-04
   7283.6628054588782        2.58851576       3.65945132E-04
   7286.1200125970408        2.68905163       3.80991987E-04
   7288.5772197352026        2.79988432       3.96325369E-04
   7291.0344268733643        2.98093843       4.19420743E-04
   7293.4916340115260        2.97249007       4.22496436E-04
   7295.9488411496877        3.07951927       4.35882830E-04
   7298.4060482878504        3.26801324       4.61482181E-04
   7300.8632554260121        3.39909983       4.80785995E-04
   7303.3204625641738        3.50500226       4.96193999E-04
   7305.7776697023355        3.66012955       5.16233384E-04
   7308.2348768404972        3.71165156       5.25867334E-04
   7310.6920839786590        3.79414344       5.37925167E-04
   7313.1492911168207        4.00683546       5.65903087E-04
   7315.6064982549833        4.18469429       5.91074349E-04
   7318.0637053931450        4.27193308       6.03727472E-04
   7320.5209125313067        4.31700754       6.10650284E-04
   7322.9781196694685        4.35422277       6.15515630E-04
   7325.4353268076302        4.38637686       6.20136096E-04
   7327.8925339457928        4.38345098       6.21610438E-04
   7330.3497410839536        4.51118946       6.36965386E-04
   7332.8069482221163        4.60757589       6.52563642E-04
   7335.2641553602780        4.72486973       6.66784181E-04
   7337.7213624984397        4.79028749       6.75623480E-04
   7340.1785696366014        4.63896227       6.59400888E-04
   7342.6357767747631        4.71448612       6.64799765E-04
   7345.0929839129258        4.74741983       6.70432521E-04
   7347.5501910510866        4.61663771       6.54879899E-04
   7350.0073981892492        4.63760424       6.55877579E-04
   7352.4646053274109        4.70966816       6.66485052E-04
   7354.9218124655727        4.80381489       6.79093413E-04
   7357.3790196037344        4.89457369       6.92552829E-04
   7359.8362267418961        4.99206066       7.06664985E-04
   7362.2934338800587        5.15647030       7.29227264E-04
   7364.7506410182204        5.32322598       7.51621323E-04
   7367.2078481563822        5.40298271       7.62734388E-04
   7369.6650552945439        5.33432817       7.55074725E-04
   7372.1222624327056        5.29217958       7.48683407E-04
   7374.5794695708682        5.28924322       7.46635022E-04
   7377.0366767090300        5.19283962       7.36369635E-04
   7379.4938838471917        5.18709660       7.34700181E-04
   7381.9510909853534        5.35626459       7.55998481E-04
   7384.4082981235151        5.39886856       7.63375196E-04
   7386.8655052616768        5.41465998       7.63884862E-04
   7389.3227123998386        5.26950502       7.47688930E-04
   7391.7799195380012        5.26448584       7.45269121E-04
   7394.2371266761629        5.39470911       7.59216258E-04
   7396.6943338143246        5.25541306       7.44554331E-04
   7399.1515409524864        5.08072281       7.20989425E-04
   7401.6087480906481        5.17927122       7.30642525E-04
   7404.0659552288098        5.17010164       7.33010354E-04
   7406.5231623669715        5.25375843       7.40738353E-04
   7408.9803695051341        5.23412752       7.40638701E-04
   7411.4375766432959        5.14887571       7.28628947E-04
   7413.8947837814576        5.15295649       7.27164850E-04
   7416.3519909196193        5.01808405       7.11492903E-04
   7418.8091980577810        4.99113083       7.06834137E-04
   7421.2664051959437        5.08795071       7.19488715E-04
   7423.7236123341045        5.20242929       7.34288013E-04
   7426.1808194722671        5.19619131       7.34895759E-04
   7428.6380266104288        5.15625381       7.29504740E-04
   7431.0952337485905        5.14483547       7.27227365E-04
   7433.5524408867523        5.11632919       7.22508761E-04
   7436.0096480249140        4.99288702       7.07291998E-04
   7438.4668551630766        4.92780066       6.97406358E-04
   7440.9240623012374        4.94736147       6.99500262E-04
   7443.3812694394001        4.95238352       7.00020697E-04
   7445.8384765775618        4.93679047       6.97881798E-04
   7448.2956837157235        4.87823439       6.92125235E-04
   7450.7528908538861        4.98679495       7.03326543E-04
   7453.2100979920478        5.02187061       7.10273511E-04
   7455.6673051302096        4.97478819       7.05236278E-04
   7458.1245122683713        5.09275150       7.18648138E-04
   7460.5817194065330        5.11733866       7.24213722E-04
   7463.0389265446947        5.13583422       7.25793012E-04
   7465.4961336828565        5.13943291       7.26850179E-04
   7467.9533408210191        5.12019634       7.24865298E-04
   7470.4105479591808        5.16667700       7.30265456E-04
   7472.8677550973425        5.20191383       7.35319220E-04
   7475.3249622355042        5.19343328       7.35596870E-04
   7477.7821693736660        5.26337814       7.44833902E-04
   7480.2393765118277        5.40264273       7.63056974E-04
   7482.6965836499894        5.46950293       7.72738655E-04
   7485.1537907881520        5.45066881       7.70947954E-04
   7487.6109979263138        5.42108107       7.67781923E-04
   7490.0682050644755        5.48191071       7.75290886E-04
   7492.5254122026372        5.57704878       7.87107041E-04
   7494.9826193407989        5.54512262       7.86078861E-04
   7497.4398264789606        5.60089159       7.93151383E-04
   7499.8970336171224        5.81029129       8.20003159E-04
   7502.3542407552850        5.88856268       8.33056984E-04
   7504.8114478934467        5.94783115       8.40138178E-04
   7507.2686550316084        5.94441557       8.40307854E-04
   7509.7258621697702        5.87937927       8.32126185E-04
   7512.1830693079319        5.86037731       8.29166034E-04
   7514.6402764460936        5.89033937       8.31478799E-04
   7517.0974835842553        5.81350899       8.23177455E-04
   7519.5546907224179        5.75788784       8.15307547E-04
   7522.0118978605797        5.83233213       8.24999530E-04
   7524.4691049987414        5.92251015       8.39020242E-04
   7526.9263121369040        6.13314009       8.64610949E-04
   7529.3835192750648        6.17126513       8.73916957E-04
   7531.8407264132275        6.19861507       8.77239450E-04
   7534.2979335513892        6.34345818       8.97640304E-04
   7536.7551406895509        6.50116968       9.18056234E-04
   7539.2123478277126        6.60727739       9.32784285E-04
   7541.6695549658743        6.50349855       9.22363601E-04
   7544.1267621040370        6.59658957       9.31219547E-04
   7546.5839692421978        6.61876965       9.36277676E-04
   7549.0411763803604        6.60926199       9.34649492E-04
   7551.4983835185221        6.60840893       9.34232725E-04
   7553.9555906566839        6.58472729       9.30941489E-04
   7556.4127977948456        6.52120161       9.24508437E-04
   7558.8700049330073        6.62668133       9.34278534E-04
   7561.3272120711699        6.59158230       9.33033181E-04
   7563.7844192093316        6.49444151       9.20227612E-04
   7566.2416263474934        6.61032009       9.32351279E-04
   7568.6988334856551        6.54495335       9.26647685E-04
   7571.1560406238168        6.50389290       9.20080638E-04
   7573.6132477619785        6.51489496       9.24848544E-04
   7576.0704549001402        6.78400421       9.55379393E-04
   7578.5276620383029        6.86416149       9.66283609E-04
   7580.9848691764637        6.42641401       9.08799120E-04
   7583.4420763146263        5.87732077       8.30415403E-04
   7585.8992834527880        5.19739723       7.35895883E-04
   7588.3564905909498        4.48854923       6.35435805E-04
   7590.8136977291124        3.72886205       5.31746075E-04
   7593.2709048672732        3.22453070       4.57976741E-04
   7595.7281120054358        2.96474814       4.20207070E-04
   7598.1853191435976        2.78646231       3.95597250E-04
   7600.6425262817593        2.75341964       3.91932525E-04
   7603.0997334199219        2.93571544       4.19188669E-04
   7605.5569405580827        3.44142938       4.90721141E-04
   7608.0141476962453        4.20298719       5.92742814E-04
   7610.4713548344071        4.82895184       6.77117438E-04
   7612.9285619725688        4.89528608       6.89628941E-04
   7615.3857691107305        4.62436914       6.54822099E-04
   7617.8429762488922        4.31986237       6.09726703E-04
   7620.3001833870549        3.97353888       5.63530833E-04
   7622.7573905252157        3.61883092       5.11604594E-04
   7625.2145976633783        3.35651016       4.74110973E-04
   7627.6718048015400        2.90643620       4.14660870E-04
   7630.1290119397017        2.77093601       3.92205082E-04
   7632.5862190778635        2.69457865       3.82030528E-04
   7635.0434262160252        2.74687910       3.87155917E-04
   7637.5006333541878        2.66242909       3.78290366E-04
   7639.9578404923486        2.72847438       3.83803068E-04
   7642.4150476305113        2.64180160       3.73845804E-04
   7644.8722547686730        2.54795432       3.60338163E-04
   7647.3294619068347        2.42346764       3.42066516E-04
   7649.7866690449964        2.29016185       3.23935586E-04
   7652.2438761831581        2.06483698       2.93456862E-04
   7654.7010833213208        2.00769186       2.80614797E-04
   7657.1582904594816        1.65133452       2.37397820E-04
   7659.6154975976442        1.47962296       2.08784535E-04
   7662.0727047358059        1.38442409       1.97215239E-04
   7664.5299118739676        1.35024881       1.91741710E-04
   7666.9871190121294        1.43488491       2.02697614E-04
   7669.4443261502911        1.49742103       2.13146981E-04
   7671.9015332884537        1.65479910       2.33584957E-04
   7674.3587404266145        1.80097747       2.54976534E-04
   7676.8159475647772        1.93399799       2.72555568E-04
   7679.2731547029389        2.00880957       2.83952017E-04
   7681.7303618411006        2.02927208       2.86221679E-04
   7684.1875689792632        2.01134014       2.84178590E-04
   7686.6447761174240        1.92614913       2.72569509E-04
   7689.1019832555867        1.87272382       2.63383816E-04
   7691.5591903937484        1.68154907       2.39594898E-04
   7694.0163975319101        1.58406782       2.24464515E-04
   7696.4736046700727        1.57302558       2.22356786E-04
   7698.9308118082336        1.55849814       2.21878625E-04
   7701.3880189463962        1.64413905       2.32897917E-04
   7703.8452260845579        1.80178213       2.55192950E-04
   7706.3024332227196        1.95814002       2.77452113E-04
   7708.7596403608813        2.16651750       3.05532623E-04
   7711.2168474990431        2.28830433       3.23989079E-04
   7713.6740546372057        2.42264009       3.42643005E-04
   7716.1312617753665        2.54984784       3.60709848E-04
   7718.5884689135291        2.69158387       3.80942423E-04
   7721.0456760516909        2.83171082       3.99966171E-04
   7723.5028831898526        2.95852351       4.18657262E-04
   7725.9600903280143        3.05452538       4.33314941E-04
   7728.4172974661760        3.28106236       4.61954216E-04
   7730.8745046043387        3.35304379       4.75461275E-04
   7733.3317117424995        3.46885276       4.88601567E-04
   7735.7889188806621        3.48046184       4.91332961E-04
   7738.2461260188238        3.34973979       4.74759378E-04
   7740.7033331569855        3.28883290       4.64837824E-04
   7743.1605402951473        3.23659134       4.56345064E-04
   7745.6177474333090        3.06279516       4.34903835E-04
   7748.0749545714716        2.97119498       4.20826458E-04
   7750.5321617096324        3.00079417       4.23544669E-04
   7752.9893688477950        2.95507765       4.19578690E-04
   7755.4465759859568        3.02461386       4.26870334E-04
   7757.9037831241185        3.07367706       4.35288821E-04
   7760.3609902622811        3.12890553       4.41629265E-04
   7762.8181974004419        3.15449548       4.48312116E-04
   7765.2754045386046        3.28928614       4.64904180E-04
   7767.7326116767663        3.49553132       4.91929590E-04
   7770.1898188149280        3.45116854       4.92017134E-04
   7772.6470259530906        3.66328430       5.14203974E-04
   7775.1042330912514        3.70051169       5.22668648E-04
   7777.5614402294141        3.52581716       5.00238209E-04
   7780.0186473675749        3.50595284       4.96305991E-04
   7782.4758545057375        3.53805208       4.99403803E-04
   7784.9330616438992        3.53505039       4.99866146E-04
   7787.3902687820610        3.46215677       4.91891755E-04
   7789.8474759202236        3.59516907       5.06020384E-04
   7792.3046830583844        3.58353996       5.07552119E-04
   7794.7618901965470        3.56170177       5.05852106E-04
   7797.2190973347087        3.72497463       5.26012213E-04
   7799.6763044728705        3.89140868       5.49820543E-04
   7802.1335116110322        3.95809150       5.61622088E-04
   7804.5907187491939        4.17567921       5.91005839E-04
   7807.0479258873565        4.44260216       6.26955472E-04
   7809.5051330255174        4.62597752       6.52967137E-04
   7811.9623401636800        4.64389658       6.57928176E-04
   7814.4195473018417        4.74899387       6.67742977E-04
   7816.8767544400034        4.58276320       6.50790404E-04
   7819.3339615781651        4.48922777       6.34834229E-04
   7821.7911687163269        4.51977348       6.36069919E-04
   7824.2483758544895        4.25246525       6.04418223E-04
   7826.7055829926503        4.14192581       5.86930080E-04
   7829.1627901308129        4.21438694       5.94635785E-04
   7831.6199972689747        4.20141554       5.95594756E-04
   7834.0772044071364        4.24258804       5.99281571E-04
   7836.5344115452981        4.30418539       6.10244810E-04
   7838.9916186834598        4.40740252       6.23620581E-04
   7841.4488258216224        4.62920618       6.51464041E-04
   7843.9060329597842        4.54741812       6.45666267E-04
   7846.3632400979459        4.61247587       6.52060204E-04
   7848.8204472361076        4.71506786       6.66182837E-04
   7851.2776543742693        4.77070045       6.73705596E-04
   7853.7348615124320        4.71256542       6.68462657E-04
   7856.1920686505928        4.80166531       6.77085656E-04
   7858.6492757887554        4.79075575       6.76347001E-04
   7861.1064829269171        4.62573290       6.55915763E-04
   7863.5636900650788        4.56070185       6.43309788E-04
   7866.0208972032406        4.44449711       6.30879076E-04
   7868.4781043414023        4.61370373       6.24908658E-04
   7870.9353114795649        4.66280746       6.57392549E-04
   7873.3925186177257        4.76253986       6.75312360E-04
   7875.8497257558884        4.96918631       7.03041616E-04
   7878.3069328940501        5.21180010       7.36383721E-04
   7880.7641400322118        5.42471552       7.65439880E-04
   7883.2213471703744        5.44569540       7.70778919E-04
   7885.6785543085352        5.50659752       7.79256981E-04
   7888.1357614466979        5.59058475       7.88548728E-04
   7890.5929685848587        5.57551908       7.87392666E-04
   7893.0501757230213        5.34950399       7.60373252E-04
   7895.5073828611830        5.44536114       7.66182784E-04
   7897.9645899993448        5.32241535       7.53342756E-04
   7900.4217971375074        5.12448263       7.24883517E-04
   7902.8790042756682        4.97721815       7.04208855E-04
   7905.3362114138308        4.84420252       6.86238229E-04
   7907.7934185519925        4.80900192       6.79783814E-04
   7910.2506256901543        4.78806925       6.76560740E-04
   7912.7078328283160        4.69935989       6.65507338E-04
   7915.1650399664777        4.67414379       6.61465689E-04
   7917.6222471046403        4.70575905       6.66629116E-04
   7920.0794542428021        4.82919216       6.83413877E-04
   7922.5366613809638        5.01426029       7.08528969E-04
   7924.9938685191255        5.15445900       7.30581116E-04
   7927.4510756572872        5.38516140       7.59433024E-04
   7929.9082827954498        5.51558447       7.78277987E-04
   7932.3654899336107        5.41155291       7.66769284E-04
   7934.8226970717733        5.40931845       7.63306161E-04
   7937.2799042099350        5.30711079       7.49773870E-04
   7939.7371113480967        5.09835911       7.20867887E-04
   7942.1943184862585        4.84744978       6.89320150E-04
   7944.6515256244202        4.87704849       6.92011730E-04
   7947.1087327625828        5.18190098       7.30113417E-04
   7949.5659399007436        5.31619406       7.52066495E-04
   7952.0231470389062        5.37026072       7.59798684E-04
   7954.4803541770680        5.49112034       7.76094850E-04
   7956.9375613152297        5.55350018       7.87960540E-04
   7959.3947684533914        5.80704403       8.18993896E-04
   7961.8519755915531        5.95564699       8.42076552E-04
   7964.3091827297158        5.99874020       8.49280623E-04
   7966.7663898678766        6.13612127       8.66716960E-04
   7969.2235970060392        6.20055914       8.76091712E-04
   7971.6808041442009        6.18002319       8.72927660E-04
   7974.1380112823626        6.05454588       8.55504943E-04
   7976.5952184205253        5.84902477       8.27757642E-04
   7979.0524255586861        5.65432358       8.01123038E-04
   7981.5096326968487        5.60014057       7.91548344E-04
   7983.9668398350095        5.54507065       7.84667500E-04
   7986.4240469731722        5.50994730       7.79772061E-04
   7988.8812541113339        5.53353596       7.84119184E-04
   7991.3384612494956        5.68109560       8.03186034E-04
   7993.7956683876582        5.85632515       8.28679476E-04
   7996.2528755258199        6.03062057       8.53766047E-04
   7998.7100826639817        6.29733181       8.89189483E-04
   8001.1672898021434        6.45842361       9.13419470E-04
   8003.6244969403051        6.58652592       9.33357980E-04
   8006.0817040784677        6.84679031       9.67553176E-04
   8008.5389112166285        7.11031437       1.00431463E-03
   8010.9961183547912        7.21823931       1.02140266E-03
   8013.4533254929529        7.36511326       1.04022189E-03
   8015.9105326311146        7.40709972       1.04964920E-03
   8018.3677397692763        7.57517958       1.07157207E-03
   8020.8249469074381        7.82452393       1.10832020E-03
   8023.2821540456007        8.17786407       1.15559460E-03
   8025.7393611837615        8.51471806       1.20081112E-03
   8028.1965683219241        8.53721428       1.20973820E-03
   8030.6537754600859        8.65774632       1.22877664E-03
   8033.1109825982476        9.16847992       1.29357458E-03
