   5529.2169088113069        6.49011135E-02   8.57872146E-06
   5531.6741159494686        2.93323286E-02   5.27484190E-06
   5534.1313230876303        4.24039774E-02   7.30050124E-06
   5536.5885302257930        8.39551687E-02   1.06183661E-05
   5539.0457373639547        6.07426092E-02   9.00376381E-06
   5541.5029445021164        4.83387820E-02   7.13900590E-06
   5543.9601516402781        5.45658246E-02   8.03967123E-06
   5546.4173587784398        7.28679970E-02   9.87868316E-06
   5548.8745659166016        6.55484125E-02   9.32505191E-06
   5551.3317730547642        5.95607273E-02   8.36959680E-06
   5553.7889801929259        5.12169898E-02   7.59489285E-06
   5556.2461873310876        6.51156083E-02   9.53912513E-06
   5558.7033944692494        8.75680670E-02   1.23109166E-05
   5561.1606016074111        9.56505388E-02   1.26550603E-05
   5563.6178087455728        6.36894256E-02   1.01321093E-05
   5566.0750158837354        9.11249965E-02   1.35143282E-05
   5568.5322230218972       0.112473883       1.48282988E-05
   5570.9894301600589       0.103268974       1.63875302E-05
   5573.4466372982206       0.167613328       2.26637403E-05
   5575.9038444363823       0.151714817       2.08470028E-05
   5578.3610515745440       0.116860420       1.87305395E-05
   5580.8182587127058       0.182613969       2.49087989E-05
   5583.2754658508684       0.172406614       2.36372180E-05
   5585.7326729890301       0.135253742       2.07450121E-05
   5588.1898801271918       0.163348585       2.18761270E-05
   5590.6470872653535       0.133797020       1.94962377E-05
   5593.1042944035153       0.129820660       1.85739009E-05
   5595.5615015416770       0.128816396       1.78202899E-05
   5598.0187086798396       0.113463901       1.64707435E-05
   5600.4759158180013       0.121552221       1.76817211E-05
   5602.9331229561631       0.151275501       2.08053734E-05
   5605.3903300943248       0.138122424       1.92836087E-05
   5607.8475372324865       0.125033796       1.90014071E-05
   5610.3047443706482       0.162844256       2.17452998E-05
   5612.7619515088109       0.130098626       1.85657318E-05
   5615.2191586469726       0.105918884       1.63315362E-05
   5617.6763657851343       0.143972754       1.98077996E-05
   5620.1335729232960       0.141475677       1.94733366E-05
   5622.5907800614577       0.117328525       1.73902245E-05
   5625.0479871996195       0.128527969       1.78740938E-05
   5627.5051943377821       0.126748338       1.82710228E-05
   5629.9624014759438       0.147865191       2.12462473E-05
   5632.4196086141055       0.171825111       2.36588057E-05
   5634.8768157522672       0.166710764       2.37564145E-05
   5637.3340228904290       0.166282058       2.33852352E-05
   5639.7912300285907       0.163719505       2.33679093E-05
   5642.2484371667524       0.163716778       2.25118620E-05
   5644.7056443049150       0.138501406       2.04803619E-05
   5647.1628514430768       0.160092518       2.28544704E-05
   5649.6200585812385       0.184138060       2.58089512E-05
   5652.0772657194002       0.190413490       2.62425074E-05
   5654.5344728575619       0.162571415       2.35293664E-05
   5656.9916799957236       0.158687174       2.22773597E-05
   5659.4488871338863       0.148568064       2.15021028E-05
   5661.9060942720480       0.161591932       2.22466497E-05
   5664.3633014102097       0.140418977       2.03683376E-05
   5666.8205085483714       0.151542276       2.17111919E-05
   5669.2777156865332       0.156842083       2.15806303E-05
   5671.7349228246949       0.148533687       2.18999194E-05
   5674.1921299628575       0.170365468       2.34118015E-05
   5676.6493371010192       0.167006344       2.40259506E-05
   5679.1065442391809       0.177416220       2.47220596E-05
   5681.5637513773427       0.169220686       2.38835783E-05
   5684.0209585155044       0.158972725       2.27043365E-05
   5686.4781656536661       0.161885545       2.30467249E-05
   5688.9353727918278       0.170328617       2.38837147E-05
   5691.3925799299905       0.170948595       2.44581170E-05
   5693.8497870681522       0.186155647       2.62674985E-05
   5696.3069942063139       0.194022134       2.73206388E-05
   5698.7642013444756       0.201165080       2.86996637E-05
   5701.2214084826373       0.211737454       2.94468118E-05
   5703.6786156207991       0.206046745       2.96621092E-05
   5706.1358227589617       0.214143246       2.93503745E-05
   5708.5930298971234       0.185954660       2.74518516E-05
   5711.0502370352851       0.212645575       2.94153670E-05
   5713.5074441734469       0.186641574       2.60228408E-05
   5715.9646513116086       0.159223512       2.46279924E-05
   5718.4218584497703       0.215686217       2.90553671E-05
   5720.8790655879329       0.203250736       2.92761579E-05
   5723.3362727260946       0.212171391       2.97768820E-05
   5725.7934798642564       0.209452868       2.98082505E-05
   5728.2506870024181       0.214032307       2.97639290E-05
   5730.7078941405798       0.190614432       2.73219739E-05
   5733.1651012787415       0.189614072       2.69867414E-05
   5735.6223084169033       0.190123916       2.68992644E-05
   5738.0795155550659       0.202987000       2.91273973E-05
   5740.5367226932276       0.220331416       3.04000514E-05
   5742.9939298313893       0.208295479       3.00275533E-05
   5745.4511369695510       0.227416068       3.25814981E-05
   5747.9083441077128       0.256713212       3.53671821E-05
   5750.3655512458745       0.241888329       3.47506066E-05
   5752.8227583840371       0.250149846       3.48474023E-05
   5755.2799655221988       0.226536185       3.20085746E-05
   5757.7371726603606       0.199205160       2.81287394E-05
   5760.1943797985223       0.167623863       2.44524654E-05
   5762.6515869366840       0.184882790       2.68674430E-05
   5765.1087940748457       0.216785342       2.97435327E-05
   5767.5660012130083       0.213340923       3.06517686E-05
   5770.0232083511701       0.222418025       3.09243806E-05
   5772.4804154893318       0.215649232       3.12275442E-05
   5774.9376226274935       0.237198472       3.27161324E-05
   5777.3948297656552       0.214177534       3.05142730E-05
   5779.8520369038170       0.211241513       3.08386116E-05
   5782.3092440419787       0.249614254       3.47707246E-05
   5784.7664511801413       0.250415146       3.48422618E-05
   5787.2236583183030       0.240382776       3.55662196E-05
   5789.6808654564647       0.284099907       3.79387056E-05
   5792.1380725946265       0.230231240       3.46201596E-05
   5794.5952797327882       0.273717016       3.80824531E-05
   5797.0524868709508       0.257683933       3.62660539E-05
   5799.5096940091125       0.253386706       3.71127135E-05
   5801.9669011472743       0.280860364       3.83380793E-05
   5804.4241082854360       0.254366636       3.62295978E-05
   5806.8813154235977       0.223109230       3.13986238E-05
   5809.3385225617594       0.195127264       2.84744492E-05
   5811.7957296999211       0.202692911       2.83340887E-05
   5814.2529368380838       0.199952647       2.85463411E-05
   5816.7101439762455       0.214327812       3.06908842E-05
   5819.1673511144072       0.235915869       3.23274726E-05
   5821.6245582525689       0.210473031       3.05200811E-05
   5824.0817653907307       0.220534131       3.09071547E-05
   5826.5389725288924       0.212251872       3.02449953E-05
   5828.9961796670550       0.226953983       3.25778165E-05
   5831.4533868052167       0.242999658       3.31246920E-05
   5833.9105939433784       0.206975609       3.01033469E-05
   5836.3678010815402       0.211364701       3.02480657E-05
   5838.8250082197019       0.227558464       3.14517965E-05
   5841.2822153578636       0.206941769       2.94227993E-05
   5843.7394224960262       0.190315798       2.67495179E-05
   5846.1966296341880       0.163693577       2.34938489E-05
   5848.6538367723497       0.160110995       2.31755439E-05
   5851.1110439105114       0.175195962       2.41935886E-05
   5853.5682510486731       0.163223565       2.32747207E-05
   5856.0254581868348       0.165383622       2.39020483E-05
   5858.4826653249966       0.184989154       2.53603648E-05
   5860.9398724631592       0.165211201       2.36911401E-05
   5863.3970796013209       0.162676960       2.32645252E-05
   5865.8542867394826       0.172852591       2.45057436E-05
   5868.3114938776444       0.181794360       2.50602970E-05
   5870.7687010158061       0.156209961       2.24892228E-05
   5873.2259081539678       0.156041473       2.26006232E-05
   5875.6831152921304       0.171417400       2.35480184E-05
   5878.1403224302921       0.152397975       2.13263356E-05
   5880.5975295684539       0.113616265       1.64457597E-05
   5883.0547367066156        9.79771391E-02   1.51566355E-05
   5885.5119438447773       0.144102663       1.98814578E-05
   5887.9691509829390       0.137215421       1.82901913E-05
   5890.4263581211017        8.43480751E-02   1.40026468E-05
   5892.8835652592634       0.126058146       1.72662185E-05
   5895.3407723974251       0.112683311       1.56011938E-05
   5897.7979795355868       0.101195872       1.67161015E-05
   5900.2551866737485       0.177514359       2.32091515E-05
   5902.7123938119103       0.149556637       2.16608460E-05
   5905.1696009500720       0.143966421       2.09166865E-05
   5907.6268080882346       0.157111526       2.18040423E-05
   5910.0840152263963       0.156379476       2.22889375E-05
   5912.5412223645581       0.158313811       2.23231818E-05
   5914.9984295027198       0.164812326       2.35893585E-05
   5917.4556366408815       0.173391879       2.38290395E-05
   5919.9128437790432       0.154499486       2.23795287E-05
   5922.3700509172058       0.157528475       2.21485552E-05
   5924.8272580553676       0.161519259       2.34471463E-05
   5927.2844651935293       0.190658584       2.63074344E-05
   5929.7416723316910       0.177966639       2.49930199E-05
   5932.1988794698527       0.161556885       2.35042608E-05
   5934.6560866080144       0.177720875       2.52631453E-05
   5937.1132937461771       0.196028426       2.71717799E-05
   5939.5705008843388       0.187099397       2.68764288E-05
   5942.0277080225005       0.201370418       2.83575428E-05
   5944.4849151606622       0.197593421       2.74573995E-05
   5946.9421222988240       0.177485868       2.56135008E-05
   5949.3993294369857       0.172789618       2.40224126E-05
   5951.8565365751474       0.159227237       2.33344745E-05
   5954.3137437133100       0.178485960       2.45622687E-05
   5956.7709508514718       0.166338906       2.40742575E-05
   5959.2281579896335       0.189888686       2.72693615E-05
   5961.6853651277952       0.207860604       2.79660944E-05
   5964.1425722659569       0.167610645       2.49106160E-05
   5966.5997794041186       0.178053960       2.46876443E-05
   5969.0569865422813       0.161868036       2.30487949E-05
   5971.5141936804430       0.162941709       2.38571738E-05
   5973.9714008186047       0.190429613       2.59465542E-05
   5976.4286079567664       0.169481084       2.41289745E-05
   5978.8858150949281       0.159134269       2.32640305E-05
   5981.3430222330899       0.188540816       2.67075975E-05
   5983.8002293712525       0.211717278       2.94703386E-05
   5986.2574365094142       0.206118226       2.88510964E-05
   5988.7146436475759       0.187636316       2.69582470E-05
   5991.1718507857377       0.188692972       2.65004692E-05
   5993.6290579238994       0.179392815       2.54778188E-05
   5996.0862650620611       0.182029665       2.61264304E-05
   5998.5434722002228       0.193668351       2.66997267E-05
   6001.0006793383855       0.177701399       2.57549837E-05
   6003.4578864765472       0.193107039       2.73022633E-05
   6005.9150936147089       0.200273588       2.78132156E-05
   6008.3723007528706       0.184475318       2.63647617E-05
   6010.8295078910323       0.183536857       2.62125086E-05
   6013.2867150291941       0.194321141       2.72682028E-05
   6015.7439221673567       0.194654629       2.76386018E-05
   6018.2011293055184       0.200731680       2.82836008E-05
   6020.6583364436801       0.197635576       2.77829477E-05
   6023.1155435818418       0.189993903       2.71756999E-05
   6025.5727507200036       0.196586609       2.77422896E-05
   6028.0299578581653       0.199513316       2.81650027E-05
   6030.4871649963279       0.205792829       2.97250190E-05
   6032.9443721344896       0.241194829       3.37248312E-05
   6035.4015792726514       0.240765244       3.31602569E-05
   6037.8587864108131       0.202625588       2.97290353E-05
   6040.3159935489748       0.222812384       3.19926621E-05
   6042.7732006871365       0.248384491       3.39092876E-05
   6045.2304078252982       0.225699365       3.29879840E-05
   6047.6876149634609       0.244776890       3.36437806E-05
   6050.1448221016226       0.222643942       3.26657791E-05
   6052.6020292397843       0.267442673       3.80074925E-05
   6055.0592363779460       0.284908026       3.86418978E-05
   6057.5164435161078       0.229434222       3.35021105E-05
   6059.9736506542704       0.228297815       3.34546858E-05
   6062.4308577924321       0.277165741       3.79154299E-05
   6064.8880649305938       0.253031015       3.60654085E-05
   6067.3452720687555       0.253268003       3.66692366E-05
   6069.8024792069173       0.277030408       3.81478967E-05
   6072.2596863450790       0.260144651       3.72707946E-05
   6074.7168934832407       0.259830087       3.68027613E-05
   6077.1741006214033       0.280165523       4.05959072E-05
   6079.6313077595651       0.318741560       4.28621570E-05
   6082.0885148977268       0.259287715       3.83452498E-05
   6084.5457220358885       0.278335810       3.93419214E-05
   6087.0029291740502       0.283962667       3.98932898E-05
   6089.4601363122119       0.283001781       3.97753865E-05
   6091.9173434503737       0.252281576       3.54819786E-05
   6094.3745505885363       0.229187101       3.38109312E-05
   6096.8317577266980       0.255139858       3.49116999E-05
   6099.2889648648597       0.240759015       3.51384988E-05
   6101.7461720030215       0.270268500       3.73896692E-05
   6104.2033791411832       0.252574325       3.56127130E-05
   6106.6605862793458       0.235459149       3.40097213E-05
   6109.1177934175075       0.247731417       3.46377055E-05
   6111.5750005556692       0.242699757       3.43540305E-05
   6114.0322076938310       0.238763317       3.38849022E-05
   6116.4894148319927       0.239510089       3.36741577E-05
   6118.9466219701544       0.231680945       3.30151270E-05
   6121.4038291083161       0.238881007       3.39163998E-05
   6123.8610362464788       0.250946641       3.53652649E-05
   6126.3182433846405       0.251769543       3.50004630E-05
   6128.7754505228022       0.219649717       3.14236422E-05
   6131.2326576609639       0.215038702       3.14131867E-05
   6133.6898647991256       0.249163613       3.41984014E-05
   6136.1470719372874       0.225027964       3.16146143E-05
   6138.6042790754491       0.194669753       2.84877951E-05
   6141.0614862136117       0.205479473       2.86039885E-05
   6143.5186933517734       0.201937363       2.91383203E-05
   6145.9759004899352       0.218801722       3.00403390E-05
   6148.4331076280969       0.190635636       2.74745416E-05
   6150.8903147662586       0.189361885       2.68467702E-05
   6153.3475219044212       0.180746168       2.53097351E-05
   6155.8047290425829       0.175202593       2.58391628E-05
   6158.2619361807447       0.208102554       2.85296446E-05
   6160.7191433189064       0.197566032       2.79358082E-05
   6163.1763504570681       0.181324050       2.56837411E-05
   6165.6335575952298       0.173895031       2.50369558E-05
   6168.0907647333916       0.177314222       2.42296792E-05
   6170.5479718715542       0.152549058       2.29590405E-05
   6173.0051790097159       0.190028727       2.58184500E-05
   6175.4623861478776       0.158143103       2.25314452E-05
   6177.9195932860393       0.148581058       2.29812813E-05
   6180.3768004242011       0.204835236       2.70919318E-05
   6182.8340075623637       0.177928492       2.60398356E-05
   6185.2912147005254       0.184873134       2.56846233E-05
   6187.7484218386871       0.165866107       2.35452717E-05
   6190.2056289768489       0.157564953       2.29927773E-05
   6192.6628361150106       0.180216402       2.52063874E-05
   6195.1200432531723       0.183319449       2.53762519E-05
   6197.5772503913340       0.163686514       2.39415549E-05
   6200.0344575294966       0.182130188       2.53465532E-05
   6202.4916646676584       0.173269019       2.44886996E-05
   6204.9488718058201       0.170015261       2.44470466E-05
   6207.4060789439818       0.181351066       2.54570041E-05
   6209.8632860821435       0.182261661       2.54063489E-05
   6212.3204932203053       0.167048514       2.42670831E-05
   6214.7777003584670       0.184921741       2.58043674E-05
   6217.2349074966296       0.174397245       2.44469848E-05
   6219.6921146347913       0.161575750       2.34257386E-05
   6222.1493217729530       0.166691005       2.30997248E-05
   6224.6065289111148       0.159418613       2.32170878E-05
   6227.0637360492765       0.182249784       2.56562398E-05
   6229.5209431874382       0.194755882       2.70952096E-05
   6231.9781503256008       0.179684445       2.51919664E-05
   6234.4353574637626       0.154945597       2.25384447E-05
   6236.8925646019243       0.170306101       2.47538010E-05
   6239.3497717400860       0.198316127       2.65504077E-05
   6241.8069788782477       0.160499483       2.38383818E-05
   6244.2641860164094       0.176436990       2.50551111E-05
   6246.7213931545721       0.192714319       2.72400503E-05
   6249.1786002927338       0.203083396       2.79401920E-05
   6251.6358074308955       0.177065864       2.59738354E-05
   6254.0930145690572       0.198823065       2.77410654E-05
   6256.5502217072190       0.186877906       2.64253249E-05
   6259.0074288453807       0.191924080       2.82243236E-05
   6261.4646359835424       0.226394966       3.07524460E-05
   6263.9218431217050       0.202337876       2.88905449E-05
   6266.3790502598667       0.199562848       2.94564652E-05
   6268.8362573980285       0.245613039       3.32736854E-05
   6271.2934645361902       0.216804847       3.14509125E-05
   6273.7506716743519       0.231436893       3.29200157E-05
   6276.2078788125136       0.237189323       3.31654010E-05
   6278.6650859506763       0.246446490       3.59737751E-05
   6281.1222930888380       0.279580981       3.76462158E-05
   6283.5795002269997       0.230349317       3.36849698E-05
   6286.0367073651614       0.233758152       3.35055665E-05
   6288.4939145033231       0.249533474       3.46070192E-05
   6290.9511216414849       0.246231571       3.59666519E-05
   6293.4083287796475       0.287194073       3.94148919E-05
   6295.8655359178092       0.263628691       3.75927193E-05
   6298.3227430559709       0.265494496       3.84838459E-05
   6300.7799501941327       0.300508708       4.17496958E-05
   6303.2371573322944       0.303256065       4.31284680E-05
   6305.6943644704561       0.314940393       4.44393409E-05
   6308.1515716086178       0.317646682       4.47219827E-05
   6310.6087787467804       0.322740465       4.66028760E-05
   6313.0659858849422       0.357574642       4.88889636E-05
   6315.5231930231039       0.314502835       4.57605493E-05
   6317.9804001612656       0.343859851       4.90922284E-05
   6320.4376072994273       0.362842232       4.96436260E-05
   6322.8948144375890       0.319470763       4.68049948E-05
   6325.3520215757508       0.350306749       4.94289234E-05
   6327.8092287139134       0.373879611       5.25875039E-05
   6330.2664358520751       0.379561335       5.35547661E-05
   6332.7236429902368       0.381527305       5.42607595E-05
   6335.1808501283986       0.398229480       5.61995366E-05
   6337.6380572665603       0.405866206       5.70733609E-05
   6340.0952644047229       0.391037464       5.50970617E-05
   6342.5524715428846       0.383714527       5.58008978E-05
   6345.0096786810464       0.432763457       5.91689713E-05
   6347.4668858192081       0.383510023       5.52630372E-05
   6349.9240929573698       0.383035839       5.41845620E-05
   6352.3813000955315       0.382028133       5.45394942E-05
   6354.8385072336932       0.406888694       5.65495684E-05
   6357.2957143718559       0.371421754       5.30797734E-05
   6359.7529215100176       0.378689259       5.42861417E-05
   6362.2101286481793       0.400383979       5.60409826E-05
   6364.6673357863410       0.412184745       5.87384166E-05
   6367.1245429245027       0.421462774       5.86823298E-05
   6369.5817500626654       0.403794289       5.80449887E-05
   6372.0389572008271       0.417733699       5.83069996E-05
   6374.4961643389888       0.401922673       5.73103098E-05
   6376.9533714771505       0.407524019       5.74289916E-05
   6379.4105786153123       0.390996784       5.45112380E-05
   6381.8677857534740       0.349743605       5.11115650E-05
   6384.3249928916357       0.387332797       5.43712704E-05
   6386.7822000297983       0.401972532       5.71713936E-05
   6389.2394071679601       0.442345619       6.29001443E-05
   6391.6966143061218       0.405912459       6.56199772E-05
   6394.1538214442835       0.446179777       6.36629120E-05
   6396.6110285824452       0.434830487       6.11844589E-05
   6399.0682357206069       0.425820261       6.13830707E-05
   6401.5254428587687       0.455934167       6.28987400E-05
   6403.9826499969313       0.422665119       6.13883967E-05
   6406.4398571350930       0.462350130       6.42390733E-05
   6408.8970642732547       0.432570249       6.13110460E-05
   6411.3542714114164       0.419118613       5.96934224E-05
   6413.8114785495782       0.410130352       5.76942148E-05
   6416.2686856877408       0.404319614       5.77582614E-05
   6418.7258928259025       0.405260563       5.65291230E-05
   6421.1830999640642       0.391806066       5.67122333E-05
   6423.6403071022260       0.419728220       5.80608939E-05
   6426.0975142403877       0.406454116       5.90006057E-05
   6428.5547213785494       0.447570860       6.15236349E-05
   6431.0119285167111       0.409395069       5.92562174E-05
   6433.4691356548738       0.437831908       6.12407675E-05
   6435.9263427930355       0.409445941       5.75370541E-05
   6438.3835499311972       0.389679849       5.70605553E-05
   6440.8407570693589       0.436615348       6.00032181E-05
   6443.2979642075206       0.415567011       5.98195438E-05
   6445.7551713456824       0.437508851       6.14433739E-05
   6448.2123784838450       0.434953302       6.11764699E-05
   6450.6695856220067       0.417724192       5.94987105E-05
   6453.1267927601684       0.427561611       6.10825373E-05
   6455.5839998983301       0.466853142       6.56517805E-05
   6458.0412070364919       0.478510648       6.73165341E-05
   6460.4984141746536       0.479785115       6.83261169E-05
   6462.9556213128162       0.494502276       6.91631212E-05
   6465.4128284509779       0.473653823       6.74865369E-05
   6467.8700355891397       0.487458378       6.94376795E-05
   6470.3272427273014       0.500295758       6.88727596E-05
   6472.7844498654631       0.439170897       6.41486549E-05
   6475.2416570036248       0.470124990       6.55305921E-05
   6477.6988641417865       0.446472138       6.35390315E-05
   6480.1560712799492       0.466418386       6.74968251E-05
   6482.6132784181109       0.529767752       7.30009706E-05
   6485.0704855562726       0.503630817       7.16880095E-05
   6487.5276926944343       0.506821752       7.26192229E-05
   6489.9848998325961       0.540971756       7.50620820E-05
   6492.4421069707587       0.523258328       7.60026378E-05
   6494.8993141089204       0.593475819       8.23112787E-05
   6497.3565212470821       0.571086049       8.11386562E-05
   6499.8137283852438       0.578306019       8.23864102E-05
   6502.2709355234056       0.610443532       8.67703129E-05
   6504.7281426615673       0.658786595       9.15759083E-05
   6507.1853497997290       0.621636450       8.90464435E-05
   6509.6425569378916       0.652942240       9.23821644E-05
   6512.0997640760534       0.666631401       9.45010179E-05
   6514.5569712142151       0.723292351       1.03475591E-04
   6517.0141783523768       0.719191194       1.10186564E-04
   6519.4713854905385       0.784601152       1.11779584E-04
   6521.9285926287002       0.812333405       1.15701827E-04
   6524.3857997668620       0.894712031       1.26661864E-04
   6526.8430069050246       0.861447394       1.32153873E-04
   6529.3002140431863       0.939125478       1.34800255E-04
   6531.7574211813480       0.925547659       1.42187229E-04
   6534.2146283195098        1.02122653       1.44099467E-04
   6536.6718354576715        1.00531197       1.41461423E-04
   6539.1290425958341       0.944611847       1.33620764E-04
   6541.5862497339958       0.892224431       1.26783008E-04
   6544.0434568721575       0.863773048       1.22314072E-04
   6546.5006640103193       0.856839597       1.21716774E-04
   6548.9578711484810       0.865832746       1.21974990E-04
   6551.4150782866427       0.872962356       1.25562365E-04
   6553.8722854248044       0.873089731       1.43360958E-04
   6556.3294925629671        1.14197469       1.57597548E-04
   6558.7866997011288        1.08455992       1.54140493E-04
   6561.2439068392905        1.04330146       1.45755839E-04
   6563.7011139774522       0.889372587       1.26001134E-04
   6566.1583211156139       0.750390470       1.08766217E-04
   6568.6155282537766       0.720889270       1.01334968E-04
   6571.0727353919374       0.683490932       9.78641838E-05
   6573.5299425301000       0.699233055       9.84335929E-05
   6575.9871496682617       0.685522079       9.62698396E-05
   6578.4443568064235       0.648552299       9.30316965E-05
   6580.9015639445852       0.675550044       9.52616174E-05
   6583.3587710827469       0.688820004       9.74749273E-05
   6585.8159782209095       0.700255334       9.84596772E-05
   6588.2731853590703       0.688331068       9.82460624E-05
   6590.7303924972330       0.720182955       1.01006815E-04
   6593.1875996353947       0.694101870       9.78688040E-05
   6595.6448067735564       0.675294042       9.69607863E-05
   6598.1020139117181       0.706480682       9.84228536E-05
   6600.5592210498799       0.675699949       9.63989660E-05
   6603.0164281880425       0.689098835       9.79080141E-05
   6605.4736353262042       0.720078766       1.01368511E-04
   6607.9308424643659       0.732970953       1.03964121E-04
   6610.3880496025276       0.748130739       1.04700019E-04
   6612.8452567406894       0.710550845       1.01074249E-04
   6615.3024638788520       0.705028713       9.97175594E-05
   6617.7596710170128       0.686060429       9.62887425E-05
   6620.2168781551754       0.646470845       9.28802547E-05
   6622.6740852933372       0.677220941       9.54318020E-05
   6625.1312924314989       0.675546348       9.42810875E-05
   6627.5884995696606       0.621508598       8.91891978E-05
   6630.0457067078223       0.627124429       8.83498287E-05
   6632.5029138459849       0.617350757       8.75455735E-05
   6634.9601209841458       0.622461319       8.81500673E-05
   6637.4173281223084       0.638214886       9.08383663E-05
   6639.8745352604701       0.673141658       9.37361983E-05
   6642.3317423986318       0.624422252       8.83014582E-05
   6644.7889495367936       0.580233395       8.26250543E-05
   6647.2461566749553       0.555780232       7.87388417E-05
   6649.7033638131179       0.554163694       7.87667159E-05
   6652.1605709512796       0.547223449       7.62464115E-05
   6654.6177780894413       0.517637968       7.59001268E-05
   6657.0749852276031       0.601954103       8.31197176E-05
   6659.5321923657648       0.571707845       8.09185003E-05
   6661.9893995039274       0.571118116       8.29269993E-05
   6664.4466066420882       0.638935089       8.76059567E-05
   6666.9038137802509       0.587181449       8.46668918E-05
   6669.3610209184126       0.617206812       8.76559789E-05
   6671.8182280565743       0.651376963       9.10865856E-05
   6674.2754351947360       0.630437732       8.85228583E-05
   6676.7326423328977       0.568427444       8.07937031E-05
   6679.1898494710604       0.544045925       7.85076336E-05
   6681.6470566092212       0.579982102       8.04724768E-05
   6684.1042637473838       0.544635177       7.75700464E-05
   6686.5614708855455       0.536918879       7.63875069E-05
   6689.0186780237073       0.558246434       7.93480576E-05
   6691.4758851618690       0.587864518       8.20522619E-05
   6693.9330923000307       0.575742006       8.28569100E-05
   6696.3902994381933       0.627238393       8.74722900E-05
   6698.8475065763550       0.611604095       8.71850061E-05
   6701.3047137145168       0.646580935       9.21157916E-05
   6703.7619208526785       0.690792680       9.65317449E-05
   6706.2191279908402       0.670778990       9.36121578E-05
   6708.6763351290019       0.583576620       8.38993656E-05
   6711.1335422671636       0.570113778       8.09137564E-05
   6713.5907494053263       0.554776967       7.80138653E-05
   6716.0479565434880       0.535186827       7.64966608E-05
   6718.5051636816497       0.546102822       7.72187705E-05
   6720.9623708198114       0.566013515       7.99414483E-05
   6723.4195779579732       0.567186117       7.97253524E-05
   6725.8767850961358       0.547241926       7.75529406E-05
   6728.3339922342975       0.548520684       7.90570411E-05
   6730.7911993724592       0.610891938       8.48656782E-05
   6733.2484065106210       0.604588091       8.67753552E-05
   6735.7056136487827       0.645496905       8.92365933E-05
   6738.1628207869444       0.588794470       8.52230296E-05
   6740.6200279251061       0.637485623       8.97297068E-05
   6743.0772350632687       0.629889131       8.83855027E-05
   6745.5344422014305       0.611144245       8.71346419E-05
   6747.9916493395922       0.602379322       8.50255310E-05
   6750.4488564777539       0.617433965       8.83227403E-05
   6752.9060636159156       0.643204987       8.92245080E-05
   6755.3632707540773       0.609147668       8.76353879E-05
   6757.8204778922391       0.640585542       9.06111309E-05
   6760.2776850304017       0.675720334       9.53336785E-05
   6762.7348921685634       0.698901772       9.90489352E-05
   6765.1920993067251       0.720413089       1.00814359E-04
   6767.6493064448869       0.700611830       1.00518766E-04
   6770.1065135830486       0.745761514       1.04234692E-04
   6772.5637207212112       0.717253029       1.01393809E-04
   6775.0209278593729       0.697126389       9.90514309E-05
   6777.4781349975347       0.683790207       9.61319311E-05
   6779.9353421356964       0.653077662       9.27474975E-05
   6782.3925492738581       0.637148380       9.05092747E-05
   6784.8497564120198       0.648994803       9.15710698E-05
   6787.3069635501815       0.636108637       8.96141646E-05
   6789.7641706883442       0.627911448       9.02878819E-05
   6792.2213778265059       0.678887606       9.48908637E-05
   6794.6785849646676       0.672166049       9.49487658E-05
   6797.1357921028293       0.667082012       9.52165356E-05
   6799.5929992409910       0.701696098       9.86321538E-05
   6802.0502063791528       0.697279811       9.80996047E-05
   6804.5074135173145       0.676087499       9.63693892E-05
   6806.9646206554771       0.684456408       9.63751154E-05
   6809.4218277936388       0.687841892       9.84789222E-05
   6811.8790349318006       0.736982524       1.02597165E-04
   6814.3362420699623       0.697259128       9.88889078E-05
   6816.7934492081240       0.689338326       9.89160180E-05
   6819.2506563462866       0.735980988       1.03174280E-04
   6821.7078634844484       0.751543343       1.07030792E-04
   6824.1650706226101       0.792354286       1.11269306E-04
   6826.6222777607718       0.788792133       1.11171066E-04
   6829.0794848989335       0.769243836       1.09354572E-04
   6831.5366920370961       0.781539083       1.10741268E-04
   6833.9938991752570       0.797504902       1.12036796E-04
   6836.4511063134196       0.773771584       1.09276327E-04
   6838.9083134515813       0.738744080       1.04595252E-04
   6841.3655205897430       0.721544802       1.03124890E-04
   6843.8227277279047       0.749505401       1.04880128E-04
   6846.2799348660665       0.721400738       1.02458886E-04
   6848.7371420042291       0.722864985       1.02486236E-04
   6851.1943491423908       0.720041633       1.01207297E-04
   6853.6515562805525       0.717041433       1.03439335E-04
   6856.1087634187143       0.787440121       1.09303146E-04
   6858.5659705568760       0.767071009       1.09516739E-04
   6861.0231776950377       0.782793462       1.09139371E-04
   6863.4803848331994       0.717087090       1.02426602E-04
   6865.9375919713621       0.727223992       1.04597537E-04
   6868.3947991095238       0.791103005       1.10081673E-04
   6870.8520062476855       0.791539252       1.13464768E-04
   6873.3092133858472       0.850939453       1.19435193E-04
   6875.7664205240089       0.864450634       1.21979894E-04
   6878.2236276621707       0.852370143       1.19639422E-04
   6880.6808348003324       0.794494867       1.13136673E-04
   6883.1380419384950       0.794002295       1.13702736E-04
   6885.5952490766567       0.843524873       1.17679512E-04
   6888.0524562148184       0.823567033       1.17397714E-04
   6890.5096633529802       0.846647382       1.19269083E-04
   6892.9668704911419       0.831313074       1.16887852E-04
   6895.4240776293036       0.806615651       1.16006413E-04
   6897.8812847674662       0.859845161       1.20144708E-04
   6900.3384919056280       0.851036191       1.21328383E-04
   6902.7956990437897       0.887975693       1.25153238E-04
   6905.2529061819514       0.897846639       1.27032021E-04
   6907.7101133201131       0.915512979       1.29165797E-04
   6910.1673204582748       0.897747338       1.26178464E-04
   6912.6245275964375       0.859216213       1.22657613E-04
   6915.0817347345992       0.861611784       1.21276207E-04
   6917.5389418727609       0.863236189       1.23809063E-04
   6919.9961490109226       0.929635167       1.30024768E-04
   6922.4533561490844       0.948415756       1.36510032E-04
   6924.9105632872470        1.07316089       1.49972489E-04
   6927.3677704254078        1.07375538       1.50846376E-04
   6929.8249775635704        1.04285252       1.48542691E-04
   6932.2821847017321        1.04821396       1.48338091E-04
   6934.7393918398939        1.09692752       1.57293995E-04
   6937.1965989780556        1.22541237       1.71799096E-04
   6939.6538061162173        1.27117157       1.79442475E-04
   6942.1110132543799        1.30705321       1.85575787E-04
   6944.5682203925408        1.34805226       1.87966405E-04
   6947.0254275307034        1.26839554       1.81310039E-04
   6949.4826346688651        1.28489125       1.81252661E-04
   6951.9398418070268        1.25938523       1.77481721E-04
   6954.3970489451885        1.22949457       1.75711102E-04
   6956.8542560833503        1.28270948       1.81274139E-04
   6959.3114632215129        1.32925355       1.86928271E-04
   6961.7686703596746        1.30556142       1.84505378E-04
   6964.2258774978363        1.30935168       1.87511905E-04
   6966.6830846359981        1.39661551       1.94950146E-04
   6969.1402917741598        1.36824107       1.94673077E-04
   6971.5974989123215        1.39945877       1.98321111E-04
   6974.0547060504832        1.45888579       2.07046018E-04
   6976.5119131886458        1.53395569       2.14544751E-04
   6978.9691203268076        1.48101878       2.09916267E-04
   6981.4263274649693        1.45672023       2.06018711E-04
   6983.8835346031310        1.42219281       2.01738949E-04
   6986.3407417412927        1.45279264       2.06698634E-04
   6988.7979488794554        1.49211681       2.08141064E-04
   6991.2551560176171        1.44181216       2.07648191E-04
   6993.7123631557788        1.53850961       2.14424290E-04
   6996.1695702939405        1.48789001       2.11779974E-04
   6998.6267774321022        1.50712502       2.13080653E-04
   7001.0839845702640        1.51992810       2.15916007E-04
   7003.5411917084257        1.60266519       2.26835589E-04
   7005.9983988465883        1.65514314       2.32737846E-04
   7008.4556059847500        1.67389834       2.38289213E-04
   7010.9128131229118        1.74199688       2.45175761E-04
   7013.3700202610735        1.76634097       2.50207784E-04
   7015.8272273992352        1.79625177       2.53480801E-04
   7018.2844345373978        1.80268848       2.54978513E-04
   7020.7416416755586        1.81533396       2.57716980E-04
   7023.1988488137213        1.89450300       2.69245997E-04
   7025.6560559518830        2.03483319       2.87255505E-04
   7028.1132630900447        2.11669827       2.97339604E-04
   7030.5704702282064        2.12478757       3.03430512E-04
   7033.0276773663682        2.27275848       3.20187712E-04
   7035.4848845045308        2.32973146       3.28310358E-04
   7037.9420916426916        2.35174727       3.34144570E-04
   7040.3992987808542        2.43247819       3.42806743E-04
   7042.8565059190159        2.42969394       3.40359606E-04
   7045.3137130571777        2.41360998       3.12245917E-04
   7047.7709201953394        2.23177528       2.71841476E-04
   7050.2281273335011        1.62630796       2.29360419E-04
   7052.6853344716637        1.28828537       1.85595156E-04
   7055.1425416098255        1.08072913       1.54816415E-04
   7057.5997487479872       0.962028563       1.37092502E-04
   7060.0569558861489       0.916818917       1.31346067E-04
   7062.5141630243106       0.940543354       1.31801033E-04
   7064.9713701624732       0.923055291       1.31931040E-04
   7067.4285773006350       0.968787670       1.36420451E-04
   7069.8857844387967       0.985939562       1.39950309E-04
   7072.3429915769584        1.03741717       1.46944090E-04
   7074.8001987151201        1.08286142       1.52400535E-04
   7077.2574058532819        1.09748709       1.55042144E-04
   7079.7146129914436        1.07786655       1.50835927E-04
   7082.1718201296062       0.982398987       1.39598807E-04
   7084.6290272677679       0.911754727       1.29326043E-04
   7087.0862344059296       0.864007652       1.22576923E-04
   7089.5434415440914       0.832089484       1.17550255E-04
   7092.0006486822531       0.802543581       1.14361683E-04
   7094.4578558204148       0.816986024       1.15531227E-04
   7096.9150629585765       0.838762224       1.19463759E-04
   7099.3722700967392       0.903800189       1.27445805E-04
   7101.8294772349009       0.933053851       1.31268724E-04
   7104.2866843730626       0.940033495       1.33766924E-04
   7106.7438915112243       0.982665122       1.38855481E-04
   7109.2010986493860        1.02110147       1.44403341E-04
   7111.6583057875478        1.05796134       1.49544197E-04
   7114.1155129257095        1.07575309       1.50814420E-04
   7116.5727200638721        1.02900147       1.45995611E-04
   7119.0299272020338       0.998545408       1.40515200E-04
   7121.4871343401956       0.924069166       1.30751898E-04
   7123.9443414783573       0.862130582       1.22745070E-04
   7126.4015486165190       0.822356403       1.15625218E-04
   7128.8587557546816       0.777848899       1.12147922E-04
   7131.3159628928424       0.818262815       1.13888455E-04
   7133.7731700310051       0.783865511       1.12718299E-04
   7136.2303771691668       0.853320181       1.20971214E-04
   7138.6875843073285       0.901909649       1.25897262E-04
   7141.1447914454911       0.888524890       1.26681232E-04
   7143.6019985836519       0.905524731       1.27352425E-04
   7146.0592057218146       0.914322734       1.30944332E-04
   7148.5164128599763       0.979465604       1.36245319E-04
   7150.9736199981380       0.922188759       1.30329339E-04
   7153.4308271362997       0.951723039       1.24957951E-04
   7155.8880342744615       0.898753166       1.26873245E-04
   7158.3452414126241       0.916772366       1.29266060E-04
   7160.8024485507858       0.905506253       1.27819963E-04
   7163.2596556889475       0.899433851       1.28415559E-04
   7165.7168628271093       0.940588951       1.32163535E-04
   7168.1740699652710       0.958579242       1.37180323E-04
   7170.6312771034327        1.04497850       1.46450373E-04
   7173.0884842415944        1.05249977       1.48768813E-04
   7175.5456913797570        1.06917727       1.51892818E-04
   7178.0028985179188        1.10937846       1.57081915E-04
   7180.4601056560805        1.18326867       1.68041151E-04
   7182.9173127942422        1.11738920       1.71303909E-04
   7185.3745199324039        1.16317379       1.68257204E-04
   7187.8317270705656        1.25509596       1.74822024E-04
   7190.2889342087274        1.18544006       1.67051650E-04
   7192.7461413468900        1.12343943       1.62203723E-04
   7195.2033484850517        1.18729186       1.65032165E-04
   7197.6605556232134        1.12276781       1.59684991E-04
   7200.1177627613752        1.10614336       1.57659029E-04
   7202.5749698995369        1.15639246       1.63619246E-04
   7205.0321770376986        1.20442080       1.69875566E-04
   7207.4893841758603        1.23438060       1.75101974E-04
   7209.9465913140230        1.28394377       1.80900475E-04
   7212.4037984521847        1.29385519       1.82689997E-04
   7214.8610055903464        1.28677237       1.81926152E-04
   7217.3182127285090        1.29302025       1.84659977E-04
   7219.7754198666698        1.38797414       1.95305547E-04
   7222.2326270048325        1.40336394       1.96746696E-04
   7224.6898341429942        1.34429359       1.91532090E-04
   7227.1470412811559        1.37411356       1.96114430E-04
   7229.6042484193176        1.46754789       2.04818367E-04
   7232.0614555574793        1.43225169       2.04274373E-04
   7234.5186626956420        1.49948680       2.13095060E-04
   7236.9758698338028        1.60645795       2.27478158E-04
   7239.4330769719654        1.57093763       2.44354480E-04
   7241.8902841101271        1.77266049       2.49121484E-04
   7244.3474912482889        1.78810704       2.56652129E-04
   7246.8046983864506        1.94612706       2.72085046E-04
   7249.2619055246123        1.95580637       2.77387269E-04
   7251.7191126627749        1.99372399       2.81367305E-04
   7254.1763198009367        2.01670957       2.87354953E-04
   7256.6335269390984        2.15911412       3.04960762E-04
   7259.0907340772601        2.23520851       3.14316712E-04
   7261.5479412154218        2.25955534       3.21149797E-04
   7264.0051483535835        2.29159403       3.19141138E-04
   7266.4623554917453        2.10897803       3.02123342E-04
   7268.9195626299079        2.14408636       3.05736699E-04
   7271.3767697680696        2.26275730       3.16684076E-04
   7273.8339769062313        2.24536872       3.19923420E-04
   7276.2911840443930        2.33886743       3.30335781E-04
   7278.7483911825548        2.40292811       3.39457067E-04
   7281.2055983207165        2.45311379       3.47119290E-04
   7283.6628054588782        2.50823736       3.55078548E-04
   7286.1200125970408        2.59617352       3.68112465E-04
   7288.5772197352026        2.72369337       3.84952524E-04
   7291.0344268733643        2.83046389       3.99561657E-04
   7293.4916340115260        2.90109158       4.11379529E-04
   7295.9488411496877        3.04515338       4.31806257E-04
   7298.4060482878504        3.21436357       4.52807959E-04
   7300.8632554260121        3.30651140       4.68611717E-04
   7303.3204625641738        3.42053580       4.81668802E-04
   7305.7776697023355        3.43129945       4.86262928E-04
   7308.2348768404972        3.52034545       5.00258233E-04
   7310.6920839786590        3.72552824       5.26878401E-04
   7313.1492911168207        3.90752769       5.50333527E-04
   7315.6064982549833        3.95268631       5.58395579E-04
   7318.0637053931450        3.97471213       5.62225177E-04
   7320.5209125313067        3.97841239       5.61788445E-04
   7322.9781196694685        3.98111892       5.66367700E-04
   7325.4353268076302        4.14781332       5.85939561E-04
   7327.8925339457928        4.26162291       6.01700798E-04
   7330.3497410839536        4.35678387       6.18355116E-04
   7332.8069482221163        4.50603151       6.32098701E-04
   7335.2641553602780        4.38107586       6.20120612E-04
   7337.7213624984397        4.34183741       6.19252445E-04
   7340.1785696366014        4.52082872       6.35178818E-04
   7342.6357767747631        4.47414684       6.31002069E-04
   7345.0929839129258        4.33816433       6.14759163E-04
   7347.5501910510866        4.28292608       6.08183269E-04
   7350.0073981892492        4.37293434       6.19068916E-04
   7352.4646053274109        4.47411776       6.31705159E-04
   7354.9218124655727        4.56159306       6.47524081E-04
   7357.3790196037344        4.71857166       6.63441082E-04
   7359.8362267418961        4.71315622       6.70527341E-04
   7362.2934338800587        4.93052006       6.97315787E-04
   7364.7506410182204        5.04830027       7.07523082E-04
   7367.2078481563822        4.90347385       6.98208169E-04
   7369.6650552945439        4.96253443       6.99519354E-04
   7372.1222624327056        4.89633369       6.91864465E-04
   7374.5794695708682        4.83712816       6.87212741E-04
   7377.0366767090300        4.91941595       6.94609946E-04
   7379.4938838471917        4.95538998       7.00873206E-04
   7381.9510909853534        4.98661232       7.04714388E-04
   7384.4082981235151        4.98802710       7.05089769E-04
   7386.8655052616768        4.97219229       7.02838181E-04
   7389.3227123998386        4.92482758       6.95943774E-04
   7391.7799195380012        4.88233995       6.93073904E-04
   7394.2371266761629        4.94736242       6.96802919E-04
   7396.6943338143246        4.84762049       6.84864644E-04
   7399.1515409524864        4.75626564       6.76536001E-04
   7401.6087480906481        4.84508991       6.84168015E-04
   7404.0659552288098        4.89251280       6.91624649E-04
   7406.5231623669715        4.89061022       6.88903325E-04
   7408.9803695051341        4.76268339       6.75694144E-04
   7411.4375766432959        4.76404333       6.75078540E-04
   7413.8947837814576        4.80578470       6.77695149E-04
   7416.3519909196193        4.77017927       6.75794552E-04
   7418.8091980577810        4.79207182       6.78455341E-04
   7421.2664051959437        4.87201977       6.89952634E-04
   7423.7236123341045        4.97220898       7.00465462E-04
   7426.1808194722671        4.91697502       6.94368442E-04
   7428.6380266104288        4.83071661       6.85214414E-04
   7431.0952337485905        4.83060074       6.81377714E-04
   7433.5524408867523        4.72358418       6.66869862E-04
   7436.0096480249140        4.80392742       6.51210430E-04
   7438.4668551630766        4.60252523       6.52092916E-04
   7440.9240623012374        4.70092106       6.65567291E-04
   7443.3812694394001        4.80285215       6.75539719E-04
   7445.8384765775618        4.69961929       6.64235733E-04
   7448.2956837157235        4.60428858       6.53825467E-04
   7450.7528908538861        4.63357639       6.55214593E-04
   7453.2100979920478        4.68954706       6.64536085E-04
   7455.6673051302096        4.78188276       6.74117531E-04
   7458.1245122683713        4.78773499       6.78928162E-04
   7460.5817194065330        4.87013102       6.86688232E-04
   7463.0389265446947        4.82407856       6.81429228E-04
   7465.4961336828565        4.78387594       6.80083467E-04
   7467.9533408210191        4.89587164       6.90511370E-04
   7470.4105479591808        4.91906595       6.95574156E-04
   7472.8677550973425        4.94193935       7.00136181E-04
   7475.3249622355042        5.04780483       7.15062546E-04
   7477.7821693736660        5.17794561       7.29118998E-04
   7480.2393765118277        5.15491056       7.29908410E-04
   7482.6965836499894        5.16354370       7.28585233E-04
   7485.1537907881520        5.07528353       7.18633179E-04
   7487.6109979263138        5.10095263       7.26238592E-04
   7490.0682050644755        5.31798506       7.47748127E-04
   7492.5254122026372        5.31788826       7.52301363E-04
   7494.9826193407989        5.35019827       7.58512935E-04
   7497.4398264789606        5.44184828       7.67153688E-04
   7499.8970336171224        5.44873428       7.73596985E-04
   7502.3542407552850        5.58778191       7.88079458E-04
   7504.8114478934467        5.60265207       7.91815575E-04
   7507.2686550316084        5.60601807       7.93133338E-04
   7509.7258621697702        5.59003305       7.88886333E-04
   7512.1830693079319        5.52120686       7.82613992E-04
   7514.6402764460936        5.52406549       7.80645467E-04
   7517.0974835842553        5.52592468       7.83397700E-04
   7519.5546907224179        5.61956787       7.93790678E-04
   7522.0118978605797        5.63773823       7.95467815E-04
   7524.4691049987414        5.60279655       7.95872300E-04
   7526.9263121369040        5.73285294       8.09560355E-04
   7529.3835192750648        5.80454826       8.21575522E-04
   7531.8407264132275        5.93156958       8.39709828E-04
   7534.2979335513892        6.05918980       8.54282873E-04
   7536.7551406895509        6.08324099       8.62779736E-04
   7539.2123478277126        6.23523283       8.81784596E-04
   7541.6695549658743        6.33722591       8.91886419E-04
   7544.1267621040370        6.22753191       8.82105436E-04
   7546.5839692421978        6.19528627       8.76876351E-04
   7549.0411763803604        6.18236685       8.73385812E-04
   7551.4983835185221        6.15197468       8.71754892E-04
   7553.9555906566839        6.18055058       8.71980330E-04
   7556.4127977948456        6.11676121       8.65961076E-04
   7558.8700049330073        6.09485817       8.61869776E-04
   7561.3272120711699        6.08229160       8.61471053E-04
   7563.7844192093316        6.12840986       8.64992675E-04
   7566.2416263474934        6.07582808       8.59981985E-04
   7568.6988334856551        6.12663794       8.71016819E-04
   7571.1560406238168        6.35294104       8.93853605E-04
   7573.6132477619785        6.34050560       8.95815552E-04
   7576.0704549001402        6.27236176       8.85875314E-04
   7578.5276620383029        6.08245325       8.55531252E-04
   7580.9848691764637        5.64417028       7.98518769E-04
   7583.4420763146263        5.15203857       7.26790342E-04
   7585.8992834527880        5.12051201       6.39964652E-04
   7588.3564905909498        3.86752963       5.49545744E-04
   7590.8136977291124        3.32406592       4.77120571E-04
   7593.2709048672732        3.13823295       4.46368591E-04
   7595.7281120054358        3.07010841       4.33968933E-04
   7598.1853191435976        3.05059695       4.34879010E-04
   7600.6425262817593        3.17417717       4.47916158E-04
   7603.0997334199219        3.33394265       4.79108101E-04
   7605.5569405580827        3.86449909       5.46483614E-04
   7608.0141476962453        4.26134205       5.96193888E-04
   7610.4713548344071        4.27076530       5.99021907E-04
   7612.9285619725688        3.99449325       5.66218456E-04
   7615.3857691107305        4.26615953       5.48015640E-04
   7617.8429762488922        3.87005067       5.40181354E-04
   7620.3001833870549        3.51244593       4.96056397E-04
   7622.7573905252157        3.14611554       4.51859290E-04
   7625.2145976633783        3.05917144       4.27272811E-04
   7627.6718048015400        2.70244718       3.84285522E-04
   7630.1290119397017        2.45598674       3.51739407E-04
   7632.5862190778635        2.42680001       3.44103522E-04
   7635.0434262160252        2.46973252       3.49131617E-04
   7637.5006333541878        2.46366167       3.45871144E-04
   7639.9578404923486        2.34742928       3.33428761E-04
   7642.4150476305113        2.30275011       3.26451438E-04
   7644.8722547686730        2.28628588       3.21226253E-04
   7647.3294619068347        2.14127421       3.01852531E-04
   7649.7866690449964        1.94582820       2.76259962E-04
   7652.2438761831581        1.77273214       2.49883655E-04
   7654.7010833213208        1.55123365       2.20687332E-04
   7657.1582904594816        1.38842976       1.98313384E-04
   7659.6154975976442        1.32797992       1.88730555E-04
   7662.0727047358059        1.32603288       1.88124090E-04
   7664.5299118739676        1.34958541       1.90720733E-04
   7666.9871190121294        1.39684808       2.00134789E-04
   7669.4443261502911        1.55931759       2.19862297E-04
   7671.9015332884537        1.70223343       2.42967973E-04
   7674.3587404266145        1.90718615       2.65512586E-04
   7676.8159475647772        1.87700796       2.66202143E-04
   7679.2731547029389        1.90924346       2.70826946E-04
   7681.7303618411006        1.92829621       2.70047720E-04
   7684.1875689792632        1.84341025       2.61859415E-04
   7686.6447761174240        1.79047084       2.52455618E-04
   7689.1019832555867        1.69210565       2.38041655E-04
   7691.5591903937484        1.53362882       2.19288384E-04
   7694.0163975319101        1.49879301       2.12500541E-04
   7696.4736046700727        1.51264608       2.16240980E-04
   7698.9308118082336        1.63476562       2.29332247E-04
   7701.3880189463962        1.67119062       2.39188157E-04
   7703.8452260845579        1.86925280       2.64828675E-04
   7706.3024332227196        2.05544472       2.91529897E-04
   7708.7596403608813        2.28017998       3.20615974E-04
   7711.2168474990431        2.35048199       3.31681076E-04
   7713.6740546372057        2.43325233       3.46189889E-04
   7716.1312617753665        2.56443930       3.60995444E-04
   7718.5884689135291        2.65873265       3.78404802E-04
   7721.0456760516909        2.84141493       4.00888937E-04
   7723.5028831898526        2.96368480       4.17268340E-04
   7725.9600903280143        2.98122239       4.23140969E-04
   7728.4172974661760        3.12964010       4.45620331E-04
   7730.8745046043387        3.33384776       4.64471988E-04
   7733.3317117424995        3.20223260       4.55346628E-04
   7735.7889188806621        3.21260595       4.55691334E-04
   7738.2461260188238        3.22146440       4.50432126E-04
   7740.7033331569855        3.18992209       4.29609034E-04
   7743.1605402951473        2.93437886       4.12690308E-04
   7745.6177474333090        2.91808319       3.92031652E-04
   7748.0749545714716        2.70522380       3.84261744E-04
   7750.5321617096324        2.75586128       3.91830225E-04
   7752.9893688477950        2.91410089       4.10175067E-04
   7755.4465759859568        2.92434335       4.11647517E-04
   7757.9037831241185        2.88852143       4.12579713E-04
   7760.3609902622811        3.06282544       4.34502173E-04
   7762.8181974004419        3.27807736       4.60069539E-04
   7765.2754045386046        3.27895308       4.63325938E-04
   7767.7326116767663        3.32283425       4.74095956E-04
   7770.1898188149280        3.49061346       4.87063458E-04
   7772.6470259530906        3.35043001       4.76060872E-04
   7775.1042330912514        3.31206918       4.68127721E-04
   7777.5614402294141        3.25363159       4.60639712E-04
   7780.0186473675749        3.24586654       4.59977367E-04
   7782.4758545057375        3.26691079       4.61291551E-04
   7784.9330616438992        3.25419092       4.59776726E-04
   7787.3902687820610        3.24686766       4.62543336E-04
   7789.8474759202236        3.38890696       4.75751120E-04
   7792.3046830583844        3.34189463       4.74482193E-04
   7794.7618901965470        3.45384097       4.91689192E-04
   7797.2190973347087        3.44439793       5.09144564E-04
   7799.6763044728705        3.64573646       5.21266193E-04
   7802.1335116110322        3.93394756       5.57016465E-04
   7804.5907187491939        4.22426605       5.95425838E-04
   7807.0479258873565        4.39296007       6.20543840E-04
   7809.5051330255174        4.50725842       6.36065437E-04
   7811.9623401636800        4.51399565       6.35477540E-04
   7814.4195473018417        4.38276434       6.21370680E-04
   7816.8767544400034        4.32163000       6.09905808E-04
   7819.3339615781651        4.15535069       5.85599453E-04
   7821.7911687163269        4.20739508       5.61797875E-04
   7824.2483758544895        3.97976708       5.62858244E-04
   7826.7055829926503        4.02171326       5.67573297E-04
   7829.1627901308129        3.99565721       5.63788402E-04
   7831.6199972689747        3.89358854       5.51947509E-04
   7834.0772044071364        3.94017124       5.63529204E-04
   7836.5344115452981        4.23723841       5.93129429E-04
   7838.9916186834598        4.21586084       5.97074511E-04
   7841.4488258216224        4.28150797       6.08681119E-04
   7843.9060329597842        4.44816351       6.25496090E-04
   7846.3632400979459        4.47397089       6.35134464E-04
   7848.8204472361076        4.59967661       6.48899644E-04
   7851.2776543742693        4.60601759       6.47790381E-04
   7853.7348615124320        4.43355608       6.28643553E-04
   7856.1920686505928        4.36669636       6.20298379E-04
   7858.6492757887554        4.43382502       6.25436485E-04
   7861.1064829269171        4.38137388       6.16914767E-04
   7863.5636900650788        4.24821806       6.06346410E-04
   7866.0208972032406        4.37875080       6.17603655E-04
   7868.4781043414023        4.44218540       6.30258524E-04
   7870.9353114795649        4.61139917       6.50663045E-04
   7873.3925186177257        4.66110802       6.58123172E-04
   7875.8497257558884        4.71769190       6.71302376E-04
   7878.3069328940501        4.96965647       7.03190104E-04
   7880.7641400322118        5.21353626       7.33946741E-04
   7883.2213471703744        5.26881504       7.45443569E-04
   7885.6785543085352        5.32845068       7.50997569E-04
   7888.1357614466979        5.21065569       7.35132664E-04
   7890.5929685848587        5.04207945       7.15869945E-04
   7893.0501757230213        4.99419928       7.06277438E-04
   7895.5073828611830        4.97105742       7.03085680E-04
   7897.9645899993448        4.90703964       6.91139488E-04
   7900.4217971375074        4.71726036       6.68646535E-04
   7902.8790042756682        4.60323191       6.52546936E-04
   7905.3362114138308        4.59217119       6.50248665E-04
   7907.7934185519925        4.57189560       6.42250758E-04
   7910.2506256901543        4.37061024       6.23133092E-04
   7912.7078328283160        4.46785641       6.34605123E-04
   7915.1650399664777        4.63188601       6.50160247E-04
   7917.6222471046403        4.60786867       6.55653886E-04
   7920.0794542428021        4.75067425       6.69710804E-04
   7922.5366613809638        4.80149412       6.81198842E-04
   7924.9938685191255        4.99661160       7.08654406E-04
   7927.4510756572872        5.22534418       7.34015484E-04
   7929.9082827954498        5.19290733       7.33396388E-04
   7932.3654899336107        5.10692596       7.23147998E-04
   7934.8226970717733        5.04684162       7.11094995E-04
   7937.2799042099350        4.81871653       6.80329860E-04
   7939.7371113480967        4.58796644       6.55120413E-04
   7942.1943184862585        4.67221069       6.60725404E-04
   7944.6515256244202        4.76759529       6.74651936E-04
   7947.1087327625828        4.87235689       6.87445281E-04
   7949.5659399007436        4.88908529       6.92597125E-04
   7952.0231470389062        5.01383829       7.12542620E-04
   7954.4803541770680        5.28712177       7.46204925E-04
   7956.9375613152297        5.46729279       7.71643303E-04
   7959.3947684533914        5.56281137       7.87284807E-04
   7961.8519755915531        5.67658472       8.01234157E-04
   7964.3091827297158        5.68800354       8.03957577E-04
   7966.7663898678766        5.72285414       8.12024227E-04
   7969.2235970060392        5.82129526       8.17556342E-04
   7971.6808041442009        5.65479231       8.01933813E-04
   7974.1380112823626        5.58897781       7.89588201E-04
   7976.5952184205253        5.46232080       7.72001687E-04
   7979.0524255586861        5.33893251       7.56532187E-04
   7981.5096326968487        5.26712942       7.44687801E-04
   7983.9668398350095        5.23388958       7.42950710E-04
   7986.4240469731722        5.31441164       7.50298146E-04
   7988.8812541113339        5.36967802       7.62345211E-04
   7991.3384612494956        5.57772207       7.89133483E-04
   7993.7956683876582        5.78213978       8.16483574E-04
   7996.2528755258199        5.91887474       8.36728956E-04
   7998.7100826639817        6.03563213       8.54503247E-04
   8001.1672898021434        6.22288561       8.82172375E-04
   8003.6244969403051        6.50549698       9.18685575E-04
   8006.0817040784677        6.65486336       9.36336059E-04
   8008.5389112166285        6.59957457       9.38322686E-04
   8010.9961183547912        6.82232237       9.66189895E-04
   8013.4533254929529        7.06512308       9.96667077E-04
   8015.9105326311146        7.22373438       1.02395169E-03
   8018.3677397692763        7.44672346       1.05006213E-03
   8020.8249469074381        7.53529739       1.06755423E-03
   8023.2821540456007        7.72397041       1.09272951E-03
   8025.7393611837615        7.91421747       1.11967826E-03
   8028.1965683219241        8.21510792       1.16894522E-03
   8030.6537754600859        8.79277802       1.23647565E-03
   8033.1109825982476        8.90992546      -1.26005348E-03
