     1  2455766.694069689
     2  2455766.696351250
     3  2455766.698633016
     4  2455766.700914551
     5  2455766.703196412
     6  2455766.705477157
     7  2455766.707758965
     8  2455766.711660435
     9  2455766.713942231
    10  2455766.716223360
    11  2455766.718505094
    12  2455766.720786359
    13  2455766.723067411
    14  2455766.725349713
    15  2455766.727631216
    16  2455766.729912550
    17  2455766.732195144
    18  2455766.734476185
    19  2455766.736757850
    20  2455766.739039668
    21  2455766.741321303
    22  2455766.743603264
    23  2455766.745885557
    24  2455766.748167308
    25  2455766.750449397
    26  2455766.752730892
    27  2455766.755012973
    28  2455766.757294592
    29  2455766.759576878
    30  2455766.761858222
    31  2455766.764140443
    32  2455766.766422193
    33  2455766.768704810
    34  2455766.770986767
    35  2455766.773267955
    36  2455766.775550447
    37  2455766.777832506
    38  2455766.780114911
    39  2455766.782397980
    40  2455766.784679799
    41  2455766.786961260
    42  2455766.789243017
    43  2455766.791525469
    44  2455766.793807041
    45  2455766.796088287
    46  2455766.798370314
    47  2455766.802236659
    48  2455766.804518470
    49  2455766.806801017
    50  2455766.809083705
    51  2455766.811366168
    52  2455766.813648284
    53  2455766.815929995
    54  2455766.818211892
    55  2455766.820494664
    56  2455766.822776086
    57  2455766.825058391
    58  2455766.827340527
    59  2455766.829622836
    60  2455766.831904274
    61  2455766.834186575
    62  2455766.836469389
    63  2455766.838751500
    64  2455766.841033077
    65  2455766.843315287
    66  2455766.845597235
    67  2455766.851213964
    68  2455766.853496296
    69  2455766.855778555
    70  2455766.858060490
    71  2455766.860343034
    72  2455766.862625278
    73  2455766.864906946
    74  2455766.867188411
    75  2455766.869469940
    76  2455766.871752442
    77  2455766.874033779
    78  2455766.876317095
    79  2455766.878599613
    80  2455766.880881277
    81  2455766.883163424
    82  2455766.885444445
    83  2455766.887727711
    84  2455766.890009634
    85  2455766.892291434
    86  2455766.894573095
    87  2455766.896855657
    88  2455766.899137828
    89  2455766.901420169
    90  2455766.903702071
    91  2455766.905983764
    92  2455766.908265077
    93  2455766.910547995
    94  2455766.912831619
    95  2455766.915113227
    96  2455766.917395346
    97  2455766.919677227
    98  2455766.921959467
    99  2455766.924241047
   100  2455766.926523224
   101  2455766.928804658
   102  2455766.931086592
   103  2455766.933368624
   104  2455766.935650362
   105  2455766.937933150
   106  2455766.940215312
   107  2455766.942497929
   108  2455766.944779718
   109  2455766.947061279
   110  2455766.949343190
   111  2455766.951625326
   112  2455766.953908279
   113  2455766.956190526
   114  2455766.958473406
   115  2455766.960755666
   116  2455766.963037617
   117  2455766.965319894
   118  2455766.967601953
   119  2455766.969925012
