5.500000000000000000e+03 4.511577167374605000e+14
5.505000000000000000e+03 8.075711853207380000e+14
5.510000000000000000e+03 4.024247839686055000e+14
5.515000000000000000e+03 2.916161813379123125e+14
5.520000000000000000e+03 -1.384421325233300000e+13
5.525000000000000000e+03 7.457674998803100000e+14
5.530000000000000000e+03 4.153071759814330000e+14
5.535000000000000000e+03 2.254936654880345000e+14
5.540000000000000000e+03 3.040155279880092500e+14
5.545000000000000000e+03 1.998297989228632812e+14
5.550000000000000000e+03 5.719507862878225000e+13
5.555000000000000000e+03 8.779232637238057812e+13
5.560000000000000000e+03 4.056338511416841250e+14
5.565000000000000000e+03 3.135081183940325000e+14
5.570000000000000000e+03 1.314186775275405750e+15
5.575000000000000000e+03 2.663509870204348000e+15
5.580000000000000000e+03 1.088983235334927500e+15
5.585000000000000000e+03 1.884851821357795000e+14
5.590000000000000000e+03 2.558168470273612188e+14
5.595000000000000000e+03 8.231225935079450000e+13
5.600000000000000000e+03 1.351034138506567500e+14
5.605000000000000000e+03 3.545800545697700000e+13
5.610000000000000000e+03 1.614057683845580000e+14
5.615000000000000000e+03 3.946172470067537500e+14
5.620000000000000000e+03 4.401670490162270000e+14
5.625000000000000000e+03 3.508880731497780000e+14
5.630000000000000000e+03 2.946219443631227500e+14
5.635000000000000000e+03 3.222940515948600000e+14
5.640000000000000000e+03 2.776577584778372500e+14
5.645000000000000000e+03 2.016737409605930000e+14
5.650000000000000000e+03 1.163422007977315000e+14
5.655000000000000000e+03 1.371763436536400000e+14
5.660000000000000000e+03 3.290934751021910000e+14
5.665000000000000000e+03 1.284645247226465000e+14
5.670000000000000000e+03 2.275773326134652500e+14
5.675000000000000000e+03 2.093096703297690000e+14
5.680000000000000000e+03 2.142497228548370000e+14
5.685000000000000000e+03 2.185554748955850000e+14
5.690000000000000000e+03 5.186674718537550000e+13
5.695000000000000000e+03 -1.765881827713150000e+13
5.700000000000000000e+03 -9.544892452969800000e+13
5.705000000000000000e+03 -4.215525723258400000e+13
5.710000000000000000e+03 -3.599815147789000000e+12
5.715000000000000000e+03 1.263114485713275000e+14
5.720000000000000000e+03 1.484414129445925000e+14
5.725000000000000000e+03 4.001848945006450000e+13
5.730000000000000000e+03 1.119081281631110000e+14
5.735000000000000000e+03 1.198539789957855000e+14
5.740000000000000000e+03 1.226828678307297812e+14
5.745000000000000000e+03 3.257408897534200000e+13
5.750000000000000000e+03 -4.474219198301000000e+12
5.755000000000000000e+03 -2.608026946010500000e+12
5.760000000000000000e+03 4.056611935277500000e+13
5.765000000000000000e+03 1.452515907240140000e+14
5.770000000000000000e+03 9.822648454402250000e+13
5.775000000000000000e+03 5.409779363718650000e+13
5.780000000000000000e+03 -8.547785416914050000e+13
5.785000000000000000e+03 -7.067574940892800000e+13
5.790000000000000000e+03 -1.358009702040135000e+14
5.795000000000000000e+03 2.175164836955350000e+13
5.800000000000000000e+03 -6.638385726474150000e+13
5.805000000000000000e+03 -1.172224108723500000e+13
5.810000000000000000e+03 6.983469596406500000e+13
5.815000000000000000e+03 1.580392129874145000e+14
5.820000000000000000e+03 1.913324522036600000e+14
5.825000000000000000e+03 2.650924239828805000e+14
5.830000000000000000e+03 2.061169354340605000e+14
5.835000000000000000e+03 1.494208133815410000e+14
5.840000000000000000e+03 2.460003414409540000e+14
5.845000000000000000e+03 2.640569270622155000e+14
5.850000000000000000e+03 2.301806450122355000e+14
5.855000000000000000e+03 3.842561395138700000e+14
5.860000000000000000e+03 4.276825994172017500e+14
5.865000000000000000e+03 4.663661564503667500e+14
5.870000000000000000e+03 5.067817256255080000e+14
5.875000000000000000e+03 8.306124713808555000e+14
5.880000000000000000e+03 6.699200551897270000e+14
5.885000000000000000e+03 5.660875664406277500e+14
5.890000000000000000e+03 2.058096311155406500e+15
5.895000000000000000e+03 2.076395288988419250e+15
5.900000000000000000e+03 1.399845725702601250e+15
5.905000000000000000e+03 6.622590728953890000e+14
5.910000000000000000e+03 6.738032097507965000e+14
5.915000000000000000e+03 5.926435068258130000e+14
5.920000000000000000e+03 6.392230687231457500e+14
5.925000000000000000e+03 5.506012481591233750e+14
5.930000000000000000e+03 7.094082019758612500e+14
5.935000000000000000e+03 7.307868217869295000e+14
5.940000000000000000e+03 6.486367394077253750e+14
5.945000000000000000e+03 6.033925671982775000e+14
5.950000000000000000e+03 6.541353639234217500e+14
5.955000000000000000e+03 6.054553129327472500e+14
5.960000000000000000e+03 7.198315761675333750e+14
5.965000000000000000e+03 8.418076539758702500e+14
5.970000000000000000e+03 8.434166235280050000e+14
5.975000000000000000e+03 6.145459156388978750e+14
5.980000000000000000e+03 6.405390556643190000e+14
5.985000000000000000e+03 6.620269514930845000e+14
5.990000000000000000e+03 6.503519483855765000e+14
5.995000000000000000e+03 5.305119169143797500e+14
6.000000000000000000e+03 6.936316568448235000e+14
6.005000000000000000e+03 7.572585917389395000e+14
6.010000000000000000e+03 6.984364389694837500e+14
6.015000000000000000e+03 7.435076376129842500e+14
6.020000000000000000e+03 6.050373353509472500e+14
6.025000000000000000e+03 6.489297542795640000e+14
6.030000000000000000e+03 6.575620617791735000e+14
6.035000000000000000e+03 6.338574326340645000e+14
6.040000000000000000e+03 4.824799676399835000e+14
6.045000000000000000e+03 5.637240670062730000e+14
6.050000000000000000e+03 6.385359834726437500e+14
6.055000000000000000e+03 5.295525252839888750e+14
6.060000000000000000e+03 5.132737667092295000e+14
6.065000000000000000e+03 5.154392569947977500e+14
6.070000000000000000e+03 5.056041287738920000e+14
6.075000000000000000e+03 5.488167555387335000e+14
6.080000000000000000e+03 5.430817027510730000e+14
6.085000000000000000e+03 4.725809291656475000e+14
6.090000000000000000e+03 6.020600939598450000e+14
6.095000000000000000e+03 5.005207794034290000e+14
6.100000000000000000e+03 5.242881110805435000e+14
6.105000000000000000e+03 5.496050802111122500e+14
6.110000000000000000e+03 6.514868699664840000e+14
6.115000000000000000e+03 5.750909098710970000e+14
6.120000000000000000e+03 6.958002615277430000e+14
6.125000000000000000e+03 6.551953027914805000e+14
6.130000000000000000e+03 5.958083696261342500e+14
6.135000000000000000e+03 5.390525528311570000e+14
6.140000000000000000e+03 6.831774840824887500e+14
6.145000000000000000e+03 7.206446138507320000e+14
6.150000000000000000e+03 7.214552586197807500e+14
6.155000000000000000e+03 6.554219548216597500e+14
6.160000000000000000e+03 9.639881400332012500e+14
6.165000000000000000e+03 9.671493092563180000e+14
6.170000000000000000e+03 9.661927879210240000e+14
6.175000000000000000e+03 1.123843999378468750e+15
6.180000000000000000e+03 1.045059870521293250e+15
6.185000000000000000e+03 9.986930968607210000e+14
6.190000000000000000e+03 1.107515051979428250e+15
6.195000000000000000e+03 1.101421054942904750e+15
6.200000000000000000e+03 1.208607396757504250e+15
6.205000000000000000e+03 1.102642438433810250e+15
6.210000000000000000e+03 9.774213199021155000e+14
6.215000000000000000e+03 1.057994220553712250e+15
6.220000000000000000e+03 1.115281686192583750e+15
6.225000000000000000e+03 1.004689068614134125e+15
6.230000000000000000e+03 1.176041385547224000e+15
6.235000000000000000e+03 1.382773784601233750e+15
6.240000000000000000e+03 1.194276067291736500e+15
6.245000000000000000e+03 1.151874968928456000e+15
6.250000000000000000e+03 1.103437608085155250e+15
6.255000000000000000e+03 1.117707588156392500e+15
6.260000000000000000e+03 1.185968684268360000e+15
6.265000000000000000e+03 1.123969132222770125e+15
6.270000000000000000e+03 9.809242365802855000e+14
6.275000000000000000e+03 9.257176313035260000e+14
6.280000000000000000e+03 7.360427973033137500e+14
6.285000000000000000e+03 9.170778410618560000e+14
6.290000000000000000e+03 1.009161323204155000e+15
6.295000000000000000e+03 1.059343426671490875e+15
6.300000000000000000e+03 1.275763356607703000e+15
6.305000000000000000e+03 1.207077740693603500e+15
6.310000000000000000e+03 1.060707858978838500e+15
6.315000000000000000e+03 9.100098452195450000e+14
6.320000000000000000e+03 8.026015620585370000e+14
6.325000000000000000e+03 8.508030566879225000e+14
6.330000000000000000e+03 7.094202990356230000e+14
6.335000000000000000e+03 8.520984576804700000e+14
6.340000000000000000e+03 8.786019186355870000e+14
6.345000000000000000e+03 5.496577059886360000e+14
6.350000000000000000e+03 4.839790785254318125e+14
6.355000000000000000e+03 8.664488242837570000e+14
6.360000000000000000e+03 1.014515012770840000e+15
6.365000000000000000e+03 1.206420501564621500e+15
6.370000000000000000e+03 9.728442139187670000e+14
6.375000000000000000e+03 6.169917782647220000e+14
6.380000000000000000e+03 5.179893054066780000e+14
6.385000000000000000e+03 4.429563226612030000e+14
6.390000000000000000e+03 5.812292280707360000e+14
6.395000000000000000e+03 7.425380015298031250e+14
6.400000000000000000e+03 3.653270990863860000e+14
6.405000000000000000e+03 5.268439595734830000e+14
6.410000000000000000e+03 6.204006197352460000e+14
6.415000000000000000e+03 7.112439087643720000e+14
6.420000000000000000e+03 7.007628265113280000e+14
6.425000000000000000e+03 8.362940428387085000e+14
6.430000000000000000e+03 8.368992235118855000e+14
6.435000000000000000e+03 7.753742620158505000e+14
6.440000000000000000e+03 6.499145361789260000e+14
6.445000000000000000e+03 6.073585547260690000e+14
6.450000000000000000e+03 8.051951537266450000e+14
6.455000000000000000e+03 6.241138463872870000e+14
6.460000000000000000e+03 6.270725508000695000e+14
6.465000000000000000e+03 6.112787932320380000e+14
6.470000000000000000e+03 5.793709374724730000e+14
6.475000000000000000e+03 5.116323717592200000e+14
6.480000000000000000e+03 4.400473529721090000e+14
6.485000000000000000e+03 5.966596388757140000e+14
6.490000000000000000e+03 5.735383576728780000e+14
6.495000000000000000e+03 6.087875441127070000e+14
6.500000000000000000e+03 5.722541807508890000e+14
6.505000000000000000e+03 4.081558302547370000e+14
6.510000000000000000e+03 3.615015874334900000e+13
6.515000000000000000e+03 3.814397206551700000e+13
6.520000000000000000e+03 -7.447287395566200000e+13
6.525000000000000000e+03 -2.669056823951800000e+13
6.530000000000000000e+03 -6.852217489174000000e+13
6.535000000000000000e+03 -3.586511086107460000e+14
6.540000000000000000e+03 -7.722735190818520000e+14
6.545000000000000000e+03 -5.179591965006760000e+14
6.550000000000000000e+03 -1.615756170150807812e+14
6.555000000000000000e+03 3.367360043361200000e+13
6.560000000000000000e+03 2.107116929308016000e+15
6.565000000000000000e+03 1.819546872149857600e+16
6.570000000000000000e+03 8.323663051251682000e+15
6.575000000000000000e+03 6.830196340637720000e+14
6.580000000000000000e+03 8.271242130430036250e+14
6.585000000000000000e+03 6.597335917364720000e+14
6.590000000000000000e+03 6.576316148871440000e+14
6.595000000000000000e+03 5.905274437808660000e+14
6.600000000000000000e+03 5.609498958822220000e+14
6.605000000000000000e+03 5.508283943509520000e+14
6.610000000000000000e+03 5.141852095145520000e+14
6.615000000000000000e+03 4.987843838810440000e+14
6.620000000000000000e+03 6.462666170567220000e+14
6.625000000000000000e+03 9.536180578277300000e+14
6.630000000000000000e+03 1.062257238777110000e+15
6.635000000000000000e+03 1.233021007052650000e+15
6.640000000000000000e+03 1.217910049214963000e+15
6.645000000000000000e+03 1.482770456478900000e+15
6.650000000000000000e+03 1.385264575287513500e+15
6.655000000000000000e+03 1.059430443500742000e+15
6.660000000000000000e+03 1.226596536922784000e+15
6.665000000000000000e+03 1.011366685816666000e+15
6.670000000000000000e+03 9.641495668150510000e+14
6.675000000000000000e+03 7.587029763595210000e+14
6.680000000000000000e+03 1.089508049259250000e+15
6.685000000000000000e+03 1.292809881371425000e+15
6.690000000000000000e+03 1.255882621268402000e+15
6.695000000000000000e+03 1.096798440734747000e+15
6.700000000000000000e+03 1.225738675087235000e+15
6.705000000000000000e+03 1.424868373801623000e+15
6.710000000000000000e+03 1.061196183648429000e+15
6.715000000000000000e+03 1.290311406130399000e+15
6.720000000000000000e+03 1.458100988728700500e+15
6.725000000000000000e+03 1.636576758421555000e+15
6.730000000000000000e+03 1.471210618406075000e+15
6.735000000000000000e+03 1.104572510379762000e+15
6.740000000000000000e+03 1.086829573258002000e+15
6.745000000000000000e+03 9.882797370278510000e+14
6.750000000000000000e+03 1.232024676485282000e+15
6.755000000000000000e+03 1.283476192806902000e+15
6.760000000000000000e+03 1.169581998972558000e+15
6.765000000000000000e+03 1.177703864484662000e+15
6.770000000000000000e+03 7.552032662923880000e+14
6.775000000000000000e+03 6.470877515018540000e+14
6.780000000000000000e+03 8.419197381971220000e+14
6.785000000000000000e+03 1.185342533797055500e+15
6.790000000000000000e+03 1.451382315325861000e+15
6.795000000000000000e+03 1.361527654131418000e+15
6.800000000000000000e+03 9.119470864610146250e+14
6.805000000000000000e+03 1.059371949641626000e+15
6.810000000000000000e+03 7.224681171797802500e+14
6.815000000000000000e+03 8.861860038209240000e+14
6.820000000000000000e+03 1.133626711602799000e+15
6.825000000000000000e+03 1.252858134557758000e+15
6.830000000000000000e+03 1.053470911227103625e+15
6.835000000000000000e+03 8.767737066726040000e+14
6.840000000000000000e+03 6.805301095776660000e+14
6.845000000000000000e+03 3.759520653620100000e+14
6.850000000000000000e+03 9.704736723765560000e+14
6.855000000000000000e+03 9.024970506088320000e+14
6.860000000000000000e+03 1.187409774549319000e+15
6.865000000000000000e+03 1.301046898619132000e+15
6.870000000000000000e+03 4.920310595224530000e+14
6.875000000000000000e+03 2.613958448430740000e+14
6.880000000000000000e+03 -1.062925722381920000e+14
6.885000000000000000e+03 2.384558762387420000e+14
6.890000000000000000e+03 2.334430508037080000e+14
6.895000000000000000e+03 -2.418097170901820000e+14
6.900000000000000000e+03 -2.662276555181660000e+14
6.905000000000000000e+03 -4.296468821957400000e+14
6.910000000000000000e+03 -6.937911993562560000e+14
6.915000000000000000e+03 -7.620471495728520000e+14
6.920000000000000000e+03 -3.920510398804460000e+14
6.925000000000000000e+03 -2.376641579064200000e+13
6.930000000000000000e+03 -4.187335049301280000e+14
6.935000000000000000e+03 -9.608307081673520000e+14
6.940000000000000000e+03 -9.476937531386800000e+14
6.945000000000000000e+03 -8.576891801365540000e+14
6.950000000000000000e+03 -2.310308558624143750e+14
6.955000000000000000e+03 -7.414309849662640000e+14
6.960000000000000000e+03 -1.049907981486848000e+15
6.965000000000000000e+03 -1.306601356070720000e+15
6.970000000000000000e+03 -1.293067798824960000e+15
6.975000000000000000e+03 -1.796839288902601000e+15
6.980000000000000000e+03 -2.106702302334760000e+15
6.985000000000000000e+03 -2.537812352258180000e+15
6.990000000000000000e+03 -1.983961553385896000e+15
6.995000000000000000e+03 -2.179892274233644000e+15
7.000000000000000000e+03 -2.034929444322064000e+15
7.005000000000000000e+03 -7.497351044709680000e+14
7.010000000000000000e+03 -6.486352907576800000e+14
7.015000000000000000e+03 -1.592179440164968000e+15
7.020000000000000000e+03 -6.933072954902000000e+14
7.025000000000000000e+03 -1.402714279073840000e+14
7.030000000000000000e+03 1.757636075188080000e+14
7.035000000000000000e+03 -1.187137774422720000e+14
7.040000000000000000e+03 6.269271225454600000e+14
7.045000000000000000e+03 5.457772098737880000e+14
7.050000000000000000e+03 2.123396256091324000e+15
7.055000000000000000e+03 2.222031163246948000e+15
7.060000000000000000e+03 6.104357232330100000e+14
7.065000000000000000e+03 9.540174401247820000e+14
7.070000000000000000e+03 4.929490122969800000e+14
7.075000000000000000e+03 -3.480373669557600000e+13
7.080000000000000000e+03 4.328437713689000000e+13
7.085000000000000000e+03 3.919976505348760000e+14
7.090000000000000000e+03 1.037926668041752000e+15
7.095000000000000000e+03 1.967783724848398000e+15
7.100000000000000000e+03 2.046298503369184000e+15
7.105000000000000000e+03 1.822535067052910000e+15
7.110000000000000000e+03 1.261036169832476000e+15
7.115000000000000000e+03 8.151334319198360000e+14
7.120000000000000000e+03 9.624793357662440000e+14
7.125000000000000000e+03 1.592815608639522000e+15
7.130000000000000000e+03 2.591717363885678500e+15
7.135000000000000000e+03 2.928878285533260000e+15
7.140000000000000000e+03 2.423805345939792500e+15
7.145000000000000000e+03 2.434535786693245000e+15
7.150000000000000000e+03 2.171629200963326000e+15
7.155000000000000000e+03 1.964409207489930000e+15
7.160000000000000000e+03 2.048119348809656000e+15
7.165000000000000000e+03 2.140190701431336000e+15
7.170000000000000000e+03 2.034163132478770000e+15
7.175000000000000000e+03 1.285656237452538000e+15
7.180000000000000000e+03 1.858076686262512000e+15
7.185000000000000000e+03 1.285765283316176000e+15
7.190000000000000000e+03 1.415420111161190750e+15
7.195000000000000000e+03 1.942676291930532000e+15
7.200000000000000000e+03 1.783964226005012000e+15
7.205000000000000000e+03 2.138358127953719750e+15
7.210000000000000000e+03 1.752331828303264000e+15
7.215000000000000000e+03 1.052819977339820000e+15
7.220000000000000000e+03 8.506359143000040000e+14
7.225000000000000000e+03 3.154613364706400000e+13
7.230000000000000000e+03 4.895410543606240000e+14
7.235000000000000000e+03 5.423454462708920000e+14
7.240000000000000000e+03 2.472423232214280000e+14
7.245000000000000000e+03 1.627706943222240000e+14
7.250000000000000000e+03 -1.005175532065764000e+15
7.255000000000000000e+03 -1.499684396985976000e+15
7.260000000000000000e+03 -7.693698929697920000e+14
7.265000000000000000e+03 -4.589696540715760000e+14
7.270000000000000000e+03 -7.340137638669600000e+13
7.275000000000000000e+03 -4.432365987441360000e+14
7.280000000000000000e+03 -1.090198585850424000e+15
7.285000000000000000e+03 -1.119035310997896000e+15
7.290000000000000000e+03 -2.018581902869016000e+15
7.295000000000000000e+03 -1.754564277546392000e+15
7.300000000000000000e+03 -2.746748097162184000e+15
7.305000000000000000e+03 -2.566198548508608000e+15
7.310000000000000000e+03 -2.833083934476536000e+15
7.315000000000000000e+03 -3.361312646020496000e+15
7.320000000000000000e+03 -2.962447585461328000e+15
7.325000000000000000e+03 -4.085703023854160000e+15
7.330000000000000000e+03 -4.141586694990240000e+15
7.335000000000000000e+03 -2.639657514893360000e+15
7.340000000000000000e+03 -1.015574359229920000e+15
7.345000000000000000e+03 -3.081567422054528000e+15
7.350000000000000000e+03 -1.887238952134752000e+15
7.355000000000000000e+03 -3.181319752041040000e+15
7.360000000000000000e+03 -4.161968649685824000e+15
7.365000000000000000e+03 -5.342043163379312000e+15
7.370000000000000000e+03 -3.733818938486816000e+15
7.375000000000000000e+03 -3.562463222329856000e+15
7.380000000000000000e+03 -4.531008645573632000e+15
7.385000000000000000e+03 -3.922206107047200000e+15
7.390000000000000000e+03 -4.490890941967232000e+15
7.395000000000000000e+03 -6.007459950120464000e+15
7.400000000000000000e+03 -4.529136612353440000e+15
7.405000000000000000e+03 -3.538462220486080000e+15
7.410000000000000000e+03 -3.067727353248528000e+15
7.415000000000000000e+03 -4.200032864012128000e+15
7.420000000000000000e+03 -4.958312851483648000e+15
7.425000000000000000e+03 -4.569548913985920000e+15
7.430000000000000000e+03 -5.330885918634432000e+15
7.435000000000000000e+03 -5.818198109237120000e+15
7.440000000000000000e+03 -3.774332112028576000e+15
7.445000000000000000e+03 -4.404994240584352000e+15
7.450000000000000000e+03 -4.192811136694208000e+15
7.455000000000000000e+03 -5.453553757009424000e+15
7.460000000000000000e+03 -5.597634453506688000e+15
7.465000000000000000e+03 -7.505287220749872000e+15
7.470000000000000000e+03 -6.605885515264016000e+15
7.475000000000000000e+03 -7.645119116583280000e+15
7.480000000000000000e+03 -8.438032874338656000e+15
7.485000000000000000e+03 -8.649275135987488000e+15
7.490000000000000000e+03 -1.009457259499302400e+16
7.495000000000000000e+03 -9.748856455839856000e+15
7.500000000000000000e+03 -8.862592902658704000e+15
7.505000000000000000e+03 -9.404413634322448000e+15
7.510000000000000000e+03 -1.065339269769606400e+16
7.515000000000000000e+03 -1.034618018604694400e+16
7.520000000000000000e+03 -1.008511312944467200e+16
7.525000000000000000e+03 -1.125068422563035200e+16
7.530000000000000000e+03 -1.123675392131662400e+16
7.535000000000000000e+03 -1.252506114555502400e+16
7.540000000000000000e+03 -1.274928456574396800e+16
7.545000000000000000e+03 -1.444343110390356800e+16
7.550000000000000000e+03 -1.512704172201305600e+16
7.555000000000000000e+03 -1.370742868958758400e+16
7.560000000000000000e+03 -1.273085782210825600e+16
7.565000000000000000e+03 -1.287042485961395200e+16
7.570000000000000000e+03 -1.279446215363031000e+16
7.575000000000000000e+03 -1.353480289793912400e+16
7.580000000000000000e+03 -1.424208749724579200e+16
7.585000000000000000e+03 -1.051889609356187200e+16
7.590000000000000000e+03 -8.143905359417488000e+15
7.595000000000000000e+03 -4.596995494356528000e+15
7.600000000000000000e+03 -3.400616708413368000e+15
7.605000000000000000e+03 -4.258123138538296000e+15
7.610000000000000000e+03 -6.695535472658392000e+15
7.615000000000000000e+03 -9.648450847052200000e+15
7.620000000000000000e+03 -1.021455378937212000e+16
7.625000000000000000e+03 -7.197545717989840000e+15
7.630000000000000000e+03 -3.642188166204800000e+15
7.635000000000000000e+03 -3.101498341888488000e+15
7.640000000000000000e+03 -3.987672777907920000e+15
7.645000000000000000e+03 -4.865170044951016000e+15
7.650000000000000000e+03 -3.187520038719856000e+15
7.655000000000000000e+03 -1.132246767369260000e+15
7.660000000000000000e+03 7.106364890654560000e+14
7.665000000000000000e+03 2.233922105297498000e+15
7.670000000000000000e+03 1.139379885548792000e+15
7.675000000000000000e+03 3.414968259949200000e+13
7.680000000000000000e+03 -7.583906005462320000e+14
7.685000000000000000e+03 -1.319442682298240000e+15
7.690000000000000000e+03 -9.415008315522240000e+14
7.695000000000000000e+03 4.283953395444480000e+14
7.700000000000000000e+03 1.398948909950212000e+15
7.705000000000000000e+03 4.520121669345640000e+14
7.710000000000000000e+03 -1.889131014316680000e+14
7.715000000000000000e+03 -2.035990035513120000e+15
7.720000000000000000e+03 -4.079618227984304000e+15
7.725000000000000000e+03 -5.627233791176456000e+15
7.730000000000000000e+03 -5.430346160747336000e+15
7.735000000000000000e+03 -6.680203726998104000e+15
7.740000000000000000e+03 -5.269810481933176000e+15
7.745000000000000000e+03 -4.071126253933496000e+15
7.750000000000000000e+03 -3.392725721829712000e+15
7.755000000000000000e+03 -4.081645325569176000e+15
7.760000000000000000e+03 -4.967356106844800000e+15
7.765000000000000000e+03 -5.632336047965616000e+15
7.770000000000000000e+03 -7.049649401039528000e+15
7.775000000000000000e+03 -7.120703749776520000e+15
7.780000000000000000e+03 -5.475304227723632000e+15
7.785000000000000000e+03 -5.017303593870408000e+15
7.790000000000000000e+03 -5.360248674667792000e+15
7.795000000000000000e+03 -6.022568207984112000e+15
7.800000000000000000e+03 -9.512447799900880000e+15
7.805000000000000000e+03 -8.169269741337216000e+15
7.810000000000000000e+03 -8.472841571540329000e+15
7.815000000000000000e+03 -8.158677696055592000e+15
7.820000000000000000e+03 -9.649969497957712000e+15
7.825000000000000000e+03 -6.985816814726208000e+15
7.830000000000000000e+03 -6.272163569447984000e+15
7.835000000000000000e+03 -5.964161355916560000e+15
7.840000000000000000e+03 -7.976704437291152000e+15
7.845000000000000000e+03 -7.596053045029680000e+15
7.850000000000000000e+03 -6.908738340129328000e+15
7.855000000000000000e+03 -8.525115090006560000e+15
7.860000000000000000e+03 -6.595448056096400000e+15
7.865000000000000000e+03 -8.045150034900976000e+15
7.870000000000000000e+03 -9.884217296549072000e+15
7.875000000000000000e+03 -7.949149899781328000e+15
7.880000000000000000e+03 -8.551571344476848000e+15
7.885000000000000000e+03 -1.045840456697694400e+16
7.890000000000000000e+03 -1.165449001785392000e+16
7.895000000000000000e+03 -9.422469416132448000e+15
7.900000000000000000e+03 -7.655901116155648000e+15
7.905000000000000000e+03 -8.736523997546176000e+15
7.910000000000000000e+03 -7.902024987256920000e+15
7.915000000000000000e+03 -6.903199447263138000e+15
7.920000000000000000e+03 -9.459772654291786000e+15
7.925000000000000000e+03 -1.010736283159470400e+16
7.930000000000000000e+03 -1.056197548672801600e+16
7.935000000000000000e+03 -1.071935410254209600e+16
7.940000000000000000e+03 -9.806896684484666000e+15
7.945000000000000000e+03 -9.440120323235176000e+15
7.950000000000000000e+03 -8.229732021137392000e+15
7.955000000000000000e+03 -9.648724562338704000e+15
7.960000000000000000e+03 -1.051243513852484800e+16
7.965000000000000000e+03 -1.006394636226780800e+16
7.970000000000000000e+03 -1.101069306882529600e+16
7.975000000000000000e+03 -1.129558430119516800e+16
7.980000000000000000e+03 -9.156603950707360000e+15
7.985000000000000000e+03 -1.029179137005774400e+16
7.990000000000000000e+03 -9.118919036904848000e+15
7.995000000000000000e+03 -1.102441498832625600e+16
8.000000000000000000e+03 -1.206226859112766400e+16
8.005000000000000000e+03 -1.392451710718220800e+16
8.010000000000000000e+03 -1.298119742488112000e+16
8.015000000000000000e+03 -1.294640646145305600e+16
8.020000000000000000e+03 -1.374491827608710400e+16
8.025000000000000000e+03 -1.383815903677408000e+16
8.030000000000000000e+03 -1.484966261294230400e+16
8.035000000000000000e+03 -1.365464922664108800e+16
8.040000000000000000e+03 -1.437226505666272000e+16
8.045000000000000000e+03 -1.404225393510995200e+16
8.050000000000000000e+03 -1.576044267255401600e+16
8.055000000000000000e+03 -1.423921897735792000e+16
8.060000000000000000e+03 -1.510824935205040000e+16
8.065000000000000000e+03 -1.421223403013520000e+16
8.070000000000000000e+03 -1.596338576748758400e+16
8.075000000000000000e+03 -1.396452000838115200e+16
8.080000000000000000e+03 -1.609806286551068800e+16
8.085000000000000000e+03 -1.457449229185436800e+16
8.090000000000000000e+03 -1.504897540449520000e+16
8.095000000000000000e+03 -1.529992540827904000e+16
8.100000000000000000e+03 -1.566577498742704000e+16
8.105000000000000000e+03 -1.596192614629734400e+16
8.110000000000000000e+03 -1.487358659685945600e+16
8.115000000000000000e+03 -1.544085612086400000e+16
8.120000000000000000e+03 -1.502624551666105600e+16
8.125000000000000000e+03 -1.824496654859516800e+16
8.130000000000000000e+03 -1.460142538831692800e+16
8.135000000000000000e+03 -1.191096926309913600e+16
8.140000000000000000e+03 -1.174319476891328000e+16
8.145000000000000000e+03 -1.491244480922828800e+16
8.150000000000000000e+03 -1.403912652852787200e+16
8.155000000000000000e+03 -1.429865163337676800e+16
8.160000000000000000e+03 -1.567465333878076800e+16
8.165000000000000000e+03 -1.043978083950278400e+16
8.170000000000000000e+03 -1.134477129345196800e+16
8.175000000000000000e+03 -1.294342579234099200e+16
8.180000000000000000e+03 -1.896054302722073600e+16
8.185000000000000000e+03 -1.958931887749936000e+16
8.190000000000000000e+03 -5.000806980772320000e+15
8.195000000000000000e+03 -2.375292962829299200e+16
8.200000000000000000e+03 -1.248694650820454400e+16
8.205000000000000000e+03 -1.154868061185660800e+16
8.210000000000000000e+03 -1.338116411347059200e+16
8.215000000000000000e+03 -1.430380705256330600e+16
8.220000000000000000e+03 -1.601846788100137600e+16
8.225000000000000000e+03 -2.323156540403104000e+16
8.230000000000000000e+03 -2.583525379460204800e+16
8.235000000000000000e+03 -2.727269635327011200e+16
8.240000000000000000e+03 -2.492218804304697600e+16
8.245000000000000000e+03 -2.555934449974243200e+16
8.250000000000000000e+03 -2.056345708001280000e+16
8.255000000000000000e+03 -2.223796164049152000e+16
8.260000000000000000e+03 -2.490272256091676800e+16
8.265000000000000000e+03 -2.755447091515766400e+16
8.270000000000000000e+03 -2.812936887388291200e+16
8.275000000000000000e+03 -2.500566882876537600e+16
8.280000000000000000e+03 -2.240705697398550400e+16
8.285000000000000000e+03 -1.980918721655248000e+16
8.290000000000000000e+03 -2.072289922484851200e+16
8.295000000000000000e+03 -1.493096443793084800e+16
8.300000000000000000e+03 -1.615357930323221000e+16
8.305000000000000000e+03 -1.831579200049011200e+16
8.310000000000000000e+03 -1.586818543302441600e+16
8.315000000000000000e+03 -1.810133122168438400e+16
8.320000000000000000e+03 -1.791229404872192000e+16
8.325000000000000000e+03 -1.455730970800256000e+16
8.330000000000000000e+03 -1.821439866371196800e+16
8.335000000000000000e+03 -1.406082903879264000e+16
8.340000000000000000e+03 -8.970223250404715000e+15
8.345000000000000000e+03 -5.725976911894016000e+15
8.350000000000000000e+03 -6.602519044836416000e+15
8.355000000000000000e+03 -9.652334131652896000e+15
8.360000000000000000e+03 -1.157034829284681600e+16
8.365000000000000000e+03 0.000000000000000000e+00
8.370000000000000000e+03 0.000000000000000000e+00
8.375000000000000000e+03 0.000000000000000000e+00
8.380000000000000000e+03 0.000000000000000000e+00
8.385000000000000000e+03 0.000000000000000000e+00
8.390000000000000000e+03 0.000000000000000000e+00
8.395000000000000000e+03 0.000000000000000000e+00
8.400000000000000000e+03 0.000000000000000000e+00
8.405000000000000000e+03 0.000000000000000000e+00
8.410000000000000000e+03 0.000000000000000000e+00
8.415000000000000000e+03 0.000000000000000000e+00
8.420000000000000000e+03 0.000000000000000000e+00
8.425000000000000000e+03 0.000000000000000000e+00
8.430000000000000000e+03 0.000000000000000000e+00
8.435000000000000000e+03 0.000000000000000000e+00
8.440000000000000000e+03 0.000000000000000000e+00
8.445000000000000000e+03 0.000000000000000000e+00
8.450000000000000000e+03 0.000000000000000000e+00
8.455000000000000000e+03 0.000000000000000000e+00
8.460000000000000000e+03 0.000000000000000000e+00
8.465000000000000000e+03 0.000000000000000000e+00
8.470000000000000000e+03 0.000000000000000000e+00
8.475000000000000000e+03 0.000000000000000000e+00
8.480000000000000000e+03 0.000000000000000000e+00
8.485000000000000000e+03 0.000000000000000000e+00
8.490000000000000000e+03 0.000000000000000000e+00
8.495000000000000000e+03 0.000000000000000000e+00
8.500000000000000000e+03 0.000000000000000000e+00
8.505000000000000000e+03 0.000000000000000000e+00
8.510000000000000000e+03 0.000000000000000000e+00
8.515000000000000000e+03 0.000000000000000000e+00
8.520000000000000000e+03 0.000000000000000000e+00
8.525000000000000000e+03 0.000000000000000000e+00
8.530000000000000000e+03 0.000000000000000000e+00
8.535000000000000000e+03 0.000000000000000000e+00
8.540000000000000000e+03 0.000000000000000000e+00
8.545000000000000000e+03 0.000000000000000000e+00
8.550000000000000000e+03 0.000000000000000000e+00
8.555000000000000000e+03 0.000000000000000000e+00
8.560000000000000000e+03 0.000000000000000000e+00
8.565000000000000000e+03 0.000000000000000000e+00
8.570000000000000000e+03 0.000000000000000000e+00
8.575000000000000000e+03 0.000000000000000000e+00
8.580000000000000000e+03 0.000000000000000000e+00
8.585000000000000000e+03 0.000000000000000000e+00
8.590000000000000000e+03 0.000000000000000000e+00
8.595000000000000000e+03 0.000000000000000000e+00
8.600000000000000000e+03 0.000000000000000000e+00
8.605000000000000000e+03 0.000000000000000000e+00
8.610000000000000000e+03 0.000000000000000000e+00
8.615000000000000000e+03 0.000000000000000000e+00
8.620000000000000000e+03 0.000000000000000000e+00
8.625000000000000000e+03 0.000000000000000000e+00
8.630000000000000000e+03 0.000000000000000000e+00
8.635000000000000000e+03 0.000000000000000000e+00
8.640000000000000000e+03 0.000000000000000000e+00
8.645000000000000000e+03 0.000000000000000000e+00
8.650000000000000000e+03 0.000000000000000000e+00
8.655000000000000000e+03 0.000000000000000000e+00
8.660000000000000000e+03 0.000000000000000000e+00
8.665000000000000000e+03 0.000000000000000000e+00
8.670000000000000000e+03 0.000000000000000000e+00
8.675000000000000000e+03 0.000000000000000000e+00
