3.500000000000000000e+03 1.625071116612854492e+13
3.505000000000000000e+03 2.678716315835400781e+13
3.510000000000000000e+03 -6.201761913815635938e+13
3.515000000000000000e+03 -5.895472586588594727e+12
3.520000000000000000e+03 4.068641730968497500e+14
3.525000000000000000e+03 3.827982249000465625e+13
3.530000000000000000e+03 -2.958265469916120625e+14
3.535000000000000000e+03 -1.156907106105863672e+13
3.540000000000000000e+03 6.319929475945000000e+11
3.545000000000000000e+03 7.377820821981045312e+13
3.550000000000000000e+03 -1.646394278331984375e+14
3.555000000000000000e+03 3.987390236878462500e+13
3.560000000000000000e+03 -9.126157365299739062e+13
3.565000000000000000e+03 -3.503928228793612500e+13
3.570000000000000000e+03 -5.839202605987436719e+13
3.575000000000000000e+03 -2.862788294331020312e+13
3.580000000000000000e+03 3.161912618452763281e+13
3.585000000000000000e+03 7.210431172067450000e+13
3.590000000000000000e+03 1.505160106846021250e+14
3.595000000000000000e+03 1.849421448959299688e+14
3.600000000000000000e+03 -7.025312037726496875e+13
3.605000000000000000e+03 -4.120314563680478125e+13
3.610000000000000000e+03 7.883902458300084375e+13
3.615000000000000000e+03 5.390429764017325000e+13
3.620000000000000000e+03 5.819529345019533594e+13
3.625000000000000000e+03 -5.492586882174152344e+13
3.630000000000000000e+03 2.624408660331410312e+14
3.635000000000000000e+03 6.058784888749567969e+13
3.640000000000000000e+03 -5.189099570740431641e+12
3.645000000000000000e+03 -8.288707009660409180e+12
3.650000000000000000e+03 4.164524708054330000e+14
3.655000000000000000e+03 2.013869574409110000e+14
3.660000000000000000e+03 3.722060643769071875e+14
3.665000000000000000e+03 -1.501930575677227812e+14
3.670000000000000000e+03 -1.190460513585182969e+14
3.675000000000000000e+03 -1.025564341701204844e+14
3.680000000000000000e+03 4.266108355798281875e+14
3.685000000000000000e+03 8.015085187068807812e+13
3.690000000000000000e+03 3.347486295545598750e+14
3.695000000000000000e+03 -1.900764633867387500e+13
3.700000000000000000e+03 1.107841200398222500e+14
3.705000000000000000e+03 1.417365772696226250e+14
3.710000000000000000e+03 4.337473851667410625e+14
3.715000000000000000e+03 2.812216697217937500e+13
3.720000000000000000e+03 3.428981524081193750e+14
3.725000000000000000e+03 -2.711039483717333125e+14
3.730000000000000000e+03 -1.474572538817944375e+14
3.735000000000000000e+03 2.171021724419468125e+14
3.740000000000000000e+03 1.278953105677376250e+14
3.745000000000000000e+03 2.072064196209006875e+14
3.750000000000000000e+03 1.671508594579711562e+14
3.755000000000000000e+03 -1.062299826035688594e+14
3.760000000000000000e+03 4.710313580716425000e+13
3.765000000000000000e+03 4.566715454073037500e+13
3.770000000000000000e+03 1.083668507778933438e+14
3.775000000000000000e+03 -8.871056951176178125e+13
3.780000000000000000e+03 6.089972924917791016e+12
3.785000000000000000e+03 4.433343088894978906e+13
3.790000000000000000e+03 5.079550702322799219e+13
3.795000000000000000e+03 1.571495645473746875e+14
3.800000000000000000e+03 2.061408972350860000e+14
3.805000000000000000e+03 1.585064448584124609e+13
3.810000000000000000e+03 3.032683782644500000e+13
3.815000000000000000e+03 1.107934022482216875e+14
3.820000000000000000e+03 1.550011781578611250e+14
3.825000000000000000e+03 1.997077892714125000e+14
3.830000000000000000e+03 1.141750008724921250e+14
3.835000000000000000e+03 3.957010024321248750e+14
3.840000000000000000e+03 2.171552462602058750e+14
3.845000000000000000e+03 6.224549700162949219e+12
3.850000000000000000e+03 8.630972007409900000e+13
3.855000000000000000e+03 1.431186329337321875e+14
3.860000000000000000e+03 2.398127278757207500e+14
3.865000000000000000e+03 6.002052970156887500e+13
3.870000000000000000e+03 1.100313672912433750e+14
3.875000000000000000e+03 1.653414157976176562e+14
3.880000000000000000e+03 1.544809113892873750e+14
3.885000000000000000e+03 4.089303038501687500e+14
3.890000000000000000e+03 4.080960024713684375e+14
3.895000000000000000e+03 7.595529929397206250e+13
3.900000000000000000e+03 9.573920420051378125e+13
3.905000000000000000e+03 1.155724766478536875e+14
3.910000000000000000e+03 6.803794059134356250e+13
3.915000000000000000e+03 4.564450385063168750e+13
3.920000000000000000e+03 1.360579587299455625e+14
3.925000000000000000e+03 1.125714945464625156e+14
3.930000000000000000e+03 6.769521430791738750e+14
3.935000000000000000e+03 9.423789555731260000e+14
3.940000000000000000e+03 9.973247237716168750e+13
3.945000000000000000e+03 7.759688328694700000e+13
3.950000000000000000e+03 3.609921554562310156e+13
3.955000000000000000e+03 -2.902271466107228906e+13
3.960000000000000000e+03 5.236945118643818750e+13
3.965000000000000000e+03 5.540516750624853750e+14
3.970000000000000000e+03 1.067264952158998750e+15
3.975000000000000000e+03 7.008590297105237500e+13
3.980000000000000000e+03 4.243499024378812500e+13
3.985000000000000000e+03 4.227672075694329688e+13
3.990000000000000000e+03 3.370334808416187500e+13
3.995000000000000000e+03 2.936499286099862500e+13
4.000000000000000000e+03 5.844934358357942969e+13
4.005000000000000000e+03 9.427105417921575000e+13
4.010000000000000000e+03 2.990933955764481250e+13
4.015000000000000000e+03 -6.833573181461250000e+11
4.020000000000000000e+03 4.485978281471128906e+13
4.025000000000000000e+03 6.053508695268218750e+13
4.030000000000000000e+03 9.206551738750825000e+13
4.035000000000000000e+03 7.633855540629275000e+13
4.040000000000000000e+03 -3.527880903512437500e+12
4.045000000000000000e+03 5.529646229133206250e+13
4.050000000000000000e+03 6.465715920090037500e+13
4.055000000000000000e+03 3.045763385495409766e+13
4.060000000000000000e+03 5.221219459312575000e+13
4.065000000000000000e+03 8.375738531662515625e+13
4.070000000000000000e+03 -2.287471424422481250e+13
4.075000000000000000e+03 3.846451748057062500e+13
4.080000000000000000e+03 2.416006063667375000e+13
4.085000000000000000e+03 2.525119702763787891e+13
4.090000000000000000e+03 4.315001739187987500e+13
4.095000000000000000e+03 1.852545938655175000e+13
4.100000000000000000e+03 6.867381616745141250e+14
4.105000000000000000e+03 3.294870161626974375e+14
4.110000000000000000e+03 2.292181099801136328e+13
4.115000000000000000e+03 3.048987374979456250e+13
4.120000000000000000e+03 7.126427057228368750e+13
4.125000000000000000e+03 6.905591629593921094e+13
4.130000000000000000e+03 1.059159081847269219e+14
4.135000000000000000e+03 1.127706377872529844e+14
4.140000000000000000e+03 1.154649443315227188e+14
4.145000000000000000e+03 1.321123254745140938e+14
4.150000000000000000e+03 8.306298515457131250e+13
4.155000000000000000e+03 6.527738021095175000e+13
4.160000000000000000e+03 3.948399636505312500e+13
4.165000000000000000e+03 -8.265120153963750000e+12
4.170000000000000000e+03 3.914606889589125000e+13
4.175000000000000000e+03 1.628117861029165000e+14
4.180000000000000000e+03 6.699997268957730469e+13
4.185000000000000000e+03 5.424726663425237500e+13
4.190000000000000000e+03 1.112768484854146250e+14
4.195000000000000000e+03 4.540995400097150000e+13
4.200000000000000000e+03 1.001611776190073750e+14
4.205000000000000000e+03 1.292639836448695312e+14
4.210000000000000000e+03 1.005041262538514688e+14
4.215000000000000000e+03 2.116367058088838125e+14
4.220000000000000000e+03 8.358121320526350000e+13
4.225000000000000000e+03 1.767902127451083125e+14
4.230000000000000000e+03 1.126919994432310781e+14
4.235000000000000000e+03 8.617646038427393750e+13
4.240000000000000000e+03 8.529408253062643750e+13
4.245000000000000000e+03 8.751358091908806250e+13
4.250000000000000000e+03 1.781445268562466875e+14
4.255000000000000000e+03 1.622034731124961875e+14
4.260000000000000000e+03 7.735226191959425000e+13
4.265000000000000000e+03 9.236563372474787500e+13
4.270000000000000000e+03 2.032692301760544688e+14
4.275000000000000000e+03 1.126521942622868438e+14
4.280000000000000000e+03 6.927616578250381250e+13
4.285000000000000000e+03 1.248210264294253125e+14
4.290000000000000000e+03 2.424966726854841875e+14
4.295000000000000000e+03 1.780382207722038125e+14
4.300000000000000000e+03 1.204506590028502500e+14
4.305000000000000000e+03 1.696290677441873438e+14
4.310000000000000000e+03 1.666412193460985000e+14
4.315000000000000000e+03 7.987189154560762500e+13
4.320000000000000000e+03 4.535864835789668750e+13
4.325000000000000000e+03 1.669797823267192500e+14
4.330000000000000000e+03 6.398600294842862500e+13
4.335000000000000000e+03 3.775312127845485000e+14
4.340000000000000000e+03 1.293936017317244000e+15
4.345000000000000000e+03 1.300337662576699375e+14
4.350000000000000000e+03 1.086786492972962500e+14
4.355000000000000000e+03 6.490294379131675000e+13
4.360000000000000000e+03 -6.541444446565000000e+11
4.365000000000000000e+03 5.243707917856625000e+13
4.370000000000000000e+03 9.565103691877537500e+13
4.375000000000000000e+03 2.030738390141588750e+14
4.380000000000000000e+03 1.306300189650893750e+14
4.385000000000000000e+03 1.460736006597843125e+14
4.390000000000000000e+03 8.528825500396862500e+13
4.395000000000000000e+03 5.957266377934857031e+13
4.400000000000000000e+03 7.504925223266817188e+13
4.405000000000000000e+03 1.134565054476873750e+14
4.410000000000000000e+03 6.636580471085100000e+13
4.415000000000000000e+03 5.960418470839187500e+13
4.420000000000000000e+03 4.351692066557175000e+13
4.425000000000000000e+03 1.842885524365557500e+14
4.430000000000000000e+03 8.903654918705500000e+13
4.435000000000000000e+03 5.262745902814950000e+13
4.440000000000000000e+03 8.098155348044665625e+13
4.445000000000000000e+03 4.109739112324793750e+13
4.450000000000000000e+03 7.847629583314837500e+13
4.455000000000000000e+03 2.388232679050598828e+13
4.460000000000000000e+03 4.063606856558725000e+13
4.465000000000000000e+03 7.529827744029225000e+13
4.470000000000000000e+03 1.272677382732380625e+14
4.475000000000000000e+03 -6.166757850963750000e+12
4.480000000000000000e+03 9.835012241081368750e+13
4.485000000000000000e+03 1.230954419059423750e+14
4.490000000000000000e+03 7.337221250520462500e+13
4.495000000000000000e+03 8.697596495039250000e+12
4.500000000000000000e+03 7.126285646837787500e+13
4.505000000000000000e+03 4.183379995992600000e+13
4.510000000000000000e+03 7.834735347281350000e+13
4.515000000000000000e+03 5.141121640157537500e+13
4.520000000000000000e+03 1.010846692801681094e+14
4.525000000000000000e+03 2.455130177123712500e+13
4.530000000000000000e+03 7.692037898858725000e+13
4.535000000000000000e+03 2.594196858409862500e+13
4.540000000000000000e+03 3.088780558738750000e+13
4.545000000000000000e+03 5.106525243241375000e+12
4.550000000000000000e+03 7.676131688426937500e+13
4.555000000000000000e+03 1.604618329391600000e+13
4.560000000000000000e+03 1.393465013447200000e+13
4.565000000000000000e+03 1.675564717029900000e+13
4.570000000000000000e+03 -5.199871175927375000e+12
4.575000000000000000e+03 -1.296718437355650977e+13
4.580000000000000000e+03 -1.939291971141537500e+13
4.585000000000000000e+03 3.525821150959475000e+13
4.590000000000000000e+03 1.310646063437838750e+14
4.595000000000000000e+03 1.079020469594856250e+14
4.600000000000000000e+03 1.284013324319463750e+14
4.605000000000000000e+03 5.094719266075350000e+13
4.610000000000000000e+03 2.420241260988412500e+13
4.615000000000000000e+03 3.375400762880962500e+13
4.620000000000000000e+03 9.981667020940137500e+13
4.625000000000000000e+03 -1.339238446069150000e+13
4.630000000000000000e+03 7.522677321719775000e+13
4.635000000000000000e+03 7.674877290153800000e+13
4.640000000000000000e+03 5.882011862225475000e+13
4.645000000000000000e+03 4.803034980831275000e+13
4.650000000000000000e+03 6.979532884336437500e+13
4.655000000000000000e+03 7.078657939087125000e+13
4.660000000000000000e+03 7.118107942784712500e+13
4.665000000000000000e+03 1.161137008353162500e+14
4.670000000000000000e+03 3.623218011679525000e+13
4.675000000000000000e+03 3.911424456791143750e+13
4.680000000000000000e+03 1.564449121497062812e+14
4.685000000000000000e+03 1.092966069942029375e+14
4.690000000000000000e+03 2.500073315804550000e+13
4.695000000000000000e+03 6.719315520755450000e+13
4.700000000000000000e+03 1.412818031293132500e+14
4.705000000000000000e+03 7.070480930147300000e+13
4.710000000000000000e+03 8.942492910860962500e+13
4.715000000000000000e+03 5.457498555166078125e+13
4.720000000000000000e+03 3.912035421067512500e+13
4.725000000000000000e+03 1.614755919659575000e+13
4.730000000000000000e+03 3.676704927673900000e+13
4.735000000000000000e+03 4.167534514677187500e+13
4.740000000000000000e+03 1.354139959181586250e+14
4.745000000000000000e+03 1.522400759416160000e+14
4.750000000000000000e+03 9.733994406316750000e+12
4.755000000000000000e+03 7.685700319300812500e+13
4.760000000000000000e+03 1.380015944366650000e+13
4.765000000000000000e+03 7.096590927880350000e+13
4.770000000000000000e+03 1.337811048263483750e+14
4.775000000000000000e+03 1.496654461127603438e+14
4.780000000000000000e+03 8.488353681229912500e+13
4.785000000000000000e+03 1.547480218372833750e+14
4.790000000000000000e+03 3.243056124668125000e+13
4.795000000000000000e+03 3.707858036315425000e+13
4.800000000000000000e+03 1.209842856080796250e+14
4.805000000000000000e+03 9.186852369502835938e+13
4.810000000000000000e+03 9.740486470949212500e+13
4.815000000000000000e+03 1.098118670053768750e+14
4.820000000000000000e+03 5.697204766009762500e+13
4.825000000000000000e+03 1.316952338932292500e+14
4.830000000000000000e+03 5.440861803646662500e+13
4.835000000000000000e+03 2.661522625184000000e+13
4.840000000000000000e+03 -1.866987849219300000e+13
4.845000000000000000e+03 1.371078972780460000e+14
4.850000000000000000e+03 1.024398141255778750e+14
4.855000000000000000e+03 1.734478581330620000e+14
4.860000000000000000e+03 2.557282048636250000e+15
4.865000000000000000e+03 8.938703305910890000e+14
4.870000000000000000e+03 2.842838802986800000e+13
4.875000000000000000e+03 1.904240793622800000e+13
4.880000000000000000e+03 9.646316586488675000e+13
4.885000000000000000e+03 7.724670765394900000e+13
4.890000000000000000e+03 1.497014205274752500e+14
4.895000000000000000e+03 4.199147143123912500e+13
4.900000000000000000e+03 1.112147958153000000e+13
4.905000000000000000e+03 -2.275080526581950000e+13
4.910000000000000000e+03 -2.624562211559000000e+12
4.915000000000000000e+03 -1.461716349698917500e+14
4.920000000000000000e+03 -1.702252718485625000e+13
4.925000000000000000e+03 -1.576699284019475000e+13
4.930000000000000000e+03 -1.612873961917147500e+14
4.935000000000000000e+03 -9.565074589198000000e+13
4.940000000000000000e+03 -2.532309970304742500e+14
4.945000000000000000e+03 -2.943644817477468750e+14
4.950000000000000000e+03 -2.933052847393498125e+14
4.955000000000000000e+03 -3.490284432401750000e+13
4.960000000000000000e+03 1.808532796659272500e+14
4.965000000000000000e+03 2.431864858733795000e+14
4.970000000000000000e+03 1.698611143579743750e+14
4.975000000000000000e+03 1.783252628122467500e+14
4.980000000000000000e+03 7.128345279219100000e+13
4.985000000000000000e+03 1.089216989484491250e+14
4.990000000000000000e+03 1.118573634758537500e+14
4.995000000000000000e+03 2.821931637986007500e+14
5.000000000000000000e+03 1.839950009598228750e+14
5.005000000000000000e+03 2.304928948033687500e+14
5.010000000000000000e+03 3.032754965850501250e+14
5.015000000000000000e+03 2.159380419576787500e+14
5.020000000000000000e+03 1.860568960684532500e+14
5.025000000000000000e+03 1.818564064209770000e+14
5.030000000000000000e+03 4.985346738596688281e+13
5.035000000000000000e+03 1.909842148256738750e+14
5.040000000000000000e+03 2.831296657324997500e+14
5.045000000000000000e+03 1.432008059711370000e+14
5.050000000000000000e+03 2.364969904047755000e+14
5.055000000000000000e+03 6.968921357271275000e+13
5.060000000000000000e+03 1.380013663671812500e+14
5.065000000000000000e+03 1.427537370724025000e+14
5.070000000000000000e+03 1.531008547201147500e+14
5.075000000000000000e+03 1.592626464579390000e+14
5.080000000000000000e+03 -9.819751341472500000e+12
5.085000000000000000e+03 -4.514262960193750000e+13
5.090000000000000000e+03 -8.499336926833200000e+13
5.095000000000000000e+03 -1.699610493624550000e+13
5.100000000000000000e+03 8.075627615839750000e+13
5.105000000000000000e+03 1.405779261322197500e+14
5.110000000000000000e+03 4.053225051352142500e+14
5.115000000000000000e+03 9.035564859903050000e+13
5.120000000000000000e+03 -1.083077807583107500e+14
5.125000000000000000e+03 -1.351989852145184219e+14
5.130000000000000000e+03 -3.989547780484250000e+13
5.135000000000000000e+03 -2.726529825741070000e+14
5.140000000000000000e+03 -3.022186695159431250e+14
5.145000000000000000e+03 -2.750092128210630000e+14
5.150000000000000000e+03 -2.289829413739449375e+14
5.155000000000000000e+03 -3.007186351633769375e+14
5.160000000000000000e+03 -4.008154347227519375e+14
5.165000000000000000e+03 5.727630346802110000e+14
5.170000000000000000e+03 9.421948281720057500e+14
5.175000000000000000e+03 5.078390599385712500e+14
5.180000000000000000e+03 2.705238145564477500e+14
5.185000000000000000e+03 3.373938599676455000e+14
5.190000000000000000e+03 3.020036559904639375e+14
5.195000000000000000e+03 3.160738769972837500e+14
5.200000000000000000e+03 3.164775806411287500e+14
5.205000000000000000e+03 5.286079164279897500e+14
5.210000000000000000e+03 1.053713888750610000e+14
5.215000000000000000e+03 -1.582132219453875312e+14
5.220000000000000000e+03 -9.852768368835545312e+13
5.225000000000000000e+03 1.835666239258840000e+14
5.230000000000000000e+03 2.564470457394360000e+14
5.235000000000000000e+03 5.775656639957900000e+13
5.240000000000000000e+03 -3.243597936335000000e+11
5.245000000000000000e+03 4.070319046789900000e+13
5.250000000000000000e+03 1.443177406708900000e+14
5.255000000000000000e+03 -8.440847777998000000e+13
5.260000000000000000e+03 -6.939703285138400000e+13
5.265000000000000000e+03 3.662420032725910000e+14
5.270000000000000000e+03 1.069186387674859250e+15
5.275000000000000000e+03 4.220612824257115000e+14
5.280000000000000000e+03 1.632946635463440000e+14
5.285000000000000000e+03 1.915859607734000000e+12
5.290000000000000000e+03 -2.820246099524780000e+14
5.295000000000000000e+03 1.466269134032560000e+14
5.300000000000000000e+03 1.583333770922645000e+14
5.305000000000000000e+03 1.128737684582587500e+14
5.310000000000000000e+03 2.739024824103420000e+14
5.315000000000000000e+03 4.438658503880450000e+13
5.320000000000000000e+03 9.710909413230700000e+13
5.325000000000000000e+03 7.184502131952175000e+14
5.330000000000000000e+03 1.016778348593902500e+15
5.335000000000000000e+03 2.368171142945572500e+14
5.340000000000000000e+03 2.776981935835255000e+14
5.345000000000000000e+03 4.993670321497475000e+13
5.350000000000000000e+03 1.432442353580545000e+14
5.355000000000000000e+03 9.905809034235475000e+13
5.360000000000000000e+03 3.735187836357700000e+13
5.365000000000000000e+03 3.711267338634230000e+14
5.370000000000000000e+03 7.915891485760632500e+14
5.375000000000000000e+03 3.907860267713975000e+14
5.380000000000000000e+03 3.117986022525310000e+14
5.385000000000000000e+03 1.270861057634690000e+14
5.390000000000000000e+03 3.724787106756105000e+14
5.395000000000000000e+03 6.429874574251405000e+14
5.400000000000000000e+03 5.659397156193980000e+14
5.405000000000000000e+03 5.199476092397335000e+14
5.410000000000000000e+03 1.316047651140360000e+14
5.415000000000000000e+03 -9.960379522193742188e+13
5.420000000000000000e+03 -2.711434168154510000e+14
5.425000000000000000e+03 -7.037397171611000000e+12
5.430000000000000000e+03 4.063110570172150000e+14
5.435000000000000000e+03 1.854227015970190000e+14
5.440000000000000000e+03 -5.257539700367600000e+13
5.445000000000000000e+03 2.649625609341190000e+14
5.450000000000000000e+03 2.979440907335067500e+14
5.455000000000000000e+03 7.154335542123755000e+14
5.460000000000000000e+03 2.936162103085602500e+14
5.465000000000000000e+03 2.679076490875910000e+14
5.470000000000000000e+03 2.199870372637615000e+14
5.475000000000000000e+03 4.583874756542995000e+14
5.480000000000000000e+03 4.691426168684707500e+14
5.485000000000000000e+03 1.304270316072200000e+14
5.490000000000000000e+03 4.605266914708455000e+14
5.495000000000000000e+03 4.528868492296900000e+14
5.500000000000000000e+03 7.019222292309047500e+14
5.505000000000000000e+03 7.180068775254110000e+14
5.510000000000000000e+03 6.394462087990372500e+14
5.515000000000000000e+03 6.399429348265952500e+14
5.520000000000000000e+03 5.091761276762750000e+14
5.525000000000000000e+03 5.847770428581413750e+14
5.530000000000000000e+03 4.592859815236615000e+14
5.535000000000000000e+03 5.276444202754425000e+14
5.540000000000000000e+03 6.154082424389677500e+14
5.545000000000000000e+03 6.197703562381175000e+14
5.550000000000000000e+03 5.651428477467983750e+14
5.555000000000000000e+03 5.309667668167048750e+14
5.560000000000000000e+03 5.612899392437107500e+14
5.565000000000000000e+03 7.043923018022315000e+14
5.570000000000000000e+03 5.827053907192842500e+14
5.575000000000000000e+03 8.728462760067945000e+14
5.580000000000000000e+03 7.055259469872610000e+14
5.585000000000000000e+03 6.830584251545722500e+14
5.590000000000000000e+03 4.386301480319455000e+14
5.595000000000000000e+03 3.786565101920955000e+14
