#
# Output from LIGHT
#
# Phase versus MJY
  -1.1972829937074      1.0214E+16  7.2359E+11
  -1.1188165162659      1.1245E+16  7.9698E+11
  -1.1015485503802      1.2632E+16  8.9544E+11
  -1.0842721426855      9.8491E+15  6.9960E+11
  -1.0669619991807      1.4071E+16  9.8902E+11
  -1.0496940332950      1.4128E+16  9.9263E+11
  -1.0323923237427      1.0341E+16  7.6001E+11
  -1.0151159160479      1.0926E+16  7.7581E+11
 -0.99782264437640      1.3565E+16  9.4971E+11
 -0.98056311244323      1.1336E+16  8.0730E+11
 -0.96326983684345      1.1492E+16  8.1348E+11
 -0.94598499912444      9.7138E+15  6.9983E+11
 -0.92870859535797      1.2072E+16  8.5532E+11
 -0.91141532368644      1.0876E+16  7.7112E+11
 -0.89411361413412      1.0782E+16  7.6212E+11
 -0.87684564432018      1.2391E+16  8.8305E+11
 -0.85921493991070      1.1256E+16  7.9406E+11
 -0.84227596888217      1.0407E+16  7.3327E+11
 -0.82497425932985      1.2265E+16  8.6962E+11
 -0.80758819061099      1.1966E+16  8.7232E+11
 -0.79035396839192      1.2610E+16  8.9087E+11
 -0.77306913067291      1.0801E+16  7.7727E+11
 -0.75578428902566      9.3895E+15  6.8015E+11
 -0.73850788525918      9.5930E+15  6.8003E+11
 -0.72120617570687      1.2883E+16  9.2044E+11
 -0.70390446615456      1.1418E+16  8.1053E+11
 -0.68664493814964      1.1424E+16  8.0541E+11
 -0.66934322859733      9.0745E+15  6.6471E+11
 -0.65207526271163      1.3036E+16  9.2808E+11
 -0.63476511527854      1.0234E+16  7.2568E+11
 -0.61738748444046      1.0639E+16  7.6400E+11
 -0.60015326222138      1.0780E+16  7.7047E+11
 -0.58285155266907      9.7660E+15  6.8985E+11
 -0.56546548395021      1.0838E+16  7.8124E+11
 -0.54822282777860      1.1844E+16  8.3945E+11
 -0.53093799005960      1.0134E+16  7.3114E+11
 -0.51366158629312      1.0304E+16  7.6006E+11
 -0.49637674857412      1.0775E+16  7.6376E+11
 -0.47909191085511      9.2590E+15  6.6980E+11
 -0.46181551101689      1.0892E+16  7.7908E+11
 -0.44452223541710      9.0208E+15  6.4086E+11
 -0.42550806817400      1.1346E+16  7.9550E+11
 -0.40824010228830      1.4748E+16  1.0481E+12
 -0.39096370245008      1.0006E+16  7.1533E+11
 -0.37367886473107      1.1396E+16  8.0900E+11
 -0.35638559305954      1.1438E+16  8.1871E+11
 -0.33911762717384      1.0882E+16  7.7941E+11
 -0.32149536064515      1.2432E+16  8.8753E+11
 -0.30453107990253      1.1153E+16  8.0738E+11
 -0.28721249851690      1.1120E+16  8.0993E+11
 -0.26996984234530      1.0826E+16  7.5695E+11
 -0.25266813279298      1.0685E+16  7.5980E+11
 -0.23540860085982      1.0999E+16  7.8361E+11
 -0.21812376314081      1.1144E+16  7.8686E+11
 -0.20083892542181      1.1201E+16  7.9976E+11
 -0.18355408770281      1.0490E+16  7.5731E+11
 -0.16628612574536      1.3041E+16  9.2182E+11
 -0.14900128802636      1.2428E+16  8.6843E+11
 -0.13171645030735      1.1496E+16  8.1484E+11
 -0.11444005046913      1.3257E+16  9.5447E+11
  1.43737452805026E-02  1.2622E+16  8.9611E+11
  3.16332732854177E-02  1.1452E+16  8.1420E+11
  4.89096731236423E-02  1.2979E+16  9.1740E+11
  6.61860729618669E-02  1.2288E+16  8.7006E+11
  8.34877825141808E-02  1.0496E+16  7.4218E+11
  0.10075574839988      1.3015E+16  9.1860E+11
  0.11804058219063      1.3988E+16  1.0029E+12
  0.15263556734273      1.0416E+16  7.4861E+11
  0.17000476030003      1.2701E+16  9.1048E+11
  0.18725585435242      1.1171E+16  7.9069E+11
  0.20453225419064      1.1510E+16  8.1317E+11
  0.22182552586217      1.1149E+16  7.9696E+11
  0.23910192570040      1.0922E+16  7.7271E+11
  0.25637832946687      1.0986E+16  8.0158E+11
  0.27369690692425      1.0522E+16  7.4561E+11
  0.29095643492916      1.0719E+16  7.7324E+11
  0.30824127264817      1.0024E+16  7.1813E+11
  0.32551767248639      1.2900E+16  9.2095E+11
  0.34280251020540      1.2978E+16  9.0496E+11
  0.36075376766300      1.1131E+16  7.9417E+11
  0.37804703933454      1.0321E+16  7.4591E+11
  0.39531500522023      1.2364E+16  8.6589E+11
  0.41261671084429      1.2180E+16  8.7087E+11
  0.42990154856330      1.1640E+16  8.2052E+11
  0.44727917940138      1.0637E+16  7.5315E+11
  0.46452183557299      9.7409E+15  7.2182E+11
  0.48180666936374      1.1257E+16  8.1634E+11
  0.49909994496352      1.0292E+16  7.3157E+11
  0.51636790692097      1.1839E+16  8.3831E+11
  0.53366117859250      9.9368E+15  7.0231E+11
  0.55095445026404      1.2383E+16  8.8194E+11
  0.56823085010226      1.0799E+16  7.6170E+11
  0.58549881598796      1.1934E+16  8.4056E+11
  0.60280895949280      1.1754E+16  8.3222E+11
  0.62007692537850      1.1804E+16  8.4089E+11
  0.63735332128847      1.0478E+16  7.3572E+11
  0.65463815900747      1.1223E+16  8.1502E+11
  0.67192299279823      1.2741E+16  8.6552E+11
  0.68919939656470      9.7622E+15  7.4587E+11
  0.70703255118914      1.0293E+16  7.4362E+11
  0.72427521128900      1.1397E+16  8.4672E+11
  0.74156004507975      1.0795E+16  7.9526E+11
  0.75886175463207      1.1992E+16  8.6647E+11
  0.77612971658951      1.2359E+16  8.7378E+11
  0.79340611249949      1.2443E+16  8.8433E+11
  0.81071625993258      1.3023E+16  9.2280E+11
  0.82800952767586      1.1453E+16  8.1958E+11
  0.84537872063317      1.0197E+16  7.2374E+11
  0.86273947570969      1.2889E+16  9.1099E+11
  0.88010023864271      1.1440E+16  8.2205E+11
  0.89745255583845      1.2272E+16  8.8387E+11
  0.91481331484323      1.2867E+16  9.1770E+11
  0.93217406991975      1.2572E+16  8.8844E+11
  0.94941672609135      1.2513E+16  8.7929E+11
  0.96670999776289      1.2501E+16  8.8126E+11
  0.98401170338695      1.1035E+16  7.9497E+11
   1.0013049750585      1.2411E+16  8.7877E+11
   1.0186910359208      1.2646E+16  9.0631E+11
   1.0359421339015      1.1815E+16  8.4139E+11
   1.0535728304545      1.2223E+16  8.8413E+11
   1.0709588952451      1.3484E+16  9.5971E+11
   1.0882015514167      1.4220E+16  1.0048E+12
   1.1055032570407      1.1460E+16  8.1598E+11
