#
# Output from LIGHT
#
# Phase versus MJY
  -1.1972829937074      2.6373E+16  1.8609E+12
  -1.1188165162659      2.6892E+16  1.9019E+12
  -1.1015485503802      2.6430E+16  1.8650E+12
  -1.0842721426855      2.7207E+16  1.9181E+12
  -1.0669619991807      2.6944E+16  1.9069E+12
  -1.0496940332950      2.7244E+16  1.9272E+12
  -1.0323923237427      2.8869E+16  2.0399E+12
  -1.0151159160479      2.7680E+16  1.9500E+12
 -0.99782264437640      2.6835E+16  1.8975E+12
 -0.98056311244323      2.8576E+16  2.0132E+12
 -0.96326983684345      2.7613E+16  1.9469E+12
 -0.94598499912444      2.8092E+16  1.9797E+12
 -0.92870859535797      2.9209E+16  2.0599E+12
 -0.91141532368644      2.6638E+16  1.8780E+12
 -0.89411361413412      2.8423E+16  2.0028E+12
 -0.87684564432018      2.7311E+16  1.9282E+12
 -0.85921493991070      2.8885E+16  2.0325E+12
 -0.84227596888217      2.6438E+16  1.8659E+12
 -0.82497425932985      2.7064E+16  1.9066E+12
 -0.80758819061099      2.7502E+16  1.9414E+12
 -0.79035396839192      2.7153E+16  1.9324E+12
 -0.77306913067291      2.8349E+16  1.9976E+12
 -0.75578428902566      2.7016E+16  1.9082E+12
 -0.73850788525918      2.7471E+16  1.9322E+12
 -0.72120617570687      2.6542E+16  1.8711E+12
 -0.70390446615456      2.6189E+16  1.8452E+12
 -0.68664493814964      2.8145E+16  1.9821E+12
 -0.66934322859733      2.7013E+16  1.9034E+12
 -0.65207526271163      2.5001E+16  1.7670E+12
 -0.63476511527854      2.7919E+16  1.9643E+12
 -0.61738748444046      2.6115E+16  1.8437E+12
 -0.60015326222138      2.6762E+16  1.8886E+12
 -0.58285155266907      2.7184E+16  1.9194E+12
 -0.56546548395021      2.7205E+16  1.9238E+12
 -0.54822282777860      2.6909E+16  1.8967E+12
 -0.53093799005960      2.7441E+16  1.9368E+12
 -0.51366158629312      2.6605E+16  1.8788E+12
 -0.49637674857412      2.5711E+16  1.8156E+12
 -0.47909191085511      2.6341E+16  1.8529E+12
 -0.46181551101689      2.7110E+16  1.9197E+12
 -0.44452223541710      2.3074E+16  1.6436E+12
 -0.42550806817400      2.6468E+16  1.8643E+12
 -0.40824010228830      3.2238E+16  2.2726E+12
 -0.39096370245008      2.7041E+16  1.9048E+12
 -0.37367886473107      2.5680E+16  1.8148E+12
 -0.35638559305954      2.7201E+16  1.9172E+12
 -0.33911762717384      2.6681E+16  1.8807E+12
 -0.32149536064515      2.7031E+16  1.9048E+12
 -0.30453107990253      2.8182E+16  1.9839E+12
 -0.28721249851690      2.5377E+16  1.7913E+12
 -0.26996984234530      2.7684E+16  1.9482E+12
 -0.25266813279298      2.7170E+16  1.9153E+12
 -0.23540860085982      2.8561E+16  2.0106E+12
 -0.21812376314081      2.7030E+16  1.9032E+12
 -0.20083892542181      2.7167E+16  1.9183E+12
 -0.18355408770281      2.8656E+16  2.0127E+12
 -0.16628612574536      2.8670E+16  2.0260E+12
 -0.14900128802636      2.6877E+16  1.8946E+12
 -0.13171645030735      2.7123E+16  1.9200E+12
 -0.11444005046913      2.8217E+16  1.9897E+12
  1.43737452805026E-02  2.9185E+16  2.0551E+12
  3.16332732854177E-02  2.6930E+16  1.8996E+12
  4.89096731236423E-02  2.7564E+16  1.9442E+12
  6.61860729618669E-02  2.7757E+16  1.9536E+12
  8.34877825141808E-02  2.8023E+16  1.9775E+12
  0.10075574839988      2.8780E+16  2.0309E+12
  0.11804058219063      2.8676E+16  2.0220E+12
  0.15263556734273      2.9050E+16  2.0523E+12
  0.17000476030003      2.8394E+16  1.9970E+12
  0.18725585435242      2.8825E+16  2.0403E+12
  0.20453225419064      2.8507E+16  2.0054E+12
  0.22182552586217      2.7917E+16  1.9717E+12
  0.23910192570040      2.7937E+16  1.9626E+12
  0.25637832946687      2.8995E+16  2.0433E+12
  0.27369690692425      2.7138E+16  1.9173E+12
  0.29095643492916      2.8204E+16  1.9901E+12
  0.30824127264817      2.9597E+16  2.0948E+12
  0.32551767248639      3.0277E+16  2.1288E+12
  0.34280251020540      2.9032E+16  2.0512E+12
  0.36075376766300      2.8309E+16  1.9993E+12
  0.37804703933454      2.7670E+16  1.9510E+12
  0.39531500522023      2.7235E+16  1.9236E+12
  0.41261671084429      2.8369E+16  2.0042E+12
  0.42990154856330      2.6967E+16  1.9058E+12
  0.44727917940138      2.7926E+16  1.9712E+12
  0.46452183557299      2.7569E+16  1.9460E+12
  0.48180666936374      2.9032E+16  2.0461E+12
  0.49909994496352      2.8406E+16  1.9991E+12
  0.51636790692097      2.8835E+16  2.0392E+12
  0.53366117859250      2.8699E+16  2.0191E+12
  0.55095445026404      2.7695E+16  1.9488E+12
  0.56823085010226      2.9998E+16  2.1075E+12
  0.58549881598796      2.9106E+16  2.0430E+12
  0.60280895949280      2.6827E+16  1.8997E+12
  0.62007692537850      2.8633E+16  2.0122E+12
  0.63735332128847      2.8300E+16  1.9968E+12
  0.65463815900747      2.9266E+16  2.0624E+12
  0.67192299279823      2.7268E+16  1.9344E+12
  0.68919939656470      2.7764E+16  1.9658E+12
  0.70703255118914      2.7165E+16  1.9205E+12
  0.72427521128900      2.7462E+16  1.9497E+12
  0.74156004507975      2.8551E+16  2.0191E+12
  0.75886175463207      2.8476E+16  2.0135E+12
  0.77612971658951      2.8958E+16  2.0416E+12
  0.79340611249949      2.9665E+16  2.0874E+12
  0.81071625993258      2.8874E+16  2.0396E+12
  0.82800952767586      2.9204E+16  2.0615E+12
  0.84537872063317      2.7569E+16  1.9474E+12
  0.86273947570969      2.9849E+16  2.1055E+12
  0.88010023864271      2.7909E+16  1.9669E+12
  0.89745255583845      2.9655E+16  2.0897E+12
  0.91481331484323      3.0082E+16  2.1171E+12
  0.93217406991975      2.9214E+16  2.0569E+12
  0.94941672609135      2.9326E+16  2.0753E+12
  0.96670999776289      2.9856E+16  2.1032E+12
  0.98401170338695      2.9820E+16  2.0996E+12
   1.0013049750585      2.8991E+16  2.0466E+12
   1.0186910359208      2.9935E+16  2.1103E+12
   1.0359421339015      2.9450E+16  2.0772E+12
   1.0535728304545      2.9747E+16  2.0940E+12
   1.0709588952451      3.0038E+16  2.1177E+12
   1.0882015514167      3.0661E+16  2.1591E+12
   1.1055032570407      2.9210E+16  2.0587E+12
