#
# Output from LIGHT
#
# Phase versus MJY
  -1.1972829937074      3.6873E+16  2.5986E+12
  -1.1188165162659      3.6337E+16  2.5596E+12
  -1.1015485503802      3.6707E+16  2.5891E+12
  -1.0842721426855      3.7463E+16  2.6415E+12
  -1.0669619991807      3.7627E+16  2.6511E+12
  -1.0496940332950      3.6825E+16  2.5936E+12
  -1.0323923237427      3.8566E+16  2.7181E+12
  -1.0151159160479      3.8807E+16  2.7324E+12
 -0.99782264437640      3.8257E+16  2.6957E+12
 -0.98056311244323      3.7615E+16  2.6487E+12
 -0.96326983684345      3.6853E+16  2.5961E+12
 -0.94598499912444      3.8017E+16  2.6784E+12
 -0.92870859535797      3.7511E+16  2.6442E+12
 -0.91141532368644      3.7209E+16  2.6248E+12
 -0.89411361413412      3.6888E+16  2.5980E+12
 -0.87684564432018      3.8437E+16  2.7099E+12
 -0.85921493991070      3.8069E+16  2.6879E+12
 -0.84227596888217      3.7623E+16  2.6549E+12
 -0.82497425932985      3.6417E+16  2.5646E+12
 -0.80758819061099      3.3880E+16  2.3908E+12
 -0.79035396839192      3.8462E+16  2.7115E+12
 -0.77306913067291      3.7822E+16  2.6651E+12
 -0.75578428902566      3.7232E+16  2.6286E+12
 -0.73850788525918      3.7116E+16  2.6161E+12
 -0.72120617570687      3.5467E+16  2.5095E+12
 -0.70390446615456      3.7091E+16  2.6151E+12
 -0.68664493814964      3.6888E+16  2.5999E+12
 -0.66934322859733      3.7770E+16  2.6613E+12
 -0.65207526271163      3.6712E+16  2.5944E+12
 -0.63476511527854      3.6229E+16  2.5627E+12
 -0.61738748444046      3.7279E+16  2.6300E+12
 -0.60015326222138      3.6632E+16  2.5784E+12
 -0.58285155266907      3.7252E+16  2.6222E+12
 -0.56546548395021      3.6959E+16  2.6046E+12
 -0.54822282777860      3.5716E+16  2.5240E+12
 -0.53093799005960      3.6407E+16  2.5667E+12
 -0.51366158629312      3.6157E+16  2.5476E+12
 -0.49637674857412      3.6599E+16  2.5776E+12
 -0.47909191085511      3.6647E+16  2.5824E+12
 -0.46181551101689      3.6586E+16  2.5849E+12
 -0.44452223541710      3.6182E+16  2.5526E+12
 -0.42550806817400      3.6160E+16  2.5499E+12
 -0.40824010228830      4.4476E+16  3.1357E+12
 -0.39096370245008      3.6573E+16  2.5787E+12
 -0.37367886473107      3.6950E+16  2.6023E+12
 -0.35638559305954      3.8617E+16  2.7244E+12
 -0.33911762717384      3.6361E+16  2.5676E+12
 -0.32149536064515      3.7328E+16  2.6311E+12
 -0.30453107990253      3.7368E+16  2.6335E+12
 -0.28721249851690      3.7369E+16  2.6351E+12
 -0.26996984234530      3.6440E+16  2.5728E+12
 -0.25266813279298      3.7065E+16  2.6145E+12
 -0.23540860085982      3.5880E+16  2.4617E+12
 -0.21812376314081      3.7903E+16  2.6690E+12
 -0.20083892542181      3.7598E+16  2.6507E+12
 -0.18355408770281      3.8138E+16  2.6861E+12
 -0.16628612574536      3.7239E+16  2.6286E+12
 -0.14900128802636      3.6441E+16  2.5689E+12
 -0.13171645030735      3.8492E+16  2.7086E+12
 -0.11444005046913      3.7153E+16  2.6188E+12
  1.43737452805026E-02  3.6829E+16  2.5912E+12
  3.16332732854177E-02  3.8045E+16  2.6782E+12
  4.89096731236423E-02  3.7788E+16  2.6594E+12
  6.61860729618669E-02  3.8059E+16  2.6778E+12
  8.34877825141808E-02  3.7327E+16  2.6316E+12
  0.10075574839988      3.6438E+16  2.5690E+12
  0.11804058219063      3.6901E+16  2.5965E+12
  0.15263556734273      3.6949E+16  2.6063E+12
  0.17000476030003      3.6930E+16  2.5968E+12
  0.18725585435242      3.7422E+16  2.6405E+12
  0.20453225419064      3.7753E+16  2.6611E+12
  0.22182552586217      3.8850E+16  2.7413E+12
  0.23910192570040      3.7392E+16  2.6314E+12
  0.25637832946687      3.7553E+16  2.6580E+12
  0.27369690692425      3.7356E+16  2.6317E+12
  0.29095643492916      3.7429E+16  2.6403E+12
  0.30824127264817      3.7235E+16  2.6197E+12
  0.32551767248639      3.8044E+16  2.6747E+12
  0.34280251020540      3.8139E+16  2.6854E+12
  0.36075376766300      3.7704E+16  2.6554E+12
  0.37804703933454      3.8679E+16  2.7267E+12
  0.39531500522023      3.6393E+16  2.5657E+12
  0.41261671084429      3.5019E+16  2.4723E+12
  0.42990154856330      3.7250E+16  2.6215E+12
  0.44727917940138      3.7697E+16  2.6606E+12
  0.46452183557299      3.7439E+16  2.6371E+12
  0.48180666936374      3.8365E+16  2.6978E+12
  0.49909994496352      3.7865E+16  2.6666E+12
  0.51636790692097      3.6034E+16  2.5448E+12
  0.53366117859250      3.8483E+16  2.7058E+12
  0.55095445026404      3.7904E+16  2.6733E+12
  0.56823085010226      3.7390E+16  2.6365E+12
  0.58549881598796      3.7423E+16  2.6387E+12
  0.60280895949280      3.7258E+16  2.6246E+12
  0.62007692537850      3.8034E+16  2.6829E+12
  0.63735332128847      3.8185E+16  2.6911E+12
  0.65463815900747      3.7984E+16  2.6723E+12
  0.67192299279823      3.8982E+16  2.7402E+12
  0.68919939656470      3.7276E+16  2.6261E+12
  0.70703255118914      3.7945E+16  2.6693E+12
  0.72427521128900      3.7303E+16  2.6283E+12
  0.74156004507975      3.6491E+16  2.5742E+12
  0.75886175463207      3.7169E+16  2.6218E+12
  0.77612971658951      3.6428E+16  2.5686E+12
  0.79340611249949      3.7892E+16  2.6700E+12
  0.81071625993258      3.6785E+16  2.5927E+12
  0.82800952767586      3.7278E+16  2.6269E+12
  0.84537872063317      3.6687E+16  2.5836E+12
  0.86273947570969      3.7747E+16  2.6621E+12
  0.88010023864271      3.6878E+16  2.5981E+12
  0.89745255583845      3.6139E+16  2.5481E+12
  0.91481331484323      3.7140E+16  2.6195E+12
  0.93217406991975      3.8515E+16  2.7131E+12
  0.94941672609135      3.6890E+16  2.6011E+12
  0.96670999776289      3.7355E+16  2.6335E+12
  0.98401170338695      3.9117E+16  2.7557E+12
   1.0013049750585      3.8140E+16  2.6884E+12
   1.0186910359208      3.8287E+16  2.7027E+12
   1.0359421339015      3.9683E+16  2.7952E+12
   1.0535728304545      3.7825E+16  2.6663E+12
   1.0709588952451      3.7945E+16  2.6718E+12
   1.0882015514167      3.8551E+16  2.7144E+12
   1.1055032570407      3.7105E+16  2.6143E+12
