#
# Output from LIGHT
#
# Phase versus MJY
  -1.1972829937074      4.6123E+16  3.2485E+12
  -1.1188165162659      4.5370E+16  3.1940E+12
  -1.1015485503802      4.5527E+16  3.2097E+12
  -1.0842721426855      4.5105E+16  3.1813E+12
  -1.0669619991807      4.6361E+16  3.2690E+12
  -1.0496940332950      4.7388E+16  3.3348E+12
  -1.0323923237427      4.7952E+16  3.3749E+12
  -1.0151159160479      4.6444E+16  3.2728E+12
 -0.99782264437640      4.7030E+16  3.3182E+12
 -0.98056311244323      4.5807E+16  3.2284E+12
 -0.96326983684345      4.6463E+16  3.2709E+12
 -0.94598499912444      4.7254E+16  3.3222E+12
 -0.92870859535797      4.5672E+16  3.2155E+12
 -0.91141532368644      4.5364E+16  3.2012E+12
 -0.89411361413412      4.4733E+16  3.1549E+12
 -0.87684564432018      4.7014E+16  3.3162E+12
 -0.85921493991070      4.5573E+16  3.2100E+12
 -0.84227596888217      4.5824E+16  3.2285E+12
 -0.82497425932985      4.4473E+16  3.1270E+12
 -0.80758819061099      4.3800E+16  3.0929E+12
 -0.79035396839192      4.7160E+16  3.3271E+12
 -0.77306913067291      4.5863E+16  3.2322E+12
 -0.75578428902566      4.6796E+16  3.2943E+12
 -0.73850788525918      4.6649E+16  3.2850E+12
 -0.72120617570687      4.6994E+16  3.3088E+12
 -0.70390446615456      4.5720E+16  3.2269E+12
 -0.68664493814964      4.6507E+16  3.2732E+12
 -0.66934322859733      4.6431E+16  3.2722E+12
 -0.65207526271163      4.7162E+16  3.3193E+12
 -0.63476511527854      4.6425E+16  3.2717E+12
 -0.61738748444046      4.5595E+16  3.2124E+12
 -0.60015326222138      4.4625E+16  3.0956E+12
 -0.58285155266907      4.4225E+16  3.1166E+12
 -0.56546548395021      4.8042E+16  3.3837E+12
 -0.54822282777860      4.6044E+16  3.2423E+12
 -0.53093799005960      4.6727E+16  3.2899E+12
 -0.51366158629312      4.6153E+16  3.2524E+12
 -0.49637674857412      4.5377E+16  3.1978E+12
 -0.47909191085511      4.5804E+16  3.2254E+12
 -0.46181551101689      4.5340E+16  3.1914E+12
 -0.44452223541710      4.6592E+16  3.2815E+12
 -0.42550806817400      4.6520E+16  3.2757E+12
 -0.40824010228830      5.3388E+16  3.7648E+12
 -0.39096370245008      4.6182E+16  3.2647E+12
 -0.37367886473107      4.5734E+16  3.2281E+12
 -0.35638559305954      4.6242E+16  3.2576E+12
 -0.33911762717384      4.4940E+16  3.1762E+12
 -0.32149536064515      4.6922E+16  3.3051E+12
 -0.30453107990253      4.4970E+16  3.1664E+12
 -0.28721249851690      4.7129E+16  3.3250E+12
 -0.26996984234530      4.6443E+16  3.2678E+12
 -0.25266813279298      4.5282E+16  3.1900E+12
 -0.23540860085982      4.6255E+16  3.2594E+12
 -0.21812376314081      4.6596E+16  3.2828E+12
 -0.20083892542181      4.6315E+16  3.2636E+12
 -0.18355408770281      4.6391E+16  3.2693E+12
 -0.16628612574536      4.7793E+16  3.3676E+12
 -0.14900128802636      4.6450E+16  3.2737E+12
 -0.13171645030735      4.6526E+16  3.2795E+12
 -0.11444005046913      4.6889E+16  3.3026E+12
  1.43737452805026E-02  4.7091E+16  3.3221E+12
  3.16332732854177E-02  4.6843E+16  3.3060E+12
  4.89096731236423E-02  4.6401E+16  3.2656E+12
  6.61860729618669E-02  4.7708E+16  3.3589E+12
  8.34877825141808E-02  4.7046E+16  3.3177E+12
  0.10075574839988      4.6820E+16  3.2964E+12
  0.11804058219063      4.6210E+16  3.2591E+12
  0.15263556734273      4.7095E+16  3.3179E+12
  0.17000476030003      4.5694E+16  3.2254E+12
  0.18725585435242      4.6372E+16  3.2691E+12
  0.20453225419064      4.5841E+16  3.2311E+12
  0.22182552586217      4.6780E+16  3.2949E+12
  0.23910192570040      4.6356E+16  3.2671E+12
  0.25637832946687      4.5849E+16  3.2314E+12
  0.27369690692425      4.6126E+16  3.2536E+12
  0.29095643492916      4.6539E+16  3.2770E+12
  0.30824127264817      4.6730E+16  3.2907E+12
  0.32551767248639      4.6363E+16  3.2687E+12
  0.34280251020540      4.6812E+16  3.2969E+12
  0.36075376766300      4.6460E+16  3.2720E+12
  0.37804703933454      4.5400E+16  3.1991E+12
  0.39531500522023      4.6630E+16  3.2832E+12
  0.41261671084429      4.6056E+16  3.2423E+12
  0.42990154856330      4.5422E+16  3.2024E+12
  0.44727917940138      4.6230E+16  3.2569E+12
  0.46452183557299      4.7243E+16  3.3280E+12
  0.48180666936374      4.7354E+16  3.3383E+12
  0.49909994496352      4.6128E+16  3.2510E+12
  0.51636790692097      4.6499E+16  3.2737E+12
  0.53366117859250      4.8603E+16  3.4238E+12
  0.55095445026404      4.7558E+16  3.3522E+12
  0.56823085010226      4.5737E+16  3.2228E+12
  0.58549881598796      4.6290E+16  3.2609E+12
  0.60280895949280      4.6503E+16  3.2760E+12
  0.62007692537850      4.6661E+16  3.2865E+12
  0.63735332128847      4.5369E+16  3.1969E+12
  0.65463815900747      4.5459E+16  3.2012E+12
  0.67192299279823      4.5278E+16  3.1910E+12
  0.68919939656470      4.5937E+16  3.2309E+12
  0.70703255118914      4.5167E+16  3.1801E+12
  0.72427521128900      4.6229E+16  3.2571E+12
  0.74156004507975      4.6719E+16  3.2881E+12
  0.75886175463207      4.6632E+16  3.2820E+12
  0.77612971658951      4.5099E+16  3.1794E+12
  0.79340611249949      4.5554E+16  3.2109E+12
  0.81071625993258      4.6365E+16  3.2674E+12
  0.82800952767586      4.5541E+16  3.2046E+12
  0.84537872063317      4.6073E+16  3.2433E+12
  0.86273947570969      4.5900E+16  3.2321E+12
  0.88010023864271      4.5697E+16  3.2156E+12
  0.89745255583845      4.5292E+16  3.1957E+12
  0.91481331484323      4.5557E+16  3.2059E+12
  0.93217406991975      4.7132E+16  3.3203E+12
  0.94941672609135      4.6190E+16  3.2470E+12
  0.96670999776289      4.5962E+16  3.2426E+12
  0.98401170338695      4.6158E+16  3.2544E+12
   1.0013049750585      4.5858E+16  3.2350E+12
   1.0186910359208      4.5931E+16  3.2393E+12
   1.0359421339015      4.6687E+16  3.2904E+12
   1.0535728304545      4.6731E+16  3.2931E+12
   1.0709588952451      4.5685E+16  3.2182E+12
   1.0882015514167      4.5655E+16  3.2191E+12
   1.1055032570407      4.7069E+16  3.3203E+12
