#
# Output from LIGHT
#
# Phase versus MJY
  -1.1972829937074      4.2149E+16  2.9687E+12
  -1.1188165162659      4.3545E+16  3.0676E+12
  -1.1015485503802      4.2831E+16  3.0183E+12
  -1.0842721426855      4.3679E+16  3.0791E+12
  -1.0669619991807      4.4000E+16  3.0996E+12
  -1.0496940332950      4.3167E+16  3.0428E+12
  -1.0323923237427      4.4183E+16  3.1135E+12
  -1.0151159160479      4.2923E+16  3.0230E+12
 -0.99782264437640      4.3787E+16  3.0860E+12
 -0.98056311244323      4.2845E+16  3.0195E+12
 -0.96326983684345      4.2573E+16  2.9992E+12
 -0.94598499912444      4.2911E+16  3.0224E+12
 -0.92870859535797      4.3775E+16  3.0812E+12
 -0.91141532368644      4.2295E+16  2.9781E+12
 -0.89411361413412      4.2334E+16  2.9812E+12
 -0.87684564432018      4.3368E+16  3.0536E+12
 -0.85921493991070      4.2393E+16  2.9824E+12
 -0.84227596888217      4.2300E+16  2.9725E+12
 -0.82497425932985      4.1407E+16  2.9146E+12
 -0.80758819061099      4.2304E+16  2.9696E+12
 -0.79035396839192      4.2803E+16  3.0151E+12
 -0.77306913067291      4.3624E+16  3.0732E+12
 -0.75578428902566      4.2962E+16  3.0282E+12
 -0.73850788525918      4.3468E+16  3.0642E+12
 -0.72120617570687      4.3968E+16  3.0913E+12
 -0.70390446615456      4.3477E+16  3.0673E+12
 -0.68664493814964      4.2941E+16  3.0291E+12
 -0.66934322859733      4.2757E+16  3.0099E+12
 -0.65207526271163      4.2564E+16  3.0005E+12
 -0.63476511527854      4.2687E+16  3.0006E+12
 -0.61738748444046      4.2228E+16  2.9818E+12
 -0.60015326222138      4.2778E+16  3.0201E+12
 -0.58285155266907      4.0894E+16  2.8847E+12
 -0.56546548395021      4.2290E+16  2.9820E+12
 -0.54822282777860      4.3442E+16  3.0601E+12
 -0.53093799005960      4.2116E+16  2.9686E+12
 -0.51366158629312      4.2895E+16  3.0225E+12
 -0.49637674857412      4.1648E+16  2.9344E+12
 -0.47909191085511      4.2223E+16  2.9744E+12
 -0.46181551101689      4.2536E+16  2.9971E+12
 -0.44452223541710      4.1880E+16  2.9512E+12
 -0.42550806817400      4.2943E+16  3.0256E+12
 -0.40824010228830      4.9841E+16  3.5164E+12
 -0.39096370245008      4.2098E+16  2.9686E+12
 -0.37367886473107      4.2390E+16  2.9859E+12
 -0.35638559305954      4.2624E+16  3.0009E+12
 -0.33911762717384      4.2409E+16  2.9899E+12
 -0.32149536064515      4.3431E+16  3.0595E+12
 -0.30453107990253      4.3045E+16  3.0350E+12
 -0.28721249851690      4.2663E+16  3.0110E+12
 -0.26996984234530      4.2347E+16  2.9846E+12
 -0.25266813279298      4.1869E+16  2.9531E+12
 -0.23540860085982      4.3664E+16  3.0871E+12
 -0.21812376314081      4.3925E+16  3.0923E+12
 -0.20083892542181      4.2736E+16  3.0118E+12
 -0.18355408770281      4.3294E+16  3.0539E+12
 -0.16628612574536      4.3507E+16  3.0653E+12
 -0.14900128802636      4.2426E+16  2.9920E+12
 -0.13171645030735      4.2327E+16  2.9837E+12
 -0.11444005046913      4.3848E+16  3.0908E+12
  1.43737452805026E-02  4.3096E+16  3.0381E+12
  3.16332732854177E-02  4.2618E+16  3.0042E+12
  4.89096731236423E-02  4.3934E+16  3.0932E+12
  6.61860729618669E-02  4.2194E+16  2.9783E+12
  8.34877825141808E-02  4.3612E+16  3.0768E+12
  0.10075574839988      4.3663E+16  3.0765E+12
  0.11804058219063      4.2670E+16  3.0032E+12
  0.15263556734273      4.2685E+16  3.0081E+12
  0.17000476030003      4.2780E+16  3.0254E+12
  0.18725585435242      4.2295E+16  2.9902E+12
  0.20453225419064      4.3264E+16  3.0486E+12
  0.22182552586217      4.4023E+16  3.0985E+12
  0.23910192570040      4.1934E+16  2.9545E+12
  0.25637832946687      4.3070E+16  3.0354E+12
  0.27369690692425      4.2576E+16  2.9998E+12
  0.29095643492916      4.1249E+16  2.9087E+12
  0.30824127264817      4.1723E+16  2.9453E+12
  0.32551767248639      4.2687E+16  3.0101E+12
  0.34280251020540      4.2520E+16  2.9981E+12
  0.36075376766300      4.2256E+16  2.9794E+12
  0.37804703933454      4.3140E+16  3.0393E+12
  0.39531500522023      4.2316E+16  2.9850E+12
  0.41261671084429      4.1776E+16  2.9506E+12
  0.42990154856330      4.1472E+16  2.9214E+12
  0.44727917940138      4.2669E+16  3.0096E+12
  0.46452183557299      4.3076E+16  3.0348E+12
  0.48180666936374      4.3596E+16  3.0733E+12
  0.49909994496352      4.2740E+16  3.0146E+12
  0.51636790692097      4.3688E+16  3.0723E+12
  0.53366117859250      4.2928E+16  3.0251E+12
  0.55095445026404      4.3072E+16  3.0344E+12
  0.56823085010226      4.2343E+16  2.9933E+12
  0.58549881598796      4.2375E+16  2.9838E+12
  0.60280895949280      4.2152E+16  2.9719E+12
  0.62007692537850      4.1646E+16  2.9352E+12
  0.63735332128847      4.1577E+16  2.9311E+12
  0.65463815900747      4.2372E+16  2.9836E+12
  0.67192299279823      4.1291E+16  2.9084E+12
  0.68919939656470      4.1992E+16  2.9590E+12
  0.70703255118914      4.2133E+16  2.9708E+12
  0.72427521128900      4.3216E+16  3.0446E+12
  0.74156004507975      4.1767E+16  2.9438E+12
  0.75886175463207      4.2398E+16  2.9885E+12
  0.77612971658951      4.1461E+16  2.9213E+12
  0.79340611249949      3.9578E+16  2.7904E+12
  0.81071625993258      4.3121E+16  3.0386E+12
  0.82800952767586      4.2452E+16  2.9905E+12
  0.84537872063317      4.2039E+16  2.9605E+12
  0.86273947570969      4.1359E+16  2.9142E+12
  0.88010023864271      4.3377E+16  3.0545E+12
  0.89745255583845      4.2165E+16  2.9724E+12
  0.91481331484323      4.2500E+16  3.0013E+12
  0.93217406991975      4.2839E+16  3.0171E+12
  0.94941672609135      4.2969E+16  3.0240E+12
  0.96670999776289      4.2041E+16  2.9593E+12
  0.98401170338695      4.2821E+16  3.0243E+12
   1.0013049750585      4.2522E+16  2.9954E+12
   1.0186910359208      4.2663E+16  3.0076E+12
   1.0359421339015      4.3031E+16  3.0377E+12
   1.0535728304545      4.3356E+16  3.0548E+12
   1.0709588952451      4.1571E+16  2.9305E+12
   1.0882015514167      4.1867E+16  2.9560E+12
   1.1055032570407      4.1708E+16  2.9443E+12
