#
# Output from LIGHT
#
# Phase versus MJY
  -1.1972829937074      4.3038E+16  3.0327E+12
  -1.1188165162659      4.2885E+16  3.0268E+12
  -1.1015485503802      4.2744E+16  3.0135E+12
  -1.0842721426855      4.4088E+16  3.1058E+12
  -1.0669619991807      4.4045E+16  3.1072E+12
  -1.0496940332950      4.3530E+16  3.0673E+12
  -1.0323923237427      4.3964E+16  3.0966E+12
  -1.0151159160479      4.3050E+16  3.0361E+12
 -0.99782264437640      4.3851E+16  3.0966E+12
 -0.98056311244323      4.3799E+16  3.0887E+12
 -0.96326983684345      4.4116E+16  3.1070E+12
 -0.94598499912444      4.3253E+16  3.0494E+12
 -0.92870859535797      4.3543E+16  3.0219E+12
 -0.91141532368644      4.3664E+16  3.0881E+12
 -0.89411361413412      4.3809E+16  3.0876E+12
 -0.87684564432018      4.1829E+16  2.9498E+12
 -0.85921493991070      4.0986E+16  2.8893E+12
 -0.84227596888217      4.3483E+16  3.1653E+12
 -0.82497425932985      4.3841E+16  3.0918E+12
 -0.80758819061099      4.3391E+16  3.0601E+12
 -0.79035396839192      4.3824E+16  3.0909E+12
 -0.77306913067291      4.3715E+16  3.0818E+12
 -0.75578428902566      4.3303E+16  3.0535E+12
 -0.73850788525918      4.3301E+16  3.0519E+12
 -0.72120617570687      4.2476E+16  2.9944E+12
 -0.70390446615456      4.3153E+16  3.0420E+12
 -0.68664493814964      4.3505E+16  3.0655E+12
 -0.66934322859733      4.3267E+16  3.0506E+12
 -0.65207526271163      4.3330E+16  3.0559E+12
 -0.63476511527854      4.2207E+16  2.9759E+12
 -0.61738748444046      4.3739E+16  3.0837E+12
 -0.60015326222138      4.2791E+16  3.0171E+12
 -0.58285155266907      4.2726E+16  3.0089E+12
 -0.56546548395021      4.3254E+16  3.0540E+12
 -0.54822282777860      4.2551E+16  3.0035E+12
 -0.53093799005960      4.3236E+16  3.0477E+12
 -0.51366158629312      4.3111E+16  3.0350E+12
 -0.49637674857412      4.2264E+16  2.9816E+12
 -0.47909191085511      4.2463E+16  2.9936E+12
 -0.46181551101689      4.2616E+16  3.0057E+12
 -0.44452223541710      4.2941E+16  3.0258E+12
 -0.42550806817400      4.3110E+16  3.0439E+12
 -0.40824010228830      5.0636E+16  3.5689E+12
 -0.39096370245008      4.2678E+16  3.0065E+12
 -0.37367886473107      4.3317E+16  3.0531E+12
 -0.35638559305954      4.3051E+16  3.0353E+12
 -0.33911762717384      4.3664E+16  3.0761E+12
 -0.32149536064515      4.3838E+16  3.0941E+12
 -0.30453107990253      4.1782E+16  2.9542E+12
 -0.28721249851690      4.3069E+16  3.0366E+12
 -0.26996984234530      4.4060E+16  3.1017E+12
 -0.25266813279298      4.2812E+16  3.0165E+12
 -0.23540860085982      4.3656E+16  3.0793E+12
 -0.21812376314081      4.4327E+16  3.1268E+12
 -0.20083892542181      4.3493E+16  3.0711E+12
 -0.18355408770281      4.3325E+16  3.0536E+12
 -0.16628612574536      4.4633E+16  3.1485E+12
 -0.14900128802636      4.3319E+16  3.0530E+12
 -0.13171645030735      4.3687E+16  3.0741E+12
 -0.11444005046913      4.3580E+16  3.0739E+12
  1.43737452805026E-02  4.5294E+16  3.1930E+12
  3.16332732854177E-02  4.3290E+16  3.0532E+12
  4.89096731236423E-02  4.2918E+16  3.0236E+12
  6.61860729618669E-02  4.2851E+16  3.0211E+12
  8.34877825141808E-02  4.4928E+16  3.1655E+12
  0.10075574839988      4.3390E+16  3.0582E+12
  0.11804058219063      4.3217E+16  3.0479E+12
  0.15263556734273      4.3855E+16  3.0938E+12
  0.17000476030003      4.3630E+16  3.0749E+12
  0.18725585435242      4.3594E+16  3.0739E+12
  0.20453225419064      4.4414E+16  3.1252E+12
  0.22182552586217      4.4718E+16  3.0927E+12
  0.23910192570040      4.3097E+16  3.0390E+12
  0.25637832946687      4.3156E+16  3.0437E+12
  0.27369690692425      4.3385E+16  3.0571E+12
  0.29095643492916      4.3461E+16  3.0611E+12
  0.30824127264817      4.2892E+16  3.0272E+12
  0.32551767248639      4.2900E+16  3.0215E+12
  0.34280251020540      4.2932E+16  3.0238E+12
  0.36075376766300      4.3376E+16  3.0554E+12
  0.37804703933454      4.1409E+16  2.9189E+12
  0.39531500522023      4.2781E+16  3.0134E+12
  0.41261671084429      4.2683E+16  3.0074E+12
  0.42990154856330      4.3419E+16  3.0617E+12
  0.44727917940138      4.2854E+16  3.0223E+12
  0.46452183557299      4.2363E+16  2.9876E+12
  0.48180666936374      4.2912E+16  3.0278E+12
  0.49909994496352      4.3948E+16  3.0978E+12
  0.51636790692097      4.3094E+16  3.0384E+12
  0.53366117859250      4.3757E+16  3.0858E+12
  0.55095445026404      4.1278E+16  2.9147E+12
  0.56823085010226      4.3345E+16  3.0529E+12
  0.58549881598796      4.1988E+16  2.9705E+12
  0.60280895949280      4.3369E+16  3.0563E+12
  0.62007692537850      4.2373E+16  2.9833E+12
  0.63735332128847      4.3697E+16  3.0772E+12
  0.65463815900747      4.2488E+16  3.0009E+12
  0.67192299279823      4.2007E+16  2.9713E+12
  0.68919939656470      4.2204E+16  2.9750E+12
  0.70703255118914      4.2850E+16  3.0224E+12
  0.72427521128900      4.2718E+16  3.0139E+12
  0.74156004507975      4.3740E+16  3.0837E+12
  0.75886175463207      4.2083E+16  2.9724E+12
  0.77612971658951      4.2974E+16  3.0287E+12
  0.79340611249949      4.1620E+16  2.9433E+12
  0.81071625993258      4.3602E+16  3.0749E+12
  0.82800952767586      4.1921E+16  2.9586E+12
  0.84537872063317      4.2781E+16  3.0197E+12
  0.86273947570969      4.2029E+16  2.9636E+12
  0.88010023864271      4.2997E+16  3.0323E+12
  0.89745255583845      4.3355E+16  3.0565E+12
  0.91481331484323      4.3298E+16  3.0514E+12
  0.93217406991975      4.3595E+16  3.0725E+12
  0.94941672609135      4.4118E+16  3.1243E+12
  0.96670999776289      4.2818E+16  3.0197E+12
  0.98401170338695      4.4279E+16  3.1182E+12
   1.0013049750585      4.3654E+16  3.0809E+12
   1.0186910359208      4.3674E+16  3.0794E+12
   1.0359421339015      4.3738E+16  3.0854E+12
   1.0535728304545      4.3150E+16  3.0438E+12
   1.0709588952451      4.4347E+16  3.1221E+12
   1.0882015514167      4.3100E+16  3.0405E+12
   1.1055032570407      4.3270E+16  3.0494E+12
