#
# Output from LIGHT
#
# Phase versus MJY
  -1.1972829937074      4.8218E+16  3.4015E+12
  -1.1188165162659      4.9235E+16  3.4740E+12
  -1.1015485503802      4.8850E+16  3.4467E+12
  -1.0842721426855      4.8586E+16  3.4286E+12
  -1.0669619991807      4.9406E+16  3.4869E+12
  -1.0496940332950      4.7876E+16  3.3804E+12
  -1.0323923237427      5.0058E+16  3.5315E+12
  -1.0151159160479      4.9000E+16  3.4585E+12
 -0.99782264437640      4.9573E+16  3.4976E+12
 -0.98056311244323      4.9578E+16  3.5014E+12
 -0.96326983684345      4.8607E+16  3.4309E+12
 -0.94598499912444      4.9332E+16  3.4826E+12
 -0.92870859535797      4.9513E+16  3.4912E+12
 -0.91141532368644      4.8697E+16  3.4338E+12
 -0.89411361413412      4.9490E+16  3.4910E+12
 -0.87684564432018      4.8777E+16  3.4470E+12
 -0.85921493991070      5.1030E+16  3.5953E+12
 -0.84227596888217      4.9549E+16  3.4908E+12
 -0.82497425932985      4.9689E+16  3.4998E+12
 -0.80758819061099      4.9833E+16  3.5178E+12
 -0.79035396839192      4.9268E+16  3.4811E+12
 -0.77306913067291      4.7643E+16  3.3581E+12
 -0.75578428902566      4.8294E+16  3.4089E+12
 -0.73850788525918      4.9072E+16  3.4608E+12
 -0.72120617570687      4.9067E+16  3.4590E+12
 -0.70390446615456      4.7946E+16  3.3812E+12
 -0.68664493814964      4.8265E+16  3.4042E+12
 -0.66934322859733      4.8259E+16  3.4041E+12
 -0.65207526271163      4.8271E+16  3.4010E+12
 -0.63476511527854      4.7633E+16  3.3602E+12
 -0.61738748444046      4.7664E+16  3.3566E+12
 -0.60015326222138      4.7238E+16  3.3331E+12
 -0.58285155266907      4.7449E+16  3.3488E+12
 -0.56546548395021      4.7344E+16  3.3364E+12
 -0.54822282777860      4.6520E+16  3.2845E+12
 -0.53093799005960      4.9381E+16  3.4811E+12
 -0.51366158629312      4.7350E+16  3.3396E+12
 -0.49637674857412      4.6685E+16  3.2953E+12
 -0.47909191085511      4.7555E+16  3.3589E+12
 -0.46181551101689      4.8119E+16  3.3980E+12
 -0.44452223541710      4.8178E+16  3.4004E+12
 -0.42550806817400      4.8668E+16  3.4322E+12
 -0.40824010228830      5.5969E+16  3.9463E+12
 -0.39096370245008      4.7266E+16  3.3382E+12
 -0.37367886473107      4.6699E+16  3.2973E+12
 -0.35638559305954      4.7747E+16  3.3699E+12
 -0.33911762717384      4.7199E+16  3.3330E+12
 -0.32149536064515      4.8393E+16  3.4146E+12
 -0.30453107990253      4.8701E+16  3.4356E+12
 -0.28721249851690      4.8110E+16  3.3963E+12
 -0.26996984234530      4.7705E+16  3.3663E+12
 -0.25266813279298      4.8819E+16  3.4388E+12
 -0.23540860085982      4.7368E+16  3.3492E+12
 -0.21812376314081      5.0120E+16  3.5338E+12
 -0.20083892542181      4.8483E+16  3.4160E+12
 -0.18355408770281      4.7593E+16  3.3655E+12
 -0.16628612574536      4.7661E+16  3.3656E+12
 -0.14900128802636      4.7621E+16  3.3627E+12
 -0.13171645030735      4.8360E+16  3.4159E+12
 -0.11444005046913      4.8849E+16  3.4487E+12
  1.43737452805026E-02  4.9082E+16  3.4618E+12
  3.16332732854177E-02  5.0272E+16  3.5455E+12
  4.89096731236423E-02  4.8885E+16  3.4508E+12
  6.61860729618669E-02  4.8243E+16  3.4060E+12
  8.34877825141808E-02  4.9808E+16  3.5170E+12
  0.10075574839988      4.8836E+16  3.4532E+12
  0.11804058219063      4.8905E+16  3.4479E+12
  0.15263556734273      4.8728E+16  3.4415E+12
  0.17000476030003      4.9560E+16  3.4964E+12
  0.18725585435242      4.8887E+16  3.4499E+12
  0.20453225419064      4.8280E+16  3.4141E+12
  0.22182552586217      4.9986E+16  3.5244E+12
  0.23910192570040      4.7454E+16  3.3420E+12
  0.25637832946687      4.7509E+16  3.3517E+12
  0.27369690692425      4.8031E+16  3.3876E+12
  0.29095643492916      4.7800E+16  3.3760E+12
  0.30824127264817      4.7805E+16  3.3704E+12
  0.32551767248639      4.6551E+16  3.2830E+12
  0.34280251020540      4.7438E+16  3.3550E+12
  0.36075376766300      4.7516E+16  3.3516E+12
  0.37804703933454      4.7969E+16  3.3858E+12
  0.39531500522023      4.5954E+16  3.2446E+12
  0.41261671084429      4.6195E+16  3.2638E+12
  0.42990154856330      4.6984E+16  3.3192E+12
  0.44727917940138      4.8518E+16  3.4187E+12
  0.46452183557299      4.6911E+16  3.3066E+12
  0.48180666936374      4.8649E+16  3.4210E+12
  0.49909994496352      4.7946E+16  3.3835E+12
  0.51636790692097      4.6906E+16  3.3103E+12
  0.53366117859250      4.7870E+16  3.3779E+12
  0.55095445026404      4.7827E+16  3.3746E+12
  0.56823085010226      4.7125E+16  3.3205E+12
  0.58549881598796      4.6306E+16  3.2734E+12
  0.60280895949280      4.8140E+16  3.3919E+12
  0.62007692537850      4.6994E+16  3.3182E+12
  0.63735332128847      4.6387E+16  3.2767E+12
  0.65463815900747      4.6525E+16  3.2848E+12
  0.67192299279823      4.6485E+16  3.2768E+12
  0.68919939656470      4.5182E+16  3.1890E+12
  0.70703255118914      4.7084E+16  3.3216E+12
  0.72427521128900      4.5588E+16  3.2213E+12
  0.74156004507975      4.6845E+16  3.3048E+12
  0.75886175463207      4.6350E+16  3.2715E+12
  0.77612971658951      4.6927E+16  3.3118E+12
  0.79340611249949      4.8655E+16  3.4337E+12
  0.81071625993258      4.8302E+16  3.4074E+12
  0.82800952767586      4.6850E+16  3.3078E+12
  0.84537872063317      4.7199E+16  3.3311E+12
  0.86273947570969      4.5875E+16  3.2373E+12
  0.88010023864271      4.6794E+16  3.3044E+12
  0.89745255583845      4.8861E+16  3.4447E+12
  0.91481331484323      4.7906E+16  3.3817E+12
  0.93217406991975      4.7168E+16  3.3312E+12
  0.94941672609135      4.7216E+16  3.3307E+12
  0.96670999776289      4.9158E+16  3.4720E+12
  0.98401170338695      4.8752E+16  3.4385E+12
   1.0013049750585      4.8402E+16  3.4130E+12
   1.0186910359208      4.8194E+16  3.3999E+12
   1.0359421339015      4.8016E+16  3.3878E+12
   1.0535728304545      4.8791E+16  3.4441E+12
   1.0709588952451      5.0919E+16  3.5950E+12
   1.0882015514167      4.7711E+16  3.3670E+12
   1.1055032570407      4.8875E+16  3.4492E+12
