#
# Output from LIGHT
#
# Phase versus MJY
  -1.1972829937074      4.1185E+16  2.9078E+12
  -1.1188165162659      4.1490E+16  2.9298E+12
  -1.1015485503802      4.1640E+16  2.9429E+12
  -1.0842721426855      4.1991E+16  2.9683E+12
  -1.0669619991807      4.1372E+16  2.9252E+12
  -1.0496940332950      4.2038E+16  2.9715E+12
  -1.0323923237427      4.3254E+16  3.0588E+12
  -1.0151159160479      4.2783E+16  3.0181E+12
 -0.99782264437640      4.1857E+16  2.9571E+12
 -0.98056311244323      4.1850E+16  2.9597E+12
 -0.96326983684345      4.2148E+16  2.9790E+12
 -0.94598499912444      4.4598E+16  3.1406E+12
 -0.92870859535797      4.2347E+16  2.9915E+12
 -0.91141532368644      4.2573E+16  3.0094E+12
 -0.89411361413412      4.3100E+16  3.0406E+12
 -0.87684564432018      4.2559E+16  3.0055E+12
 -0.85921493991070      4.2894E+16  3.0308E+12
 -0.84227596888217      4.2936E+16  3.0313E+12
 -0.82497425932985      4.2274E+16  2.9817E+12
 -0.80758819061099      4.2453E+16  3.0032E+12
 -0.79035396839192      4.1863E+16  2.9641E+12
 -0.77306913067291      4.2818E+16  3.0239E+12
 -0.75578428902566      4.1413E+16  2.9254E+12
 -0.73850788525918      4.2399E+16  2.9945E+12
 -0.72120617570687      4.1382E+16  2.9264E+12
 -0.70390446615456      4.1005E+16  2.8954E+12
 -0.68664493814964      4.0902E+16  2.8888E+12
 -0.66934322859733      4.1825E+16  2.9506E+12
 -0.65207526271163      4.0244E+16  2.8445E+12
 -0.63476511527854      4.0355E+16  2.8501E+12
 -0.61738748444046      4.0423E+16  2.8558E+12
 -0.60015326222138      3.9767E+16  2.8093E+12
 -0.58285155266907      4.1078E+16  2.9016E+12
 -0.56546548395021      4.0955E+16  2.8932E+12
 -0.54822282777860      4.1406E+16  2.9206E+12
 -0.53093799005960      4.0362E+16  2.8553E+12
 -0.51366158629312      4.0840E+16  2.8821E+12
 -0.49637674857412      3.9990E+16  2.8251E+12
 -0.47909191085511      3.9733E+16  2.8090E+12
 -0.46181551101689      4.1383E+16  2.9206E+12
 -0.44452223541710      4.1136E+16  2.9074E+12
 -0.42550806817400      4.1108E+16  2.9021E+12
 -0.40824010228830      4.8316E+16  3.4057E+12
 -0.39096370245008      4.0280E+16  2.8396E+12
 -0.37367886473107      4.0362E+16  2.8564E+12
 -0.35638559305954      4.0953E+16  2.8911E+12
 -0.33911762717384      4.1595E+16  2.9398E+12
 -0.32149536064515      4.0777E+16  2.8781E+12
 -0.30453107990253      4.1065E+16  2.8995E+12
 -0.28721249851690      4.2606E+16  3.0040E+12
 -0.26996984234530      4.1107E+16  2.9013E+12
 -0.25266813279298      4.1021E+16  2.8989E+12
 -0.23540860085982      4.1779E+16  2.9500E+12
 -0.21812376314081      4.1577E+16  2.9374E+12
 -0.20083892542181      4.1758E+16  2.9491E+12
 -0.18355408770281      4.1527E+16  2.9336E+12
 -0.16628612574536      4.2086E+16  2.9724E+12
 -0.14900128802636      4.1875E+16  2.9586E+12
 -0.13171645030735      4.1868E+16  2.9573E+12
 -0.11444005046913      4.2970E+16  3.0372E+12
  1.43737452805026E-02  4.2432E+16  3.0005E+12
  3.16332732854177E-02  4.3242E+16  3.0475E+12
  4.89096731236423E-02  4.3128E+16  3.0413E+12
  6.61860729618669E-02  4.2237E+16  2.9845E+12
  8.34877825141808E-02  4.2908E+16  3.0274E+12
  0.10075574839988      4.2922E+16  3.0316E+12
  0.11804058219063      4.3502E+16  3.0753E+12
  0.15263556734273      4.2468E+16  2.9986E+12
  0.17000476030003      4.1594E+16  2.9411E+12
  0.18725585435242      4.0638E+16  2.8729E+12
  0.20453225419064      4.2183E+16  2.9808E+12
  0.22182552586217      4.2231E+16  2.9885E+12
  0.23910192570040      4.1242E+16  2.9128E+12
  0.25637832946687      4.1631E+16  2.9409E+12
  0.27369690692425      4.1023E+16  2.8976E+12
  0.29095643492916      4.0704E+16  2.8750E+12
  0.30824127264817      4.1925E+16  2.9598E+12
  0.32551767248639      4.1002E+16  2.8948E+12
  0.34280251020540      4.1572E+16  2.9339E+12
  0.36075376766300      4.0815E+16  2.8830E+12
  0.37804703933454      4.0447E+16  2.8560E+12
  0.39531500522023      4.0737E+16  2.8768E+12
  0.41261671084429      4.0816E+16  2.8836E+12
  0.42990154856330      4.0622E+16  2.8700E+12
  0.44727917940138      4.0309E+16  2.8469E+12
  0.46452183557299      3.9520E+16  2.7939E+12
  0.48180666936374      4.0558E+16  2.8643E+12
  0.49909994496352      4.0544E+16  2.8640E+12
  0.51636790692097      4.0272E+16  2.8472E+12
  0.53366117859250      4.0629E+16  2.8683E+12
  0.55095445026404      4.1288E+16  2.9166E+12
  0.56823085010226      4.1739E+16  2.9473E+12
  0.58549881598796      4.1610E+16  2.9385E+12
  0.60280895949280      4.0515E+16  2.8604E+12
  0.62007692537850      3.9243E+16  2.7747E+12
  0.63735332128847      3.9773E+16  2.8069E+12
  0.65463815900747      4.1715E+16  2.9474E+12
  0.67192299279823      4.0412E+16  2.8532E+12
  0.68919939656470      4.0380E+16  2.8521E+12
  0.70703255118914      4.0205E+16  2.8432E+12
  0.72427521128900      4.0949E+16  2.8891E+12
  0.74156004507975      4.0966E+16  2.8938E+12
  0.75886175463207      4.0677E+16  2.8779E+12
  0.77612971658951      4.0848E+16  2.8772E+12
  0.79340611249949      4.1149E+16  2.9117E+12
  0.81071625993258      4.0663E+16  2.8753E+12
  0.82800952767586      4.0104E+16  2.8312E+12
  0.84537872063317      4.0053E+16  2.8343E+12
  0.86273947570969      4.1417E+16  2.9198E+12
  0.88010023864271      4.0830E+16  2.8783E+12
  0.89745255583845      4.1161E+16  2.9050E+12
  0.91481331484323      4.1473E+16  2.9265E+12
  0.93217406991975      4.2109E+16  2.9723E+12
  0.94941672609135      4.2062E+16  2.9839E+12
  0.96670999776289      4.1849E+16  2.9570E+12
  0.98401170338695      4.3802E+16  3.0897E+12
   1.0013049750585      4.2577E+16  3.0111E+12
   1.0186910359208      4.2222E+16  2.9803E+12
   1.0359421339015      4.3010E+16  3.0400E+12
   1.0535728304545      4.3350E+16  3.0611E+12
   1.0709588952451      4.2364E+16  2.9937E+12
   1.0882015514167      4.2255E+16  2.9823E+12
   1.1055032570407      4.1527E+16  2.9383E+12
