#
# Output from LIGHT
#
# Phase versus MJY
  -1.1972829937074      6.5754E+16  4.6436E+12
  -1.1188165162659      6.5633E+16  4.6412E+12
  -1.1015485503802      6.5683E+16  4.6436E+12
  -1.0842721426855      6.5373E+16  4.6182E+12
  -1.0669619991807      6.6563E+16  4.7035E+12
  -1.0496940332950      6.6045E+16  4.6679E+12
  -1.0323923237427      6.8626E+16  4.8474E+12
  -1.0151159160479      6.8303E+16  4.8249E+12
 -0.99782264437640      6.6741E+16  4.7187E+12
 -0.98056311244323      6.6258E+16  4.6866E+12
 -0.96326983684345      6.6756E+16  4.7183E+12
 -0.94598499912444      6.5539E+16  4.6333E+12
 -0.92870859535797      6.6651E+16  4.7103E+12
 -0.91141532368644      6.7929E+16  4.8031E+12
 -0.89411361413412      6.7451E+16  4.7677E+12
 -0.87684564432018      6.7192E+16  4.7453E+12
 -0.85921493991070      6.7559E+16  4.7782E+12
 -0.84227596888217      6.5848E+16  4.6576E+12
 -0.82497425932985      6.7136E+16  4.7457E+12
 -0.80758819061099      6.6242E+16  4.6877E+12
 -0.79035396839192      6.7490E+16  4.7723E+12
 -0.77306913067291      6.4310E+16  4.5558E+12
 -0.75578428902566      6.6641E+16  4.7146E+12
 -0.73850788525918      6.5131E+16  4.6078E+12
 -0.72120617570687      6.7027E+16  4.7365E+12
 -0.70390446615456      6.5299E+16  4.6190E+12
 -0.68664493814964      6.4647E+16  4.5635E+12
 -0.66934322859733      6.4841E+16  4.5773E+12
 -0.65207526271163      6.3628E+16  4.5049E+12
 -0.63476511527854      6.4747E+16  4.5822E+12
 -0.61738748444046      6.4582E+16  4.5705E+12
 -0.60015326222138      6.3501E+16  4.4894E+12
 -0.58285155266907      6.3849E+16  4.5148E+12
 -0.56546548395021      6.4679E+16  4.5748E+12
 -0.54822282777860      6.4395E+16  4.5535E+12
 -0.53093799005960      6.3755E+16  4.5088E+12
 -0.51366158629312      6.5071E+16  4.5964E+12
 -0.49637674857412      6.2221E+16  4.3971E+12
 -0.47909191085511      6.5461E+16  4.6204E+12
 -0.46181551101689      6.3691E+16  4.5056E+12
 -0.44452223541710      6.5511E+16  4.6297E+12
 -0.42550806817400      6.5026E+16  4.5920E+12
 -0.40824010228830      7.5551E+16  5.3393E+12
 -0.39096370245008      6.5329E+16  4.6147E+12
 -0.37367886473107      6.2364E+16  4.4131E+12
 -0.35638559305954      6.5048E+16  4.5938E+12
 -0.33911762717384      6.4888E+16  4.5855E+12
 -0.32149536064515      6.4680E+16  4.5760E+12
 -0.30453107990253      6.6084E+16  4.6716E+12
 -0.28721249851690      6.5777E+16  4.6533E+12
 -0.26996984234530      6.5085E+16  4.5989E+12
 -0.25266813279298      6.4822E+16  4.5820E+12
 -0.23540860085982      6.5618E+16  4.6328E+12
 -0.21812376314081      6.5689E+16  4.6427E+12
 -0.20083892542181      6.5446E+16  4.6311E+12
 -0.18355408770281      6.5839E+16  4.6520E+12
 -0.16628612574536      6.5750E+16  4.6426E+12
 -0.14900128802636      6.5887E+16  4.6540E+12
 -0.13171645030735      6.6002E+16  4.6625E+12
 -0.11444005046913      6.8367E+16  4.8289E+12
  1.43737452805026E-02  6.7988E+16  4.8066E+12
  3.16332732854177E-02  6.7253E+16  4.7523E+12
  4.89096731236423E-02  6.6975E+16  4.7305E+12
  6.61860729618669E-02  6.7320E+16  4.7592E+12
  8.34877825141808E-02  6.6168E+16  4.6797E+12
  0.10075574839988      6.6008E+16  4.6647E+12
  0.11804058219063      6.6534E+16  4.7017E+12
  0.15263556734273      6.5885E+16  4.6560E+12
  0.17000476030003      6.7124E+16  4.7411E+12
  0.18725585435242      6.6369E+16  4.6906E+12
  0.20453225419064      6.5448E+16  4.6301E+12
  0.22182552586217      7.2872E+16  5.1613E+12
  0.23910192570040      6.6626E+16  4.7055E+12
  0.25637832946687      6.5019E+16  4.5913E+12
  0.27369690692425      6.6065E+16  4.6658E+12
  0.29095643492916      6.5099E+16  4.6109E+12
  0.30824127264817      6.5074E+16  4.6000E+12
  0.32551767248639      6.5264E+16  4.6100E+12
  0.34280251020540      6.4590E+16  4.5660E+12
  0.36075376766300      6.5366E+16  4.6142E+12
  0.37804703933454      6.3006E+16  4.4575E+12
  0.39531500522023      6.2768E+16  4.4428E+12
  0.41261671084429      6.3316E+16  4.4777E+12
  0.42990154856330      6.2526E+16  4.4299E+12
  0.44727917940138      6.4338E+16  4.5560E+12
  0.46452183557299      6.4968E+16  4.5910E+12
  0.48180666936374      6.3642E+16  4.5091E+12
  0.49909994496352      6.5041E+16  4.5923E+12
  0.51636790692097      6.4090E+16  4.5312E+12
  0.53366117859250      6.5208E+16  4.6075E+12
  0.55095445026404      6.4070E+16  4.5288E+12
  0.56823085010226      6.5085E+16  4.5973E+12
  0.58549881598796      6.3419E+16  4.4897E+12
  0.60280895949280      6.3809E+16  4.5133E+12
  0.62007692537850      6.5341E+16  4.6169E+12
  0.63735332128847      6.2508E+16  4.4321E+12
  0.65463815900747      6.4542E+16  4.5607E+12
  0.67192299279823      6.5062E+16  4.5877E+12
  0.68919939656470      6.2937E+16  4.4484E+12
  0.70703255118914      6.4155E+16  4.5312E+12
  0.72427521128900      6.4079E+16  4.5301E+12
  0.74156004507975      6.3830E+16  4.5148E+12
  0.75886175463207      6.4492E+16  4.5576E+12
  0.77612971658951      6.4372E+16  4.5500E+12
  0.79340611249949      6.5113E+16  4.6012E+12
  0.81071625993258      6.4738E+16  4.5760E+12
  0.82800952767586      6.4687E+16  4.5720E+12
  0.84537872063317      6.4333E+16  4.5453E+12
  0.86273947570969      6.5209E+16  4.6084E+12
  0.88010023864271      6.5440E+16  4.6366E+12
  0.89745255583845      6.4740E+16  4.5772E+12
  0.91481331484323      6.4900E+16  4.5882E+12
  0.93217406991975      6.5914E+16  4.6579E+12
  0.94941672609135      6.6506E+16  4.6990E+12
  0.96670999776289      6.5605E+16  4.6367E+12
  0.98401170338695      6.5970E+16  4.6628E+12
   1.0013049750585      6.5612E+16  4.6371E+12
   1.0186910359208      6.6144E+16  4.6762E+12
   1.0359421339015      6.6929E+16  4.7293E+12
   1.0535728304545      6.8678E+16  4.8526E+12
   1.0709588952451      6.6949E+16  4.7319E+12
   1.0882015514167      6.5454E+16  4.6246E+12
   1.1055032570407      6.7523E+16  4.7677E+12
