#
# Output from LIGHT
#
# Phase versus MJY
  -1.1972829937074      7.1168E+16  5.0316E+12
  -1.1188165162659      7.0408E+16  4.9783E+12
  -1.1015485503802      7.3418E+16  5.1903E+12
  -1.0842721426855      7.2517E+16  5.1229E+12
  -1.0669619991807      7.2939E+16  5.1558E+12
  -1.0496940332950      7.3516E+16  5.1952E+12
  -1.0323923237427      7.3365E+16  5.1868E+12
  -1.0151159160479      7.3214E+16  5.1734E+12
 -0.99782264437640      7.2334E+16  5.1154E+12
 -0.98056311244323      7.2513E+16  5.1242E+12
 -0.96326983684345      7.3892E+16  5.2253E+12
 -0.94598499912444      7.3747E+16  5.2140E+12
 -0.92870859535797      7.3567E+16  5.2009E+12
 -0.91141532368644      7.3080E+16  5.1632E+12
 -0.89411361413412      7.3474E+16  5.1920E+12
 -0.87684564432018      7.4179E+16  5.2422E+12
 -0.85921493991070      7.3314E+16  5.1851E+12
 -0.84227596888217      7.3223E+16  5.1748E+12
 -0.82497425932985      7.3562E+16  5.1970E+12
 -0.80758819061099      7.3979E+16  5.2335E+12
 -0.79035396839192      7.3824E+16  5.2176E+12
 -0.77306913067291      7.3347E+16  5.1827E+12
 -0.75578428902566      7.2533E+16  5.1248E+12
 -0.73850788525918      7.2110E+16  5.0969E+12
 -0.72120617570687      7.2989E+16  5.1681E+12
 -0.70390446615456      7.2719E+16  5.1351E+12
 -0.68664493814964      7.1539E+16  5.0540E+12
 -0.66934322859733      7.1045E+16  5.0158E+12
 -0.65207526271163      7.2044E+16  5.0980E+12
 -0.63476511527854      7.0239E+16  4.9697E+12
 -0.61738748444046      7.1625E+16  5.0701E+12
 -0.60015326222138      7.0795E+16  5.0038E+12
 -0.58285155266907      7.1240E+16  5.0372E+12
 -0.56546548395021      7.1898E+16  5.0771E+12
 -0.54822282777860      7.1188E+16  5.0243E+12
 -0.53093799005960      7.2660E+16  5.1317E+12
 -0.51366158629312      7.0581E+16  4.9922E+12
 -0.49637674857412      7.0559E+16  4.9845E+12
 -0.47909191085511      7.0315E+16  4.9760E+12
 -0.46181551101689      7.0237E+16  4.9681E+12
 -0.44452223541710      7.1932E+16  5.0808E+12
 -0.42550806817400      7.1764E+16  5.0736E+12
 -0.40824010228830      8.4217E+16  5.9521E+12
 -0.39096370245008      7.0399E+16  4.9759E+12
 -0.37367886473107      7.0561E+16  4.9888E+12
 -0.35638559305954      7.0657E+16  4.9960E+12
 -0.33911762717384      7.1374E+16  5.0415E+12
 -0.32149536064515      7.2856E+16  5.1504E+12
 -0.30453107990253      7.2257E+16  5.1157E+12
 -0.28721249851690      7.1930E+16  5.0823E+12
 -0.26996984234530      7.0457E+16  4.9775E+12
 -0.25266813279298      7.0588E+16  4.9955E+12
 -0.23540860085982      7.2501E+16  5.1185E+12
 -0.21812376314081      7.3869E+16  5.2209E+12
 -0.20083892542181      7.1116E+16  5.0289E+12
 -0.18355408770281      7.2531E+16  5.1277E+12
 -0.16628612574536      7.3624E+16  5.2044E+12
 -0.14900128802636      7.2586E+16  5.1326E+12
 -0.13171645030735      7.1397E+16  5.0478E+12
 -0.11444005046913      7.2249E+16  5.1097E+12
  1.43737452805026E-02  7.2222E+16  5.1031E+12
  3.16332732854177E-02  7.3215E+16  5.1746E+12
  4.89096731236423E-02  7.4143E+16  5.2402E+12
  6.61860729618669E-02  7.3321E+16  5.1808E+12
  8.34877825141808E-02  7.2311E+16  5.1108E+12
  0.10075574839988      7.3338E+16  5.1820E+12
  0.11804058219063      7.2223E+16  5.1020E+12
  0.15263556734273      7.1554E+16  5.0585E+12
  0.17000476030003      7.1930E+16  5.0866E+12
  0.18725585435242      7.2162E+16  5.0972E+12
  0.20453225419064      7.2332E+16  5.1127E+12
  0.22182552586217      7.7383E+16  5.4763E+12
  0.23910192570040      7.2288E+16  5.1178E+12
  0.25637832946687      7.2937E+16  5.1553E+12
  0.27369690692425      7.1403E+16  5.0488E+12
  0.29095643492916      7.2389E+16  5.1131E+12
  0.30824127264817      7.0837E+16  5.0082E+12
  0.32551767248639      6.9757E+16  4.9355E+12
  0.34280251020540      7.0951E+16  5.0158E+12
  0.36075376766300      7.0706E+16  4.9965E+12
  0.37804703933454      7.0260E+16  4.9689E+12
  0.39531500522023      7.0845E+16  5.0075E+12
  0.41261671084429      7.1343E+16  5.0358E+12
  0.42990154856330      7.0139E+16  4.9626E+12
  0.44727917940138      7.1095E+16  5.0220E+12
  0.46452183557299      7.0801E+16  5.0021E+12
  0.48180666936374      7.0384E+16  4.9896E+12
  0.49909994496352      7.1134E+16  5.0328E+12
  0.51636790692097      6.9926E+16  4.9469E+12
  0.53366117859250      6.9666E+16  4.9290E+12
  0.55095445026404      7.1993E+16  5.0903E+12
  0.56823085010226      7.1004E+16  5.0169E+12
  0.58549881598796      6.9378E+16  4.9041E+12
  0.60280895949280      7.1463E+16  5.0562E+12
  0.62007692537850      6.9902E+16  4.9488E+12
  0.63735332128847      7.1200E+16  5.0308E+12
  0.65463815900747      7.2010E+16  5.0833E+12
  0.67192299279823      6.9602E+16  4.9159E+12
  0.68919939656470      7.1070E+16  5.0245E+12
  0.70703255118914      7.0360E+16  4.9725E+12
  0.72427521128900      6.9835E+16  4.9455E+12
  0.74156004507975      7.1236E+16  5.0341E+12
  0.75886175463207      7.0127E+16  4.9637E+12
  0.77612971658951      7.0975E+16  5.0149E+12
  0.79340611249949      7.1981E+16  5.0849E+12
  0.81071625993258      7.0810E+16  5.0086E+12
  0.82800952767586      7.0444E+16  4.9801E+12
  0.84537872063317      6.9642E+16  4.9232E+12
  0.86273947570969      7.1453E+16  5.0497E+12
  0.88010023864271      7.2237E+16  5.2451E+12
  0.89745255583845      7.0554E+16  4.9882E+12
  0.91481331484323      7.1994E+16  5.0897E+12
  0.93217406991975      7.3629E+16  5.2042E+12
  0.94941672609135      7.1407E+16  5.0476E+12
  0.96670999776289      7.1679E+16  5.0661E+12
  0.98401170338695      7.4346E+16  5.2549E+12
   1.0013049750585      7.2477E+16  5.1241E+12
   1.0186910359208      7.2208E+16  5.1055E+12
   1.0359421339015      7.3197E+16  5.1738E+12
   1.0535728304545      7.4691E+16  5.2771E+12
   1.0709588952451      7.2840E+16  5.1519E+12
   1.0882015514167      7.1996E+16  5.0877E+12
   1.1055032570407      7.2171E+16  5.1036E+12
