#
# Output from LIGHT
#
# Phase versus MJY
  -1.1972829937074      1.7454E+17  1.2337E+13
  -1.1188165162659      1.7406E+17  1.2302E+13
  -1.1015485503802      1.7370E+17  1.2277E+13
  -1.0842721426855      1.7631E+17  1.2458E+13
  -1.0669619991807      1.7694E+17  1.2498E+13
  -1.0496940332950      1.7658E+17  1.2467E+13
  -1.0323923237427      1.7549E+17  1.2407E+13
  -1.0151159160479      1.7770E+17  1.2557E+13
 -0.99782264437640      1.7604E+17  1.2441E+13
 -0.98056311244323      1.7692E+17  1.2505E+13
 -0.96326983684345      1.7522E+17  1.2386E+13
 -0.94598499912444      1.7539E+17  1.2401E+13
 -0.92870859535797      1.7583E+17  1.2435E+13
 -0.91141532368644      1.7866E+17  1.2631E+13
 -0.89411361413412      1.7674E+17  1.2493E+13
 -0.87684564432018      1.7460E+17  1.2357E+13
 -0.85921493991070      1.7518E+17  1.2396E+13
 -0.84227596888217      1.7599E+17  1.2448E+13
 -0.82497425932985      1.7544E+17  1.2406E+13
 -0.80758819061099      1.7512E+17  1.2386E+13
 -0.79035396839192      1.7821E+17  1.2602E+13
 -0.77306913067291      1.7500E+17  1.2380E+13
 -0.75578428902566      1.7564E+17  1.2429E+13
 -0.73850788525918      1.7428E+17  1.2328E+13
 -0.72120617570687      1.7404E+17  1.2311E+13
 -0.70390446615456      1.7365E+17  1.2283E+13
 -0.68664493814964      1.7416E+17  1.2321E+13
 -0.66934322859733      1.7448E+17  1.2343E+13
 -0.65207526271163      1.7312E+17  1.2250E+13
 -0.63476511527854      1.7355E+17  1.2278E+13
 -0.61738748444046      1.7596E+17  1.2450E+13
 -0.60015326222138      1.7636E+17  1.2477E+13
 -0.58285155266907      1.7286E+17  1.2226E+13
 -0.56546548395021      1.7434E+17  1.2326E+13
 -0.54822282777860      1.7503E+17  1.2375E+13
 -0.53093799005960      1.7604E+17  1.2445E+13
 -0.51366158629312      1.7396E+17  1.2302E+13
 -0.49637674857412      1.7315E+17  1.2234E+13
 -0.47909191085511      1.7168E+17  1.2144E+13
 -0.46181551101689      1.7373E+17  1.2274E+13
 -0.44452223541710      1.7586E+17  1.2427E+13
 -0.42550806817400      1.7530E+17  1.2405E+13
 -0.40824010228830      2.0010E+17  1.4146E+13
 -0.39096370245008      1.7417E+17  1.2320E+13
 -0.37367886473107      1.7468E+17  1.2362E+13
 -0.35638559305954      1.7312E+17  1.2249E+13
 -0.33911762717384      1.7494E+17  1.2353E+13
 -0.32149536064515      1.7513E+17  1.2377E+13
 -0.30453107990253      1.7559E+17  1.2401E+13
 -0.28721249851690      1.7318E+17  1.2240E+13
 -0.26996984234530      1.7354E+17  1.2270E+13
 -0.25266813279298      1.7504E+17  1.2383E+13
 -0.23540860085982      1.7488E+17  1.2372E+13
 -0.21812376314081      1.7474E+17  1.2352E+13
 -0.20083892542181      1.7639E+17  1.2470E+13
 -0.18355408770281      1.7490E+17  1.2356E+13
 -0.16628612574536      1.7572E+17  1.2433E+13
 -0.14900128802636      1.7577E+17  1.2410E+13
 -0.13171645030735      1.7370E+17  1.2282E+13
 -0.11444005046913      1.7349E+17  1.2266E+13
  1.43737452805026E-02  1.7536E+17  1.2405E+13
  3.16332732854177E-02  1.7460E+17  1.2348E+13
  4.89096731236423E-02  1.7481E+17  1.2363E+13
  6.61860729618669E-02  1.7626E+17  1.2467E+13
  8.34877825141808E-02  1.7485E+17  1.2369E+13
  0.10075574839988      1.7479E+17  1.2360E+13
  0.11804058219063      1.7433E+17  1.2331E+13
  0.15263556734273      1.7392E+17  1.2303E+13
  0.17000476030003      1.7123E+17  1.2114E+13
  0.18725585435242      1.7446E+17  1.2341E+13
  0.20453225419064      1.7339E+17  1.2260E+13
  0.22182552586217      1.8119E+17  1.2823E+13
  0.23910192570040      1.7274E+17  1.2221E+13
  0.25637832946687      1.7301E+17  1.2233E+13
  0.27369690692425      1.7877E+17  1.2648E+13
  0.29095643492916      1.7403E+17  1.2312E+13
  0.30824127264817      1.7165E+17  1.2138E+13
  0.32551767248639      1.7333E+17  1.2259E+13
  0.34280251020540      1.7361E+17  1.2282E+13
  0.36075376766300      1.7220E+17  1.2179E+13
  0.37804703933454      1.7204E+17  1.2167E+13
  0.39531500522023      1.7130E+17  1.2116E+13
  0.41261671084429      1.7171E+17  1.2140E+13
  0.42990154856330      1.7100E+17  1.2084E+13
  0.44727917940138      1.7247E+17  1.2194E+13
  0.46452183557299      1.7046E+17  1.2055E+13
  0.48180666936374      1.7246E+17  1.2196E+13
  0.49909994496352      1.7264E+17  1.2210E+13
  0.51636790692097      1.7168E+17  1.2145E+13
  0.53366117859250      1.7291E+17  1.2231E+13
  0.55095445026404      1.7288E+17  1.2216E+13
  0.56823085010226      1.7228E+17  1.2189E+13
  0.58549881598796      1.7093E+17  1.2090E+13
  0.60280895949280      1.6921E+17  1.1971E+13
  0.62007692537850      1.7082E+17  1.2082E+13
  0.63735332128847      1.7163E+17  1.2129E+13
  0.65463815900747      1.7129E+17  1.2129E+13
  0.67192299279823      1.6961E+17  1.2000E+13
  0.68919939656470      1.7053E+17  1.2051E+13
  0.70703255118914      1.7061E+17  1.2067E+13
  0.72427521128900      1.6933E+17  1.1965E+13
  0.74156004507975      1.7013E+17  1.2034E+13
  0.75886175463207      1.7177E+17  1.2131E+13
  0.77612971658951      1.7128E+17  1.2113E+13
  0.79340611249949      1.7334E+17  1.2243E+13
  0.81071625993258      1.7213E+17  1.2175E+13
  0.82800952767586      1.7036E+17  1.2049E+13
  0.84537872063317      1.7055E+17  1.2052E+13
  0.86273947570969      1.7189E+17  1.2151E+13
  0.88010023864271      1.6954E+17  1.1987E+13
  0.89745255583845      1.7196E+17  1.2153E+13
  0.91481331484323      1.7281E+17  1.2221E+13
  0.93217406991975      1.7386E+17  1.2289E+13
  0.94941672609135      1.7467E+17  1.2348E+13
  0.96670999776289      1.7456E+17  1.2349E+13
  0.98401170338695      1.7428E+17  1.2327E+13
   1.0013049750585      1.7509E+17  1.2376E+13
   1.0186910359208      1.7484E+17  1.2366E+13
   1.0359421339015      1.7787E+17  1.2582E+13
   1.0535728304545      1.7816E+17  1.2589E+13
   1.0709588952451      1.7681E+17  1.2503E+13
   1.0882015514167      1.7369E+17  1.2284E+13
   1.1055032570407      1.7356E+17  1.2271E+13
