#
# Output from LIGHT
#
# Phase versus MJY
  -1.1972829937074      1.5549E+17  1.1010E+13
  -1.1188165162659      1.5704E+17  1.1128E+13
  -1.1015485503802      1.5837E+17  1.1202E+13
  -1.0842721426855      1.5765E+17  1.1161E+13
  -1.0669619991807      1.5673E+17  1.1094E+13
  -1.0496940332950      1.5959E+17  1.1296E+13
  -1.0323923237427      1.6120E+17  1.1405E+13
  -1.0151159160479      1.5923E+17  1.1266E+13
 -0.99782264437640      1.5790E+17  1.1188E+13
 -0.98056311244323      1.5879E+17  1.1245E+13
 -0.96326983684345      1.5869E+17  1.1239E+13
 -0.94598499912444      1.5738E+17  1.1137E+13
 -0.92870859535797      1.5817E+17  1.1200E+13
 -0.91141532368644      1.5749E+17  1.1147E+13
 -0.89411361413412      1.5977E+17  1.1306E+13
 -0.87684564432018      1.5774E+17  1.1172E+13
 -0.85921493991070      1.6055E+17  1.1371E+13
 -0.84227596888217      1.5852E+17  1.1238E+13
 -0.82497425932985      1.5726E+17  1.1132E+13
 -0.80758819061099      1.5711E+17  1.1124E+13
 -0.79035396839192      1.6191E+17  1.1475E+13
 -0.77306913067291      1.5809E+17  1.1195E+13
 -0.75578428902566      1.5755E+17  1.1160E+13
 -0.73850788525918      1.5757E+17  1.1154E+13
 -0.72120617570687      1.5668E+17  1.1099E+13
 -0.70390446615456      1.5776E+17  1.1171E+13
 -0.68664493814964      1.5433E+17  1.0930E+13
 -0.66934322859733      1.5594E+17  1.1038E+13
 -0.65207526271163      1.5558E+17  1.1018E+13
 -0.63476511527854      1.5595E+17  1.1041E+13
 -0.61738748444046      1.5783E+17  1.1170E+13
 -0.60015326222138      1.5623E+17  1.1064E+13
 -0.58285155266907      1.5641E+17  1.1070E+13
 -0.56546548395021      1.5551E+17  1.1015E+13
 -0.54822282777860      1.5516E+17  1.0985E+13
 -0.53093799005960      1.5553E+17  1.1009E+13
 -0.51366158629312      1.5879E+17  1.1224E+13
 -0.49637674857412      1.5606E+17  1.1046E+13
 -0.47909191085511      1.5695E+17  1.1107E+13
 -0.46181551101689      1.5453E+17  1.0953E+13
 -0.44452223541710      1.5557E+17  1.1026E+13
 -0.42550806817400      1.5453E+17  1.0936E+13
 -0.40824010228830      1.7731E+17  1.2560E+13
 -0.39096370245008      1.5685E+17  1.1102E+13
 -0.37367886473107      1.5684E+17  1.1115E+13
 -0.35638559305954      1.5582E+17  1.1035E+13
 -0.33911762717384      1.5535E+17  1.1003E+13
 -0.32149536064515      1.5490E+17  1.0977E+13
 -0.30453107990253      1.5642E+17  1.1082E+13
 -0.28721249851690      1.5634E+17  1.1062E+13
 -0.26996984234530      1.5269E+17  1.0818E+13
 -0.25266813279298      1.5438E+17  1.0941E+13
 -0.23540860085982      1.5571E+17  1.1027E+13
 -0.21812376314081      1.5915E+17  1.1263E+13
 -0.20083892542181      1.5698E+17  1.1110E+13
 -0.18355408770281      1.5706E+17  1.1131E+13
 -0.16628612574536      1.5773E+17  1.1169E+13
 -0.14900128802636      1.5501E+17  1.0979E+13
 -0.13171645030735      1.5490E+17  1.0970E+13
 -0.11444005046913      1.5475E+17  1.0980E+13
  1.43737452805026E-02  1.5711E+17  1.1127E+13
  3.16332732854177E-02  1.5763E+17  1.1159E+13
  4.89096731236423E-02  1.5591E+17  1.1044E+13
  6.61860729618669E-02  1.5672E+17  1.1098E+13
  8.34877825141808E-02  1.5710E+17  1.1127E+13
  0.10075574839988      1.5836E+17  1.1211E+13
  0.11804058219063      1.5690E+17  1.1108E+13
  0.15263556734273      1.5787E+17  1.1178E+13
  0.17000476030003      1.5687E+17  1.1112E+13
  0.18725585435242      1.5596E+17  1.1046E+13
  0.20453225419064      1.5796E+17  1.1188E+13
  0.22182552586217      1.6398E+17  1.1607E+13
  0.23910192570040      1.5765E+17  1.1161E+13
  0.25637832946687      1.5608E+17  1.1049E+13
  0.27369690692425      1.5835E+17  1.1207E+13
  0.29095643492916      1.5634E+17  1.1065E+13
  0.30824127264817      1.5523E+17  1.0989E+13
  0.32551767248639      1.5743E+17  1.1146E+13
  0.34280251020540      1.5545E+17  1.1006E+13
  0.36075376766300      1.5369E+17  1.0884E+13
  0.37804703933454      1.5417E+17  1.0917E+13
  0.39531500522023      1.5356E+17  1.0869E+13
  0.41261671084429      1.5298E+17  1.0834E+13
  0.42990154856330      1.5309E+17  1.0832E+13
  0.44727917940138      1.5550E+17  1.1016E+13
  0.46452183557299      1.5242E+17  1.0798E+13
  0.48180666936374      1.5517E+17  1.0987E+13
  0.49909994496352      1.5476E+17  1.0957E+13
  0.51636790692097      1.5529E+17  1.0988E+13
  0.53366117859250      1.5612E+17  1.1046E+13
  0.55095445026404      1.5658E+17  1.1088E+13
  0.56823085010226      1.5535E+17  1.1006E+13
  0.58549881598796      1.5268E+17  1.0805E+13
  0.60280895949280      1.5355E+17  1.0873E+13
  0.62007692537850      1.5369E+17  1.0892E+13
  0.63735332128847      1.5305E+17  1.0828E+13
  0.65463815900747      1.5513E+17  1.0986E+13
  0.67192299279823      1.5079E+17  1.0688E+13
  0.68919939656470      1.5371E+17  1.0885E+13
  0.70703255118914      1.5335E+17  1.0847E+13
  0.72427521128900      1.5133E+17  1.0724E+13
  0.74156004507975      1.5239E+17  1.0793E+13
  0.75886175463207      1.5379E+17  1.0893E+13
  0.77612971658951      1.5271E+17  1.0807E+13
  0.79340611249949      1.5567E+17  1.1022E+13
  0.81071625993258      1.5627E+17  1.1067E+13
  0.82800952767586      1.5501E+17  1.0981E+13
  0.84537872063317      1.5615E+17  1.1046E+13
  0.86273947570969      1.5462E+17  1.0950E+13
  0.88010023864271      1.5500E+17  1.0978E+13
  0.89745255583845      1.5380E+17  1.0893E+13
  0.91481331484323      1.5453E+17  1.0953E+13
  0.93217406991975      1.5745E+17  1.1156E+13
  0.94941672609135      1.5930E+17  1.1281E+13
  0.96670999776289      1.5838E+17  1.1212E+13
  0.98401170338695      1.5777E+17  1.1172E+13
   1.0013049750585      1.5828E+17  1.1201E+13
   1.0186910359208      1.5882E+17  1.1252E+13
   1.0359421339015      1.5957E+17  1.1308E+13
   1.0535728304545      1.6058E+17  1.1377E+13
   1.0709588952451      1.6065E+17  1.1370E+13
   1.0882015514167      1.5890E+17  1.1255E+13
   1.1055032570407      1.5871E+17  1.1239E+13
