#
# Output from LIGHT
#
# Phase versus MJY
  -1.1972829937074      1.5464E+17  1.0941E+13
  -1.1188165162659      1.5899E+17  1.1236E+13
  -1.1015485503802      1.5954E+17  1.1268E+13
  -1.0842721426855      1.5886E+17  1.1223E+13
  -1.0669619991807      1.5754E+17  1.1139E+13
  -1.0496940332950      1.6039E+17  1.1331E+13
  -1.0323923237427      1.6158E+17  1.1414E+13
  -1.0151159160479      1.5777E+17  1.1158E+13
 -0.99782264437640      1.5901E+17  1.1232E+13
 -0.98056311244323      1.5981E+17  1.1290E+13
 -0.96326983684345      1.6131E+17  1.1401E+13
 -0.94598499912444      1.6034E+17  1.1324E+13
 -0.92870859535797      1.6123E+17  1.1402E+13
 -0.91141532368644      1.6079E+17  1.1375E+13
 -0.89411361413412      1.6124E+17  1.1398E+13
 -0.87684564432018      1.6131E+17  1.1415E+13
 -0.85921493991070      1.6006E+17  1.1327E+13
 -0.84227596888217      1.5945E+17  1.1277E+13
 -0.82497425932985      1.5866E+17  1.1224E+13
 -0.80758819061099      1.5896E+17  1.1248E+13
 -0.79035396839192      1.6269E+17  1.1509E+13
 -0.77306913067291      1.6078E+17  1.1374E+13
 -0.75578428902566      1.5933E+17  1.1273E+13
 -0.73850788525918      1.5797E+17  1.1177E+13
 -0.72120617570687      1.5922E+17  1.1266E+13
 -0.70390446615456      1.5883E+17  1.1235E+13
 -0.68664493814964      1.5500E+17  1.0970E+13
 -0.66934322859733      1.5653E+17  1.1079E+13
 -0.65207526271163      1.5621E+17  1.1050E+13
 -0.63476511527854      1.5644E+17  1.1063E+13
 -0.61738748444046      1.5763E+17  1.1140E+13
 -0.60015326222138      1.5811E+17  1.1187E+13
 -0.58285155266907      1.5770E+17  1.1141E+13
 -0.56546548395021      1.5747E+17  1.1121E+13
 -0.54822282777860      1.5724E+17  1.1103E+13
 -0.53093799005960      1.6015E+17  1.1305E+13
 -0.51366158629312      1.5779E+17  1.1148E+13
 -0.49637674857412      1.5633E+17  1.1038E+13
 -0.47909191085511      1.5683E+17  1.1079E+13
 -0.46181551101689      1.5772E+17  1.1141E+13
 -0.44452223541710      1.5678E+17  1.1088E+13
 -0.42550806817400      1.5987E+17  1.1289E+13
 -0.40824010228830      1.8032E+17  1.2745E+13
 -0.39096370245008      1.5699E+17  1.1105E+13
 -0.37367886473107      1.5730E+17  1.1133E+13
 -0.35638559305954      1.5892E+17  1.1243E+13
 -0.33911762717384      1.5872E+17  1.1205E+13
 -0.32149536064515      1.5673E+17  1.1074E+13
 -0.30453107990253      1.5789E+17  1.1151E+13
 -0.28721249851690      1.5802E+17  1.1166E+13
 -0.26996984234530      1.5638E+17  1.1047E+13
 -0.25266813279298      1.5687E+17  1.1080E+13
 -0.23540860085982      1.5710E+17  1.1123E+13
 -0.21812376314081      1.5786E+17  1.1160E+13
 -0.20083892542181      1.5738E+17  1.1126E+13
 -0.18355408770281      1.5863E+17  1.1224E+13
 -0.16628612574536      1.5797E+17  1.1186E+13
 -0.14900128802636      1.5876E+17  1.1220E+13
 -0.13171645030735      1.5757E+17  1.1140E+13
 -0.11444005046913      1.5789E+17  1.1153E+13
  1.43737452805026E-02  1.6183E+17  1.1450E+13
  3.16332732854177E-02  1.5804E+17  1.1173E+13
  4.89096731236423E-02  1.5861E+17  1.1218E+13
  6.61860729618669E-02  1.5965E+17  1.1296E+13
  8.34877825141808E-02  1.5808E+17  1.1182E+13
  0.10075574839988      1.6107E+17  1.1397E+13
  0.11804058219063      1.5960E+17  1.1296E+13
  0.15263556734273      1.5602E+17  1.1040E+13
  0.17000476030003      1.5491E+17  1.0960E+13
  0.18725585435242      1.5834E+17  1.1207E+13
  0.20453225419064      1.5904E+17  1.1249E+13
  0.22182552586217      1.6403E+17  1.1621E+13
  0.23910192570040      1.5724E+17  1.1112E+13
  0.25637832946687      1.5563E+17  1.1008E+13
  0.27369690692425      1.5813E+17  1.1183E+13
  0.29095643492916      1.5687E+17  1.1097E+13
  0.30824127264817      1.5576E+17  1.1023E+13
  0.32551767248639      1.5813E+17  1.1179E+13
  0.34280251020540      1.5707E+17  1.1105E+13
  0.36075376766300      1.5567E+17  1.1001E+13
  0.37804703933454      1.5376E+17  1.0887E+13
  0.39531500522023      1.5362E+17  1.0867E+13
  0.41261671084429      1.5455E+17  1.0934E+13
  0.42990154856330      1.5060E+17  1.0648E+13
  0.44727917940138      1.5390E+17  1.0891E+13
  0.46452183557299      1.5213E+17  1.0755E+13
  0.48180666936374      1.5442E+17  1.0918E+13
  0.49909994496352      1.5511E+17  1.0961E+13
  0.51636790692097      1.5483E+17  1.0947E+13
  0.53366117859250      1.5578E+17  1.1017E+13
  0.55095445026404      1.5466E+17  1.0938E+13
  0.56823085010226      1.5671E+17  1.1067E+13
  0.58549881598796      1.5292E+17  1.0807E+13
  0.60280895949280      1.5329E+17  1.0837E+13
  0.62007692537850      1.5559E+17  1.0991E+13
  0.63735332128847      1.5310E+17  1.0818E+13
  0.65463815900747      1.5538E+17  1.0972E+13
  0.67192299279823      1.4940E+17  1.0572E+13
  0.68919939656470      1.5171E+17  1.0721E+13
  0.70703255118914      1.5352E+17  1.0840E+13
  0.72427521128900      1.5090E+17  1.0665E+13
  0.74156004507975      1.5186E+17  1.0720E+13
  0.75886175463207      1.5337E+17  1.0842E+13
  0.77612971658951      1.5229E+17  1.0772E+13
  0.79340611249949      1.5762E+17  1.1135E+13
  0.81071625993258      1.5561E+17  1.1002E+13
  0.82800952767586      1.5428E+17  1.0912E+13
  0.84537872063317      1.5438E+17  1.0907E+13
  0.86273947570969      1.5561E+17  1.0997E+13
  0.88010023864271      1.5342E+17  1.0854E+13
  0.89745255583845      1.5613E+17  1.1028E+13
  0.91481331484323      1.5731E+17  1.1115E+13
  0.93217406991975      1.5787E+17  1.1158E+13
  0.94941672609135      1.5861E+17  1.1206E+13
  0.96670999776289      1.5879E+17  1.1217E+13
  0.98401170338695      1.6224E+17  1.1465E+13
   1.0013049750585      1.5861E+17  1.1210E+13
   1.0186910359208      1.5824E+17  1.1198E+13
   1.0359421339015      1.5941E+17  1.1281E+13
   1.0535728304545      1.6164E+17  1.1427E+13
   1.0709588952451      1.5880E+17  1.1233E+13
   1.0882015514167      1.5971E+17  1.1296E+13
   1.1055032570407      1.6025E+17  1.1329E+13
