#
# Output from LIGHT
#
# Phase versus MJY
  -1.1972829937074      1.6075E+17  1.1385E+13
  -1.1188165162659      1.6254E+17  1.1507E+13
  -1.1015485503802      1.6203E+17  1.1473E+13
  -1.0842721426855      1.6254E+17  1.1507E+13
  -1.0669619991807      1.6258E+17  1.1510E+13
  -1.0496940332950      1.6438E+17  1.1638E+13
  -1.0323923237427      1.6430E+17  1.1632E+13
  -1.0151159160479      1.6539E+17  1.1705E+13
 -0.99782264437640      1.6461E+17  1.1651E+13
 -0.98056311244323      1.6433E+17  1.1634E+13
 -0.96326983684345      1.6398E+17  1.1607E+13
 -0.94598499912444      1.6450E+17  1.1646E+13
 -0.92870859535797      1.6354E+17  1.1579E+13
 -0.91141532368644      1.6232E+17  1.1498E+13
 -0.89411361413412      1.6386E+17  1.1596E+13
 -0.87684564432018      1.6322E+17  1.1562E+13
 -0.85921493991070      1.6609E+17  1.1758E+13
 -0.84227596888217      1.6601E+17  1.1748E+13
 -0.82497425932985      1.6364E+17  1.1590E+13
 -0.80758819061099      1.6355E+17  1.1584E+13
 -0.79035396839192      1.6628E+17  1.1766E+13
 -0.77306913067291      1.6520E+17  1.1690E+13
 -0.75578428902566      1.6324E+17  1.1555E+13
 -0.73850788525918      1.6461E+17  1.1645E+13
 -0.72120617570687      1.6129E+17  1.1436E+13
 -0.70390446615456      1.6215E+17  1.1476E+13
 -0.68664493814964      1.6113E+17  1.1409E+13
 -0.66934322859733      1.6169E+17  1.1444E+13
 -0.65207526271163      1.6037E+17  1.1347E+13
 -0.63476511527854      1.6221E+17  1.1490E+13
 -0.61738748444046      1.6213E+17  1.1475E+13
 -0.60015326222138      1.6321E+17  1.1541E+13
 -0.58285155266907      1.6197E+17  1.1471E+13
 -0.56546548395021      1.6017E+17  1.1344E+13
 -0.54822282777860      1.6058E+17  1.1362E+13
 -0.53093799005960      1.6211E+17  1.1480E+13
 -0.51366158629312      1.6180E+17  1.1460E+13
 -0.49637674857412      1.5942E+17  1.1287E+13
 -0.47909191085511      1.6079E+17  1.1380E+13
 -0.46181551101689      1.6272E+17  1.1517E+13
 -0.44452223541710      1.6056E+17  1.1382E+13
 -0.42550806817400      1.6110E+17  1.1412E+13
 -0.40824010228830      1.8272E+17  1.2932E+13
 -0.39096370245008      1.6075E+17  1.1392E+13
 -0.37367886473107      1.6077E+17  1.1379E+13
 -0.35638559305954      1.6232E+17  1.1486E+13
 -0.33911762717384      1.6164E+17  1.1442E+13
 -0.32149536064515      1.6435E+17  1.1633E+13
 -0.30453107990253      1.6271E+17  1.1517E+13
 -0.28721249851690      1.6475E+17  1.1659E+13
 -0.26996984234530      1.5939E+17  1.1286E+13
 -0.25266813279298      1.6226E+17  1.1486E+13
 -0.23540860085982      1.6283E+17  1.1533E+13
 -0.21812376314081      1.6106E+17  1.1402E+13
 -0.20083892542181      1.6182E+17  1.1454E+13
 -0.18355408770281      1.6182E+17  1.1448E+13
 -0.16628612574536      1.6146E+17  1.1442E+13
 -0.14900128802636      1.6014E+17  1.1344E+13
 -0.13171645030735      1.6173E+17  1.1449E+13
 -0.11444005046913      1.6444E+17  1.1640E+13
  1.43737452805026E-02  1.6328E+17  1.1557E+13
  3.16332732854177E-02  1.6335E+17  1.1563E+13
  4.89096731236423E-02  1.6523E+17  1.1699E+13
  6.61860729618669E-02  1.6546E+17  1.1708E+13
  8.34877825141808E-02  1.6476E+17  1.1661E+13
  0.10075574839988      1.6439E+17  1.1648E+13
  0.11804058219063      1.6384E+17  1.1598E+13
  0.15263556734273      1.6260E+17  1.1513E+13
  0.17000476030003      1.6373E+17  1.1589E+13
  0.18725585435242      1.6544E+17  1.1709E+13
  0.20453225419064      1.6540E+17  1.1714E+13
  0.22182552586217      1.6318E+17  1.1569E+13
  0.23910192570040      1.6374E+17  1.1594E+13
  0.25637832946687      1.6465E+17  1.1644E+13
  0.27369690692425      1.6425E+17  1.1627E+13
  0.29095643492916      1.6382E+17  1.1588E+13
  0.30824127264817      1.5922E+17  1.1284E+13
  0.32551767248639      1.6211E+17  1.1471E+13
  0.34280251020540      1.5956E+17  1.1307E+13
  0.36075376766300      1.6125E+17  1.1431E+13
  0.37804703933454      1.5913E+17  1.1274E+13
  0.39531500522023      1.5951E+17  1.1289E+13
  0.41261671084429      1.5804E+17  1.1178E+13
  0.42990154856330      1.5992E+17  1.1321E+13
  0.44727917940138      1.6152E+17  1.1443E+13
  0.46452183557299      1.5833E+17  1.1214E+13
  0.48180666936374      1.6099E+17  1.1388E+13
  0.49909994496352      1.6033E+17  1.1355E+13
  0.51636790692097      1.5869E+17  1.1252E+13
  0.53366117859250      1.6170E+17  1.1443E+13
  0.55095445026404      1.6072E+17  1.1378E+13
  0.56823085010226      1.6102E+17  1.1399E+13
  0.58549881598796      1.5909E+17  1.1264E+13
  0.60280895949280      1.6140E+17  1.1421E+13
  0.62007692537850      1.5862E+17  1.1239E+13
  0.63735332128847      1.5964E+17  1.1309E+13
  0.65463815900747      1.5976E+17  1.1320E+13
  0.67192299279823      1.5704E+17  1.1127E+13
  0.68919939656470      1.5929E+17  1.1281E+13
  0.70703255118914      1.5783E+17  1.1181E+13
  0.72427521128900      1.5826E+17  1.1205E+13
  0.74156004507975      1.6106E+17  1.1394E+13
  0.75886175463207      1.6052E+17  1.1363E+13
  0.77612971658951      1.5688E+17  1.1108E+13
  0.79340611249949      1.6113E+17  1.1408E+13
  0.81071625993258      1.6046E+17  1.1362E+13
  0.82800952767586      1.5910E+17  1.1265E+13
  0.84537872063317      1.5962E+17  1.1301E+13
  0.86273947570969      1.5935E+17  1.1285E+13
  0.88010023864271      1.6045E+17  1.1357E+13
  0.89745255583845      1.6080E+17  1.1383E+13
  0.91481331484323      1.6127E+17  1.1417E+13
  0.93217406991975      1.6237E+17  1.1500E+13
  0.94941672609135      1.6218E+17  1.1481E+13
  0.96670999776289      1.6450E+17  1.1647E+13
  0.98401170338695      1.6383E+17  1.1604E+13
   1.0013049750585      1.6559E+17  1.1721E+13
   1.0186910359208      1.6243E+17  1.1496E+13
   1.0359421339015      1.6480E+17  1.1665E+13
   1.0535728304545      1.6554E+17  1.1722E+13
   1.0709588952451      1.6409E+17  1.1618E+13
   1.0882015514167      1.6521E+17  1.1692E+13
   1.1055032570407      1.6347E+17  1.1574E+13
