#
# Output from LIGHT
#
# Phase versus MJY
  -1.1972829937074      3.0728E+17  2.1788E+13
  -1.1188165162659      3.0629E+17  2.1727E+13
  -1.1015485503802      3.0560E+17  2.1672E+13
  -1.0842721426855      3.0608E+17  2.1726E+13
  -1.0669619991807      3.0527E+17  2.1655E+13
  -1.0496940332950      3.0598E+17  2.1714E+13
  -1.0323923237427      3.0790E+17  2.1850E+13
  -1.0151159160479      3.0422E+17  2.1583E+13
 -0.99782264437640      3.0997E+17  2.1969E+13
 -0.98056311244323      3.0720E+17  2.1791E+13
 -0.96326983684345      3.0796E+17  2.1838E+13
 -0.94598499912444      3.0586E+17  2.1698E+13
 -0.92870859535797      3.0302E+17  2.1495E+13
 -0.91141532368644      3.0626E+17  2.1712E+13
 -0.89411361413412      3.0802E+17  2.1849E+13
 -0.87684564432018      3.0628E+17  2.1725E+13
 -0.85921493991070      3.0822E+17  2.1863E+13
 -0.84227596888217      3.0777E+17  2.1837E+13
 -0.82497425932985      3.0982E+17  2.1974E+13
 -0.80758819061099      3.0704E+17  2.1787E+13
 -0.79035396839192      3.0947E+17  2.1966E+13
 -0.77306913067291      3.0989E+17  2.1991E+13
 -0.75578428902566      3.0871E+17  2.1885E+13
 -0.73850788525918      3.0952E+17  2.1941E+13
 -0.72120617570687      3.1085E+17  2.2043E+13
 -0.70390446615456      3.1071E+17  2.2029E+13
 -0.68664493814964      3.0760E+17  2.1806E+13
 -0.66934322859733      3.1006E+17  2.1991E+13
 -0.65207526271163      3.0579E+17  2.1685E+13
 -0.63476511527854      3.0972E+17  2.1964E+13
 -0.61738748444046      3.1212E+17  2.2127E+13
 -0.60015326222138      3.1093E+17  2.2055E+13
 -0.58285155266907      3.1256E+17  2.2160E+13
 -0.56546548395021      3.1345E+17  2.2224E+13
 -0.54822282777860      3.0781E+17  2.1847E+13
 -0.53093799005960      3.0779E+17  2.1829E+13
 -0.51366158629312      3.0954E+17  2.1965E+13
 -0.49637674857412      3.0652E+17  2.1748E+13
 -0.47909191085511      3.0502E+17  2.1664E+13
 -0.46181551101689      3.1228E+17  2.2170E+13
 -0.44452223541710      3.1047E+17  2.2007E+13
 -0.42550806817400      3.1053E+17  2.2038E+13
 -0.40824010228830      3.5167E+17  2.4955E+13
 -0.39096370245008      3.0941E+17  2.1955E+13
 -0.37367886473107      3.0814E+17  2.1859E+13
 -0.35638559305954      3.1069E+17  2.2038E+13
 -0.33911762717384      3.0964E+17  2.1979E+13
 -0.32149536064515      3.1446E+17  2.2317E+13
 -0.30453107990253      3.1412E+17  2.2279E+13
 -0.28721249851690      3.1364E+17  2.2223E+13
 -0.26996984234530      3.0881E+17  2.1905E+13
 -0.25266813279298      3.1007E+17  2.1978E+13
 -0.23540860085982      3.0974E+17  2.1956E+13
 -0.21812376314081      3.1444E+17  2.2294E+13
 -0.20083892542181      3.0931E+17  2.1928E+13
 -0.18355408770281      3.0954E+17  2.1933E+13
 -0.16628612574536      3.0884E+17  2.1896E+13
 -0.14900128802636      3.0866E+17  2.1878E+13
 -0.13171645030735      3.0659E+17  2.1739E+13
 -0.11444005046913      3.0802E+17  2.1835E+13
  1.43737452805026E-02  3.0838E+17  2.1862E+13
  3.16332732854177E-02  3.0862E+17  2.1881E+13
  4.89096731236423E-02  3.0815E+17  2.1830E+13
  6.61860729618669E-02  3.0884E+17  2.1905E+13
  8.34877825141808E-02  3.0786E+17  2.1820E+13
  0.10075574839988      3.0769E+17  2.1815E+13
  0.11804058219063      3.0734E+17  2.1798E+13
  0.15263556734273      3.0689E+17  2.1737E+13
  0.17000476030003      3.0538E+17  2.1643E+13
  0.18725585435242      3.0822E+17  2.1849E+13
  0.20453225419064      3.1079E+17  2.2008E+13
  0.22182552586217      3.1718E+17  2.2471E+13
  0.23910192570040      3.0530E+17  2.1639E+13
  0.25637832946687      3.1003E+17  2.1960E+13
  0.27369690692425      3.0826E+17  2.1844E+13
  0.29095643492916      3.0887E+17  2.1888E+13
  0.30824127264817      3.0587E+17  2.1683E+13
  0.32551767248639      3.1102E+17  2.2045E+13
  0.34280251020540      3.1420E+17  2.2260E+13
  0.36075376766300      3.1210E+17  2.2117E+13
  0.37804703933454      3.0740E+17  2.1791E+13
  0.39531500522023      3.0727E+17  2.1779E+13
  0.41261671084429      3.1051E+17  2.2004E+13
  0.42990154856330      3.0811E+17  2.1831E+13
  0.44727917940138      3.1305E+17  2.2192E+13
  0.46452183557299      3.1107E+17  2.2041E+13
  0.48180666936374      3.1187E+17  2.2104E+13
  0.49909994496352      3.1556E+17  2.2365E+13
  0.51636790692097      3.1494E+17  2.2318E+13
  0.53366117859250      3.1554E+17  2.2359E+13
  0.55095445026404      3.1546E+17  2.2351E+13
  0.56823085010226      3.1302E+17  2.2174E+13
  0.58549881598796      3.0790E+17  2.1810E+13
  0.60280895949280      3.1058E+17  2.2000E+13
  0.62007692537850      3.0842E+17  2.1849E+13
  0.63735332128847      3.1030E+17  2.1982E+13
  0.65463815900747      3.1055E+17  2.2004E+13
  0.67192299279823      3.0531E+17  2.1630E+13
  0.68919939656470      3.0930E+17  2.1910E+13
  0.70703255118914      3.0494E+17  2.1608E+13
  0.72427521128900      3.0539E+17  2.1644E+13
  0.74156004507975      3.0714E+17  2.1765E+13
  0.75886175463207      3.0654E+17  2.1739E+13
  0.77612971658951      3.0653E+17  2.1733E+13
  0.79340611249949      3.1111E+17  2.2038E+13
  0.81071625993258      3.0928E+17  2.1939E+13
  0.82800952767586      3.0282E+17  2.1476E+13
  0.84537872063317      3.0362E+17  2.1521E+13
  0.86273947570969      3.0432E+17  2.1555E+13
  0.88010023864271      3.0266E+17  2.1446E+13
  0.89745255583845      3.0339E+17  2.1512E+13
  0.91481331484323      3.0578E+17  2.1679E+13
  0.93217406991975      3.0887E+17  2.1893E+13
  0.94941672609135      3.1255E+17  2.2143E+13
  0.96670999776289      3.1006E+17  2.1990E+13
  0.98401170338695      3.1105E+17  2.2046E+13
   1.0013049750585      3.0889E+17  2.1907E+13
   1.0186910359208      3.1254E+17  2.2181E+13
   1.0359421339015      3.1018E+17  2.1983E+13
   1.0535728304545      3.1161E+17  2.2092E+13
   1.0709588952451      3.1000E+17  2.1973E+13
   1.0882015514167      3.1009E+17  2.1971E+13
   1.1055032570407      3.0811E+17  2.1854E+13
