#
# Output from LIGHT
#
# Phase versus MJY
  -1.1972829937074      3.4442E+17  2.4397E+13
  -1.1188165162659      3.4533E+17  2.4460E+13
  -1.1015485503802      3.4474E+17  2.4431E+13
  -1.0842721426855      3.4222E+17  2.4258E+13
  -1.0669619991807      3.5291E+17  2.5011E+13
  -1.0496940332950      3.4575E+17  2.4488E+13
  -1.0323923237427      3.4524E+17  2.4469E+13
  -1.0151159160479      3.4644E+17  2.4535E+13
 -0.99782264437640      3.4861E+17  2.4687E+13
 -0.98056311244323      3.4523E+17  2.4468E+13
 -0.96326983684345      3.4218E+17  2.4253E+13
 -0.94598499912444      3.4461E+17  2.4424E+13
 -0.92870859535797      3.4504E+17  2.4454E+13
 -0.91141532368644      3.4898E+17  2.4776E+13
 -0.89411361413412      3.5119E+17  2.4896E+13
 -0.87684564432018      3.4448E+17  2.4402E+13
 -0.85921493991070      3.4433E+17  2.4393E+13
 -0.84227596888217      3.4664E+17  2.4561E+13
 -0.82497425932985      3.4339E+17  2.4337E+13
 -0.80758819061099      3.4482E+17  2.4431E+13
 -0.79035396839192      3.4938E+17  2.4756E+13
 -0.77306913067291      3.4676E+17  2.4577E+13
 -0.75578428902566      3.4446E+17  2.4403E+13
 -0.73850788525918      3.4798E+17  2.4653E+13
 -0.72120617570687      3.4550E+17  2.4489E+13
 -0.70390446615456      3.4431E+17  2.4394E+13
 -0.68664493814964      3.4377E+17  2.4347E+13
 -0.66934322859733      3.4592E+17  2.4509E+13
 -0.65207526271163      3.4343E+17  2.4326E+13
 -0.63476511527854      3.4689E+17  2.4574E+13
 -0.61738748444046      3.4633E+17  2.4535E+13
 -0.60015326222138      3.4755E+17  2.4621E+13
 -0.58285155266907      3.4457E+17  2.4412E+13
 -0.56546548395021      3.4955E+17  2.4768E+13
 -0.54822282777860      3.4505E+17  2.4452E+13
 -0.53093799005960      3.4871E+17  2.4695E+13
 -0.51366158629312      3.4770E+17  2.4616E+13
 -0.49637674857412      3.4143E+17  2.4198E+13
 -0.47909191085511      3.4278E+17  2.4279E+13
 -0.46181551101689      3.4365E+17  2.4363E+13
 -0.44452223541710      3.4469E+17  2.4410E+13
 -0.42550806817400      3.4121E+17  2.4174E+13
 -0.40824010228830      3.9356E+17  2.7873E+13
 -0.39096370245008      3.4447E+17  2.4405E+13
 -0.37367886473107      3.4403E+17  2.4377E+13
 -0.35638559305954      3.4459E+17  2.4423E+13
 -0.33911762717384      3.4902E+17  2.4731E+13
 -0.32149536064515      3.4881E+17  2.4714E+13
 -0.30453107990253      3.4856E+17  2.4702E+13
 -0.28721249851690      3.5034E+17  2.4830E+13
 -0.26996984234530      3.4112E+17  2.4192E+13
 -0.25266813279298      3.4587E+17  2.4505E+13
 -0.23540860085982      3.4676E+17  2.4568E+13
 -0.21812376314081      3.4837E+17  2.4690E+13
 -0.20083892542181      3.4426E+17  2.4392E+13
 -0.18355408770281      3.4767E+17  2.4633E+13
 -0.16628612574536      3.4516E+17  2.4449E+13
 -0.14900128802636      3.4645E+17  2.4548E+13
 -0.13171645030735      3.4484E+17  2.4431E+13
 -0.11444005046913      3.4225E+17  2.4258E+13
  1.43737452805026E-02  3.4355E+17  2.4345E+13
  3.16332732854177E-02  3.4236E+17  2.4258E+13
  4.89096731236423E-02  3.4626E+17  2.4528E+13
  6.61860729618669E-02  3.4803E+17  2.4655E+13
  8.34877825141808E-02  3.4448E+17  2.4417E+13
  0.10075574839988      3.5385E+17  2.5051E+13
  0.11804058219063      3.4888E+17  2.4727E+13
  0.15263556734273      3.4684E+17  2.4559E+13
  0.17000476030003      3.4101E+17  2.4160E+13
  0.18725585435242      3.4238E+17  2.4250E+13
  0.20453225419064      3.5728E+17  2.5303E+13
  0.22182552586217      3.5522E+17  2.5152E+13
  0.23910192570040      3.4386E+17  2.4351E+13
  0.25637832946687      3.4602E+17  2.4504E+13
  0.27369690692425      3.4534E+17  2.4458E+13
  0.29095643492916      3.4665E+17  2.4555E+13
  0.30824127264817      3.4278E+17  2.4275E+13
  0.32551767248639      3.4638E+17  2.4535E+13
  0.34280251020540      3.4451E+17  2.4412E+13
  0.36075376766300      3.4790E+17  2.4641E+13
  0.37804703933454      3.4493E+17  2.4431E+13
  0.39531500522023      3.4532E+17  2.4458E+13
  0.41261671084429      3.4190E+17  2.4219E+13
  0.42990154856330      3.4202E+17  2.4232E+13
  0.44727917940138      3.4908E+17  2.4730E+13
  0.46452183557299      3.4692E+17  2.4572E+13
  0.48180666936374      3.5130E+17  2.4883E+13
  0.49909994496352      3.5159E+17  2.4898E+13
  0.51636790692097      3.4977E+17  2.4777E+13
  0.53366117859250      3.4762E+17  2.4623E+13
  0.55095445026404      3.4718E+17  2.4592E+13
  0.56823085010226      3.4929E+17  2.4750E+13
  0.58549881598796      3.4607E+17  2.4513E+13
  0.60280895949280      3.4375E+17  2.4354E+13
  0.62007692537850      3.4474E+17  2.4429E+13
  0.63735332128847      3.4459E+17  2.4415E+13
  0.65463815900747      3.4558E+17  2.4487E+13
  0.67192299279823      3.4065E+17  2.4129E+13
  0.68919939656470      3.4030E+17  2.4115E+13
  0.70703255118914      3.4169E+17  2.4212E+13
  0.72427521128900      3.4279E+17  2.4276E+13
  0.74156004507975      3.4123E+17  2.4172E+13
  0.75886175463207      3.4186E+17  2.4207E+13
  0.77612971658951      3.3932E+17  2.4033E+13
  0.79340611249949      3.4667E+17  2.4568E+13
  0.81071625993258      3.4580E+17  2.4502E+13
  0.82800952767586      3.4130E+17  2.4176E+13
  0.84537872063317      3.4307E+17  2.4309E+13
  0.86273947570969      3.3998E+17  2.4103E+13
  0.88010023864271      3.4132E+17  2.4180E+13
  0.89745255583845      3.4132E+17  2.4180E+13
  0.91481331484323      3.4145E+17  2.4200E+13
  0.93217406991975      3.4528E+17  2.4470E+13
  0.94941672609135      3.4377E+17  2.4352E+13
  0.96670999776289      3.4847E+17  2.4688E+13
  0.98401170338695      3.4843E+17  2.4667E+13
   1.0013049750585      3.4409E+17  2.4411E+13
   1.0186910359208      3.4254E+17  2.4287E+13
   1.0359421339015      3.5048E+17  2.4831E+13
   1.0535728304545      3.4644E+17  2.4582E+13
   1.0709588952451      3.4680E+17  2.4560E+13
   1.0882015514167      3.4381E+17  2.4362E+13
   1.1055032570407      3.4287E+17  2.4297E+13
