#
# Output from LIGHT
#
# Phase versus MJY
  -1.1972829937074      2.0901E+17  1.4940E+13
  -1.1188165162659      2.1836E+17  1.5635E+13
  -1.1015485503802      2.1593E+17  1.5446E+13
  -1.0842721426855      2.1723E+17  1.5565E+13
  -1.0669619991807      2.1731E+17  1.5552E+13
  -1.0496940332950      2.1765E+17  1.5572E+13
  -1.0323923237427      2.1979E+17  1.5730E+13
  -1.0151159160479      2.1744E+17  1.5543E+13
 -0.99782264437640      2.1922E+17  1.5673E+13
 -0.98056311244323      2.1885E+17  1.5666E+13
 -0.96326983684345      2.1953E+17  1.5665E+13
 -0.94598499912444      2.2041E+17  1.5763E+13
 -0.92870859535797      2.2108E+17  1.5836E+13
 -0.91141532368644      2.1984E+17  1.5737E+13
 -0.89411361413412      2.1951E+17  1.5706E+13
 -0.87684564432018      2.1951E+17  1.5695E+13
 -0.85921493991070      2.2341E+17  1.5967E+13
 -0.84227596888217      2.2063E+17  1.5811E+13
 -0.82497425932985      2.1731E+17  1.5550E+13
 -0.80758819061099      2.1966E+17  1.5732E+13
 -0.79035396839192      2.2026E+17  1.5771E+13
 -0.77306913067291      2.2119E+17  1.5834E+13
 -0.75578428902566      2.1888E+17  1.5656E+13
 -0.73850788525918      2.1608E+17  1.5498E+13
 -0.72120617570687      2.1767E+17  1.5582E+13
 -0.70390446615456      2.1670E+17  1.5514E+13
 -0.68664493814964      2.1354E+17  1.5298E+13
 -0.66934322859733      2.1444E+17  1.5343E+13
 -0.65207526271163      2.1069E+17  1.5057E+13
 -0.63476511527854      2.1670E+17  1.5502E+13
 -0.61738748444046      2.1790E+17  1.5616E+13
 -0.60015326222138      2.1658E+17  1.5529E+13
 -0.58285155266907      2.1554E+17  1.5472E+13
 -0.56546548395021      2.1686E+17  1.5548E+13
 -0.54822282777860      2.1593E+17  1.5519E+13
 -0.53093799005960      2.1875E+17  1.5679E+13
 -0.51366158629312      2.1642E+17  1.5516E+13
 -0.49637674857412      2.1600E+17  1.5483E+13
 -0.47909191085511      2.1376E+17  1.5334E+13
 -0.46181551101689      2.1519E+17  1.5411E+13
 -0.44452223541710      2.1386E+17  1.5341E+13
 -0.42550806817400      2.1463E+17  1.5402E+13
 -0.40824010228830      2.4407E+17  1.7525E+13
 -0.39096370245008      2.1602E+17  1.5495E+13
 -0.37367886473107      2.1556E+17  1.5445E+13
 -0.35638559305954      2.1403E+17  1.5351E+13
 -0.33911762717384      2.1359E+17  1.5311E+13
 -0.32149536064515      2.1254E+17  1.5239E+13
 -0.30453107990253      2.1441E+17  1.5371E+13
 -0.28721249851690      2.1486E+17  1.5385E+13
 -0.26996984234530      2.1808E+17  1.5629E+13
 -0.25266813279298      2.1703E+17  1.5516E+13
 -0.23540860085982      2.1862E+17  1.5674E+13
 -0.21812376314081      2.1492E+17  1.5381E+13
 -0.20083892542181      2.1454E+17  1.5367E+13
 -0.18355408770281      2.1505E+17  1.5406E+13
 -0.16628612574536      2.1249E+17  1.5188E+13
 -0.14900128802636      2.1382E+17  1.5306E+13
 -0.13171645030735      2.1603E+17  1.5451E+13
 -0.11444005046913      2.1432E+17  1.5323E+13
  1.43737452805026E-02  2.1880E+17  1.5649E+13
  3.16332732854177E-02  2.1264E+17  1.5233E+13
  4.89096731236423E-02  2.1365E+17  1.5284E+13
  6.61860729618669E-02  2.1741E+17  1.5560E+13
  8.34877825141808E-02  2.1361E+17  1.5276E+13
  0.10075574839988      2.1551E+17  1.5419E+13
  0.11804058219063      2.1399E+17  1.5335E+13
  0.15263556734273      2.1631E+17  1.5448E+13
  0.17000476030003      2.1404E+17  1.5296E+13
  0.18725585435242      2.1688E+17  1.5519E+13
  0.20453225419064      2.1869E+17  1.5632E+13
  0.22182552586217      2.2528E+17  1.6114E+13
  0.23910192570040      2.1645E+17  1.5441E+13
  0.25637832946687      2.1521E+17  1.5389E+13
  0.27369690692425      2.1393E+17  1.5284E+13
  0.29095643492916      2.1493E+17  1.5352E+13
  0.30824127264817      2.1188E+17  1.5135E+13
  0.32551767248639      2.1115E+17  1.5098E+13
  0.34280251020540      2.1343E+17  1.5265E+13
  0.36075376766300      2.1562E+17  1.5417E+13
  0.37804703933454      2.1028E+17  1.5020E+13
  0.39531500522023      2.0895E+17  1.4934E+13
  0.41261671084429      2.1012E+17  1.4998E+13
  0.42990154856330      2.0939E+17  1.4956E+13
  0.44727917940138      2.1221E+17  1.5155E+13
  0.46452183557299      2.0653E+17  1.4753E+13
  0.48180666936374      2.0990E+17  1.4987E+13
  0.49909994496352      2.1203E+17  1.5136E+13
  0.51636790692097      2.0999E+17  1.4996E+13
  0.53366117859250      2.1337E+17  1.5215E+13
  0.55095445026404      2.1387E+17  1.5294E+13
  0.56823085010226      2.1255E+17  1.5166E+13
  0.58549881598796      2.0842E+17  1.4877E+13
  0.60280895949280      2.0914E+17  1.4897E+13
  0.62007692537850      2.0904E+17  1.4937E+13
  0.63735332128847      2.1017E+17  1.5019E+13
  0.65463815900747      2.1184E+17  1.5112E+13
  0.67192299279823      2.0439E+17  1.4584E+13
  0.68919939656470      2.0945E+17  1.4930E+13
  0.70703255118914      2.1002E+17  1.4982E+13
  0.72427521128900      2.0544E+17  1.4666E+13
  0.74156004507975      2.0945E+17  1.4945E+13
  0.75886175463207      2.1224E+17  1.5135E+13
  0.77612971658951      2.0720E+17  1.4787E+13
  0.79340611249949      2.1558E+17  1.5407E+13
  0.81071625993258      2.1198E+17  1.5139E+13
  0.82800952767586      2.1076E+17  1.5025E+13
  0.84537872063317      2.0905E+17  1.4927E+13
  0.86273947570969      2.1182E+17  1.5099E+13
  0.88010023864271      2.0979E+17  1.4966E+13
  0.89745255583845      2.1214E+17  1.5130E+13
  0.91481331484323      2.1396E+17  1.5264E+13
  0.93217406991975      2.1592E+17  1.5399E+13
  0.94941672609135      2.1922E+17  1.5643E+13
  0.96670999776289      2.1733E+17  1.5510E+13
  0.98401170338695      2.1916E+17  1.5647E+13
   1.0013049750585      2.1650E+17  1.5441E+13
   1.0186910359208      2.2099E+17  1.5766E+13
   1.0359421339015      2.2150E+17  1.5793E+13
   1.0535728304545      2.1929E+17  1.5664E+13
   1.0709588952451      2.1873E+17  1.5595E+13
   1.0882015514167      2.1686E+17  1.5462E+13
   1.1055032570407      2.1853E+17  1.5584E+13
