#
# Output from LIGHT
#
# Phase versus MJY
  -1.1972829937074      2.3106E+17  1.6372E+13
  -1.1188165162659      2.3013E+17  1.6303E+13
  -1.1015485503802      2.3138E+17  1.6392E+13
  -1.0842721426855      2.3200E+17  1.6438E+13
  -1.0669619991807      2.3188E+17  1.6430E+13
  -1.0496940332950      2.3170E+17  1.6428E+13
  -1.0323923237427      2.3277E+17  1.6489E+13
  -1.0151159160479      2.3273E+17  1.6490E+13
 -0.99782264437640      2.3347E+17  1.6546E+13
 -0.98056311244323      2.3297E+17  1.6520E+13
 -0.96326983684345      2.3394E+17  1.6567E+13
 -0.94598499912444      2.3407E+17  1.6589E+13
 -0.92870859535797      2.3368E+17  1.6573E+13
 -0.91141532368644      2.3182E+17  1.6429E+13
 -0.89411361413412      2.3373E+17  1.6572E+13
 -0.87684564432018      2.3390E+17  1.6579E+13
 -0.85921493991070      2.3454E+17  1.6618E+13
 -0.84227596888217      2.3443E+17  1.6613E+13
 -0.82497425932985      2.3109E+17  1.6400E+13
 -0.80758819061099      2.3391E+17  1.6585E+13
 -0.79035396839192      2.3605E+17  1.6727E+13
 -0.77306913067291      2.3456E+17  1.6630E+13
 -0.75578428902566      2.3119E+17  1.6413E+13
 -0.73850788525918      2.3207E+17  1.6447E+13
 -0.72120617570687      2.3454E+17  1.6624E+13
 -0.70390446615456      2.3308E+17  1.6518E+13
 -0.68664493814964      2.3167E+17  1.6411E+13
 -0.66934322859733      2.3145E+17  1.6404E+13
 -0.65207526271163      2.2857E+17  1.6201E+13
 -0.63476511527854      2.2966E+17  1.6290E+13
 -0.61738748444046      2.3066E+17  1.6357E+13
 -0.60015326222138      2.3333E+17  1.6539E+13
 -0.58285155266907      2.3221E+17  1.6470E+13
 -0.56546548395021      2.3007E+17  1.6309E+13
 -0.54822282777860      2.3013E+17  1.6310E+13
 -0.53093799005960      2.2949E+17  1.6259E+13
 -0.51366158629312      2.2711E+17  1.6095E+13
 -0.49637674857412      2.3102E+17  1.6368E+13
 -0.47909191085511      2.2817E+17  1.6172E+13
 -0.46181551101689      2.3131E+17  1.6394E+13
 -0.44452223541710      2.3208E+17  1.6441E+13
 -0.42550806817400      2.3435E+17  1.6611E+13
 -0.40824010228830      2.5637E+17  1.8176E+13
 -0.39096370245008      2.2944E+17  1.6255E+13
 -0.37367886473107      2.2860E+17  1.6216E+13
 -0.35638559305954      2.2824E+17  1.6188E+13
 -0.33911762717384      2.3275E+17  1.6495E+13
 -0.32149536064515      2.3671E+17  1.6773E+13
 -0.30453107990253      2.3552E+17  1.6689E+13
 -0.28721249851690      2.3326E+17  1.6548E+13
 -0.26996984234530      2.3113E+17  1.6377E+13
 -0.25266813279298      2.3446E+17  1.6622E+13
 -0.23540860085982      2.3471E+17  1.6637E+13
 -0.21812376314081      2.3608E+17  1.6728E+13
 -0.20083892542181      2.3168E+17  1.6421E+13
 -0.18355408770281      2.3351E+17  1.6537E+13
 -0.16628612574536      2.3495E+17  1.6647E+13
 -0.14900128802636      2.3214E+17  1.6464E+13
 -0.13171645030735      2.3250E+17  1.6482E+13
 -0.11444005046913      2.3280E+17  1.6496E+13
  1.43737452805026E-02  2.3567E+17  1.6708E+13
  3.16332732854177E-02  2.3920E+17  1.6964E+13
  4.89096731236423E-02  2.3573E+17  1.6701E+13
  6.61860729618669E-02  2.3665E+17  1.6772E+13
  8.34877825141808E-02  2.3924E+17  1.6944E+13
  0.10075574839988      2.3444E+17  1.6640E+13
  0.11804058219063      2.3699E+17  1.6786E+13
  0.15263556734273      2.3241E+17  1.6480E+13
  0.17000476030003      2.3274E+17  1.6498E+13
  0.18725585435242      2.3737E+17  1.6817E+13
  0.20453225419064      2.4026E+17  1.7023E+13
  0.22182552586217      2.4855E+17  1.7620E+13
  0.23910192570040      2.3376E+17  1.6569E+13
  0.25637832946687      2.3573E+17  1.6710E+13
  0.27369690692425      2.3593E+17  1.6688E+13
  0.29095643492916      2.3410E+17  1.6583E+13
  0.30824127264817      2.3234E+17  1.6468E+13
  0.32551767248639      2.3074E+17  1.6353E+13
  0.34280251020540      2.3089E+17  1.6370E+13
  0.36075376766300      2.2989E+17  1.6300E+13
  0.37804703933454      2.2708E+17  1.6099E+13
  0.39531500522023      2.2982E+17  1.6282E+13
  0.41261671084429      2.2864E+17  1.6218E+13
  0.42990154856330      2.2967E+17  1.6268E+13
  0.44727917940138      2.3130E+17  1.6393E+13
  0.46452183557299      2.2804E+17  1.6171E+13
  0.48180666936374      2.3013E+17  1.6318E+13
  0.49909994496352      2.3362E+17  1.6552E+13
  0.51636790692097      2.3186E+17  1.6432E+13
  0.53366117859250      2.3227E+17  1.6477E+13
  0.55095445026404      2.2853E+17  1.6198E+13
  0.56823085010226      2.2905E+17  1.6243E+13
  0.58549881598796      2.2724E+17  1.6108E+13
  0.60280895949280      2.2809E+17  1.6166E+13
  0.62007692537850      2.2869E+17  1.6204E+13
  0.63735332128847      2.2758E+17  1.6117E+13
  0.65463815900747      2.3056E+17  1.6338E+13
  0.67192299279823      2.2541E+17  1.5968E+13
  0.68919939656470      2.2551E+17  1.5978E+13
  0.70703255118914      2.2589E+17  1.6002E+13
  0.72427521128900      2.2364E+17  1.5848E+13
  0.74156004507975      2.2809E+17  1.6162E+13
  0.75886175463207      2.2736E+17  1.6108E+13
  0.77612971658951      2.2717E+17  1.6092E+13
  0.79340611249949      2.3031E+17  1.6321E+13
  0.81071625993258      2.2927E+17  1.6246E+13
  0.82800952767586      2.2481E+17  1.5931E+13
  0.84537872063317      2.2600E+17  1.6020E+13
  0.86273947570969      2.2716E+17  1.6100E+13
  0.88010023864271      2.2520E+17  1.5952E+13
  0.89745255583845      2.2663E+17  1.6049E+13
  0.91481331484323      2.2982E+17  1.6291E+13
  0.93217406991975      2.3156E+17  1.6407E+13
  0.94941672609135      2.3118E+17  1.6381E+13
  0.96670999776289      2.3297E+17  1.6498E+13
  0.98401170338695      2.3014E+17  1.6320E+13
   1.0013049750585      2.3092E+17  1.6363E+13
   1.0186910359208      2.3343E+17  1.6546E+13
   1.0359421339015      2.3270E+17  1.6475E+13
   1.0535728304545      2.3825E+17  1.6882E+13
   1.0709588952451      2.3439E+17  1.6608E+13
   1.0882015514167      2.3155E+17  1.6418E+13
   1.1055032570407      2.3169E+17  1.6410E+13
