#
# Output from LIGHT
#
# Phase versus MJY
  -1.1972829937074      8.4650E+17  5.9993E+13
  -1.1188165162659      8.5648E+17  6.0732E+13
  -1.1015485503802      8.5309E+17  6.0495E+13
  -1.0842721426855      8.5489E+17  6.0613E+13
  -1.0669619991807      8.5740E+17  6.0787E+13
  -1.0496940332950      8.5893E+17  6.0889E+13
  -1.0323923237427      8.5465E+17  6.0614E+13
  -1.0151159160479      8.6000E+17  6.0952E+13
 -0.99782264437640      8.6131E+17  6.1066E+13
 -0.98056311244323      8.6248E+17  6.1129E+13
 -0.96326983684345      8.5346E+17  6.0501E+13
 -0.94598499912444      8.6064E+17  6.1027E+13
 -0.92870859535797      8.5575E+17  6.0666E+13
 -0.91141532368644      8.6163E+17  6.1071E+13
 -0.89411361413412      8.4569E+17  6.0000E+13
 -0.87684564432018      8.5700E+17  6.0755E+13
 -0.85921493991070      8.6543E+17  6.1341E+13
 -0.84227596888217      8.6330E+17  6.1186E+13
 -0.82497425932985      8.5899E+17  6.0882E+13
 -0.80758819061099      8.6065E+17  6.1001E+13
 -0.79035396839192      8.7138E+17  6.1745E+13
 -0.77306913067291      8.6390E+17  6.1230E+13
 -0.75578428902566      8.6177E+17  6.1089E+13
 -0.73850788525918      8.6493E+17  6.1305E+13
 -0.72120617570687      8.6335E+17  6.1206E+13
 -0.70390446615456      8.6215E+17  6.1123E+13
 -0.68664493814964      8.4768E+17  6.0094E+13
 -0.66934322859733      8.5995E+17  6.0949E+13
 -0.65207526271163      8.5344E+17  6.0502E+13
 -0.63476511527854      8.6517E+17  6.1330E+13
 -0.61738748444046      8.6232E+17  6.1126E+13
 -0.60015326222138      8.6666E+17  6.1427E+13
 -0.58285155266907      8.6370E+17  6.1226E+13
 -0.56546548395021      8.4711E+17  6.0095E+13
 -0.54822282777860      8.6669E+17  6.1452E+13
 -0.53093799005960      8.6465E+17  6.1286E+13
 -0.51366158629312      8.5182E+17  6.0373E+13
 -0.49637674857412      8.5446E+17  6.0604E+13
 -0.47909191085511      8.5501E+17  6.0643E+13
 -0.46181551101689      8.6951E+17  6.1592E+13
 -0.44452223541710      8.6088E+17  6.1067E+13
 -0.42550806817400      8.6579E+17  6.1337E+13
 -0.40824010228830      9.6218E+17  6.3326E+13
 -0.39096370245008      8.6095E+17  6.1022E+13
 -0.37367886473107      8.6401E+17  6.1246E+13
 -0.35638559305954      8.6456E+17  6.1280E+13
 -0.33911762717384      8.7342E+17  6.1930E+13
 -0.32149536064515      8.9016E+17  6.3067E+13
 -0.30453107990253      8.7702E+17  6.2189E+13
 -0.28721249851690      8.8960E+17  6.3029E+13
 -0.26996984234530      8.6064E+17  6.1038E+13
 -0.25266813279298      8.6913E+17  6.1637E+13
 -0.23540860085982      8.6639E+17  6.1424E+13
 -0.21812376314081      8.7537E+17  6.2079E+13
 -0.20083892542181      8.6154E+17  6.1117E+13
 -0.18355408770281      8.6978E+17  6.1695E+13
 -0.16628612574536      8.6863E+17  6.1583E+13
 -0.14900128802636      8.6564E+17  6.1401E+13
 -0.13171645030735      8.6217E+17  6.1119E+13
 -0.11444005046913      8.5977E+17  6.0986E+13
  1.43737452805026E-02  8.3866E+17  5.9452E+13
  3.16332732854177E-02  8.4624E+17  5.9998E+13
  4.89096731236423E-02  8.5931E+17  6.0880E+13
  6.61860729618669E-02  8.3724E+17  5.9366E+13
  8.34877825141808E-02  8.5417E+17  6.0533E+13
  0.10075574839988      8.5630E+17  6.0692E+13
  0.11804058219063      8.5992E+17  6.0944E+13
  0.15263556734273      8.5509E+17  6.0634E+13
  0.17000476030003      8.5544E+17  6.0638E+13
  0.18725585435242      8.5529E+17  6.0640E+13
  0.20453225419064      8.6091E+17  6.1002E+13
  0.22182552586217      8.9067E+17  6.3117E+13
  0.23910192570040      8.5844E+17  6.0867E+13
  0.25637832946687      8.6632E+17  6.1417E+13
  0.27369690692425      8.7002E+17  6.1652E+13
  0.29095643492916      8.6415E+17  6.1292E+13
  0.30824127264817      8.5536E+17  6.0622E+13
  0.32551767248639      8.6053E+17  6.0996E+13
  0.34280251020540      8.5691E+17  6.0753E+13
  0.36075376766300      8.6121E+17  6.1065E+13
  0.37804703933454      8.5334E+17  6.0498E+13
  0.39531500522023      8.5277E+17  6.0449E+13
  0.41261671084429      8.5357E+17  6.0527E+13
  0.42990154856330      8.4969E+17  6.0245E+13
  0.44727917940138      8.6688E+17  6.1469E+13
  0.46452183557299      8.4927E+17  6.0221E+13
  0.48180666936374      8.7084E+17  6.1707E+13
  0.49909994496352      8.7809E+17  6.2259E+13
  0.51636790692097      8.5929E+17  6.0929E+13
  0.53366117859250      8.6510E+17  6.1357E+13
  0.55095445026404      8.5609E+17  6.0723E+13
  0.56823085010226      8.5387E+17  6.0621E+13
  0.58549881598796      8.5567E+17  6.0638E+13
  0.60280895949280      8.5300E+17  6.0493E+13
  0.62007692537850      8.5063E+17  6.0298E+13
  0.63735332128847      8.4884E+17  6.0237E+13
  0.65463815900747      8.5358E+17  6.0547E+13
  0.67192299279823      8.3901E+17  5.9493E+13
  0.68919939656470      8.4245E+17  5.9735E+13
  0.70703255118914      8.4119E+17  5.9658E+13
  0.72427521128900      8.4133E+17  5.9628E+13
  0.74156004507975      8.4958E+17  6.0248E+13
  0.75886175463207      8.4227E+17  5.9754E+13
  0.77612971658951      8.4480E+17  5.9895E+13
  0.79340611249949      8.6195E+17  6.1081E+13
  0.81071625993258      8.6341E+17  6.1246E+13
  0.82800952767586      8.3903E+17  5.9503E+13
  0.84537872063317      8.4336E+17  5.9780E+13
  0.86273947570969      8.4519E+17  5.9925E+13
  0.88010023864271      8.3429E+17  5.9151E+13
  0.89745255583845      8.4158E+17  5.9664E+13
  0.91481331484323      8.4084E+17  5.9639E+13
  0.93217406991975      8.5353E+17  6.0491E+13
  0.94941672609135      8.5789E+17  6.0842E+13
  0.96670999776289      8.7799E+17  6.2248E+13
  0.98401170338695      8.5914E+17  6.0905E+13
   1.0013049750585      8.5509E+17  6.0614E+13
   1.0186910359208      8.5126E+17  6.0332E+13
   1.0359421339015      8.5773E+17  6.0792E+13
   1.0535728304545      8.8132E+17  6.2466E+13
   1.0709588952451      8.6525E+17  6.1309E+13
   1.0882015514167      8.5313E+17  6.0467E+13
   1.1055032570407      8.5595E+17  6.0669E+13
