#
# Output from LIGHT
#
# Phase versus MJY
  -1.1972829937074      1.5278E+18  5.0000E+13
  -1.1188165162659      1.5361E+18  5.0000E+13
  -1.1015485503802      1.5361E+18  5.0000E+13
  -1.0842721426855      1.5422E+18  5.0000E+13
  -1.0669619991807      1.5415E+18  5.0000E+13
  -1.0496940332950      1.5393E+18  5.0000E+13
  -1.0323923237427      1.5520E+18  5.0000E+13
  -1.0151159160479      1.5384E+18  5.0000E+13
 -0.99782264437640      1.5409E+18  5.0000E+13
 -0.98056311244323      1.5437E+18  5.0000E+13
 -0.96326983684345      1.5406E+18  5.0000E+13
 -0.94598499912444      1.5431E+18  5.0000E+13
 -0.92870859535797      1.5241E+18  5.0000E+13
 -0.91141532368644      1.5198E+18  5.0000E+13
 -0.89411361413412      1.5196E+18  5.0000E+13
 -0.87684564432018      1.5371E+18  5.0000E+13
 -0.85921493991070      1.5258E+18  5.0000E+13
 -0.84227596888217      1.5261E+18  5.0000E+13
 -0.82497425932985      1.5192E+18  5.0000E+13
 -0.80758819061099      1.5695E+18  5.0000E+13
 -0.79035396839192      1.5749E+18  5.0000E+13
 -0.77306913067291      1.5233E+18  5.0000E+13
 -0.75578428902566      1.5328E+18  5.0000E+13
 -0.73850788525918      1.5440E+18  5.0000E+13
 -0.72120617570687      1.5422E+18  5.0000E+13
 -0.70390446615456      1.5271E+18  5.0000E+13
 -0.68664493814964      1.5221E+18  5.0000E+13
 -0.66934322859733      1.5200E+18  5.0000E+13
 -0.65207526271163      1.5263E+18  5.0000E+13
 -0.63476511527854      1.5440E+18  5.0000E+13
 -0.61738748444046      1.5512E+18  5.0000E+13
 -0.60015326222138      1.5427E+18  5.0000E+13
 -0.58285155266907      1.5561E+18  5.0000E+13
 -0.56546548395021      1.5549E+18  5.0000E+13
 -0.54822282777860      1.5466E+18  5.0000E+13
 -0.53093799005960      1.5575E+18  5.0000E+13
 -0.51366158629312      1.5616E+18  5.0000E+13
 -0.49637674857412      1.5487E+18  5.0000E+13
 -0.47909191085511      1.5399E+18  5.0000E+13
 -0.46181551101689      1.5508E+18  5.0000E+13
 -0.44452223541710      1.5527E+18  5.0000E+13
 -0.42550806817400      1.5534E+18  5.0000E+13
 -0.40824010228830      1.7255E+18  5.0000E+13
 -0.39096370245008      1.5514E+18  5.0000E+13
 -0.37367886473107      1.5690E+18  5.0000E+13
 -0.35638559305954      1.5507E+18  5.0000E+13
 -0.33911762717384      1.5533E+18  5.0000E+13
 -0.32149536064515      1.5625E+18  5.0000E+13
 -0.30453107990253      1.5533E+18  5.0000E+13
 -0.28721249851690      1.5471E+18  5.0000E+13
 -0.26996984234530      1.5400E+18  5.0000E+13
 -0.25266813279298      1.5478E+18  5.0000E+13
 -0.23540860085982      1.5414E+18  5.0000E+13
 -0.21812376314081      1.5578E+18  5.0000E+13
 -0.20083892542181      1.5525E+18  5.0000E+13
 -0.18355408770281      1.5367E+18  5.0000E+13
 -0.16628612574536      1.5493E+18  5.0000E+13
 -0.14900128802636      1.5363E+18  5.0000E+13
 -0.13171645030735      1.5427E+18  5.0000E+13
 -0.11444005046913      1.5345E+18  5.0000E+13
  1.43737452805026E-02  1.5290E+18  5.0000E+13
  3.16332732854177E-02  1.5196E+18  5.0000E+13
  4.89096731236423E-02  1.5394E+18  5.0000E+13
  6.61860729618669E-02  1.5598E+18  5.0000E+13
  8.34877825141808E-02  1.5325E+18  5.0000E+13
  0.10075574839988      1.5284E+18  5.0000E+13
  0.11804058219063      1.5229E+18  5.0000E+13
  0.15263556734273      1.5116E+18  5.0000E+13
  0.17000476030003      1.4989E+18  5.0000E+13
  0.18725585435242      1.5036E+18  5.0000E+13
  0.20453225419064      1.5222E+18  5.0000E+13
  0.22182552586217      1.5297E+18  5.0000E+13
  0.23910192570040      1.4898E+18  5.0000E+13
  0.25637832946687      1.5057E+18  5.0000E+13
  0.27369690692425      1.4928E+18  5.0000E+13
  0.29095643492916      1.5217E+18  5.0000E+13
  0.30824127264817      1.5128E+18  5.0000E+13
  0.32551767248639      1.5252E+18  5.0000E+13
  0.34280251020540      1.5239E+18  5.0000E+13
  0.36075376766300      1.5341E+18  5.0000E+13
  0.37804703933454      1.5298E+18  5.0000E+13
  0.39531500522023      1.5263E+18  5.0000E+13
  0.41261671084429      1.5249E+18  5.0000E+13
  0.42990154856330      1.5279E+18  5.0000E+13
  0.44727917940138      1.5554E+18  5.0000E+13
  0.46452183557299      1.5291E+18  5.0000E+13
  0.48180666936374      1.5560E+18  5.0000E+13
  0.49909994496352      1.5536E+18  5.0000E+13
  0.51636790692097      1.5543E+18  5.0000E+13
  0.53366117859250      1.5625E+18  5.0000E+13
  0.55095445026404      1.5561E+18  5.0000E+13
  0.56823085010226      1.5489E+18  5.0000E+13
  0.58549881598796      1.5270E+18  5.0000E+13
  0.60280895949280      1.5275E+18  5.0000E+13
  0.62007692537850      1.5354E+18  5.0000E+13
  0.63735332128847      1.5332E+18  5.0000E+13
  0.65463815900747      1.5423E+18  5.0000E+13
  0.67192299279823      1.5157E+18  5.0000E+13
  0.68919939656470      1.5113E+18  5.0000E+13
  0.70703255118914      1.5222E+18  5.0000E+13
  0.72427521128900      1.5105E+18  5.0000E+13
  0.74156004507975      1.5216E+18  5.0000E+13
  0.75886175463207      1.5186E+18  5.0000E+13
  0.77612971658951      1.5156E+18  5.0000E+13
  0.79340611249949      1.5556E+18  5.0000E+13
  0.81071625993258      1.5824E+18  5.0000E+13
  0.82800952767586      1.5222E+18  5.0000E+13
  0.84537872063317      1.5240E+18  5.0000E+13
  0.86273947570969      1.5148E+18  5.0000E+13
  0.88010023864271      1.5069E+18  5.0000E+13
  0.89745255583845      1.5122E+18  5.0000E+13
  0.91481331484323      1.5305E+18  5.0000E+13
  0.93217406991975      1.5464E+18  5.0000E+13
  0.94941672609135      1.5499E+18  5.0000E+13
  0.96670999776289      1.5389E+18  5.0000E+13
  0.98401170338695      1.5444E+18  5.0000E+13
   1.0013049750585      1.5437E+18  5.0000E+13
   1.0186910359208      1.5335E+18  5.0000E+13
   1.0359421339015      1.5548E+18  5.0000E+13
   1.0535728304545      1.5533E+18  5.0000E+13
   1.0709588952451      1.5505E+18  5.0000E+13
   1.0882015514167      1.5323E+18  5.0000E+13
   1.1055032570407      1.5396E+18  5.0000E+13
