#
# Output from LIGHT
#
# Phase versus MJY
  -1.1972829937074      4.7754E+17  3.1035E+13
  -1.1188165162659      5.0696E+17  3.3018E+13
  -1.1015485503802      5.0940E+17  3.3108E+13
  -1.0842721426855      5.0755E+17  3.3018E+13
  -1.0669619991807      5.1050E+17  3.3192E+13
  -1.0496940332950      5.1138E+17  3.3262E+13
  -1.0323923237427      5.1457E+17  3.3459E+13
  -1.0151159160479      5.1178E+17  3.3270E+13
 -0.99782264437640      5.2069E+17  3.3792E+13
 -0.98056311244323      5.1445E+17  3.3436E+13
 -0.96326983684345      5.0986E+17  3.3161E+13
 -0.94598499912444      5.0833E+17  3.3101E+13
 -0.92870859535797      5.2085E+17  3.3755E+13
 -0.91141532368644      5.0906E+17  3.3087E+13
 -0.89411361413412      5.0504E+17  3.2831E+13
 -0.87684564432018      4.9886E+17  3.2423E+13
 -0.85921493991070      5.1588E+17  3.3594E+13
 -0.84227596888217      5.0757E+17  3.3039E+13
 -0.82497425932985      5.0602E+17  3.2893E+13
 -0.80758819061099      5.1304E+17  3.3331E+13
 -0.79035396839192      5.2424E+17  3.4068E+13
 -0.77306913067291      5.1667E+17  3.3600E+13
 -0.75578428902566      5.1562E+17  3.3510E+13
 -0.73850788525918      5.1369E+17  3.3387E+13
 -0.72120617570687      5.1199E+17  3.3318E+13
 -0.70390446615456      5.2029E+17  3.3826E+13
 -0.68664493814964      5.0922E+17  3.3154E+13
 -0.66934322859733      5.1344E+17  3.3368E+13
 -0.65207526271163      5.1609E+17  3.3536E+13
 -0.63476511527854      5.2662E+17  3.4233E+13
 -0.61738748444046      5.2976E+17  3.4419E+13
 -0.60015326222138      5.2682E+17  3.4308E+13
 -0.58285155266907      5.3678E+17  3.4915E+13
 -0.56546548395021      5.2906E+17  3.4392E+13
 -0.54822282777860      5.3260E+17  3.4622E+13
 -0.53093799005960      5.4308E+17  3.5275E+13
 -0.51366158629312      5.3525E+17  3.4794E+13
 -0.49637674857412      5.4732E+17  3.5499E+13
 -0.47909191085511      5.3584E+17  3.4886E+13
 -0.46181551101689      5.2962E+17  3.4449E+13
 -0.44452223541710      5.1598E+17  3.3577E+13
 -0.42550806817400      5.4497E+17  3.5340E+13
 -0.40824010228830      5.9009E+17  3.8384E+13
 -0.39096370245008      5.4411E+17  3.5412E+13
 -0.37367886473107      5.3628E+17  3.4877E+13
 -0.35638559305954      5.3373E+17  3.4775E+13
 -0.33911762717384      5.1822E+17  3.3661E+13
 -0.32149536064515      5.4470E+17  3.5373E+13
 -0.30453107990253      5.2925E+17  3.4249E+13
 -0.28721249851690      5.1565E+17  3.3490E+13
 -0.26996984234530      5.2972E+17  3.4362E+13
 -0.25266813279298      5.2729E+17  3.4225E+13
 -0.23540860085982      5.4926E+17  3.5779E+13
 -0.21812376314081      5.2193E+17  3.3871E+13
 -0.20083892542181      5.2570E+17  3.4145E+13
 -0.18355408770281      5.2317E+17  3.3984E+13
 -0.16628612574536      5.1595E+17  3.3504E+13
 -0.14900128802636      5.1140E+17  3.3208E+13
 -0.13171645030735      5.1534E+17  3.3428E+13
 -0.11444005046913      5.2003E+17  3.3705E+13
  1.43737452805026E-02  5.1530E+17  3.3398E+13
  3.16332732854177E-02  5.1128E+17  3.3130E+13
  4.89096731236423E-02  5.1298E+17  3.3297E+13
  6.61860729618669E-02  5.0402E+17  3.2713E+13
  8.34877825141808E-02  5.1040E+17  3.3148E+13
  0.10075574839988      5.0468E+17  3.2778E+13
  0.11804058219063      5.0291E+17  3.2656E+13
  0.15263556734273      5.0566E+17  3.2783E+13
  0.17000476030003      4.9632E+17  3.2151E+13
  0.18725585435242      5.0079E+17  3.2505E+13
  0.20453225419064      5.0947E+17  3.3034E+13
  0.22182552586217      5.1551E+17  3.3429E+13
  0.23910192570040      4.9828E+17  3.2329E+13
  0.25637832946687      5.0088E+17  3.2488E+13
  0.27369690692425      4.9945E+17  3.2392E+13
  0.29095643492916      5.0715E+17  3.2892E+13
  0.30824127264817      4.9596E+17  3.2140E+13
  0.32551767248639      5.0016E+17  3.2439E+13
  0.34280251020540      5.0478E+17  3.2751E+13
  0.36075376766300      5.0406E+17  3.2716E+13
  0.37804703933454      5.0243E+17  3.2616E+13
  0.39531500522023      4.9660E+17  3.2269E+13
  0.41261671084429      4.9738E+17  3.2281E+13
  0.42990154856330      4.9567E+17  3.2175E+13
  0.44727917940138      5.0498E+17  3.2744E+13
  0.46452183557299      4.9750E+17  3.2268E+13
  0.48180666936374      5.0185E+17  3.2624E+13
  0.49909994496352      5.0222E+17  3.2604E+13
  0.51636790692097      5.0705E+17  3.2905E+13
  0.53366117859250      5.0408E+17  3.2759E+13
  0.55095445026404      5.0769E+17  3.2971E+13
  0.56823085010226      5.1639E+17  3.3432E+13
  0.58549881598796      4.9145E+17  3.1896E+13
  0.60280895949280      4.9060E+17  3.1865E+13
  0.62007692537850      4.9221E+17  3.1958E+13
  0.63735332128847      4.8955E+17  3.1744E+13
  0.65463815900747      4.9808E+17  3.2284E+13
  0.67192299279823      4.7022E+17  3.0474E+13
  0.68919939656470      4.9095E+17  3.1843E+13
  0.70703255118914      4.8717E+17  3.1578E+13
  0.72427521128900      4.8011E+17  3.1085E+13
  0.74156004507975      4.8099E+17  3.1160E+13
  0.75886175463207      4.8363E+17  3.1398E+13
  0.77612971658951      4.8368E+17  3.1464E+13
  0.79340611249949      4.8300E+17  3.1440E+13
  0.81071625993258      4.7778E+17  3.1038E+13
  0.82800952767586      4.7923E+17  3.1164E+13
  0.84537872063317      4.7508E+17  3.0886E+13
  0.86273947570969      4.7419E+17  3.0798E+13
  0.88010023864271      4.6718E+17  3.0304E+13
  0.89745255583845      4.6853E+17  3.0440E+13
  0.91481331484323      4.7285E+17  3.0776E+13
  0.93217406991975      4.8068E+17  3.1268E+13
  0.94941672609135      4.7458E+17  3.0821E+13
  0.96670999776289      4.6776E+17  3.0410E+13
  0.98401170338695      4.7110E+17  3.0605E+13
   1.0013049750585      4.7059E+17  3.0601E+13
   1.0186910359208      4.6731E+17  3.0370E+13
   1.0359421339015      4.6590E+17  3.0343E+13
   1.0535728304545      4.6011E+17  2.9936E+13
   1.0709588952451      4.5808E+17  2.9801E+13
   1.0882015514167      4.5482E+17  2.9546E+13
   1.1055032570407      4.5524E+17  2.9697E+13
