#
# Output from LIGHT
#
# Phase versus MJY
  -1.1972829937074      4.6803E+17  3.3157E+13
  -1.1188165162659      4.6849E+17  3.3200E+13
  -1.1015485503802      4.6994E+17  3.3307E+13
  -1.0842721426855      4.7040E+17  3.3324E+13
  -1.0669619991807      4.7129E+17  3.3407E+13
  -1.0496940332950      4.7439E+17  3.3595E+13
  -1.0323923237427      4.7213E+17  3.3463E+13
  -1.0151159160479      4.7100E+17  3.3386E+13
 -0.99782264437640      4.7126E+17  3.3407E+13
 -0.98056311244323      4.7442E+17  3.3621E+13
 -0.96326983684345      4.7207E+17  3.3456E+13
 -0.94598499912444      4.6736E+17  3.3135E+13
 -0.92870859535797      4.7124E+17  3.3401E+13
 -0.91141532368644      4.7035E+17  3.3339E+13
 -0.89411361413412      4.6704E+17  3.3107E+13
 -0.87684564432018      4.7195E+17  3.3456E+13
 -0.85921493991070      4.6403E+17  3.2899E+13
 -0.84227596888217      4.6517E+17  3.2965E+13
 -0.82497425932985      4.7368E+17  3.3569E+13
 -0.80758819061099      4.7321E+17  3.3546E+13
 -0.79035396839192      4.7482E+17  3.3650E+13
 -0.77306913067291      4.7277E+17  3.3517E+13
 -0.75578428902566      4.7046E+17  3.3348E+13
 -0.73850788525918      4.6841E+17  3.3207E+13
 -0.72120617570687      4.6919E+17  3.3255E+13
 -0.70390446615456      4.7191E+17  3.3449E+13
 -0.68664493814964      4.6722E+17  3.3124E+13
 -0.66934322859733      4.6713E+17  3.3112E+13
 -0.65207526271163      4.6362E+17  3.2865E+13
 -0.63476511527854      4.7054E+17  3.3354E+13
 -0.61738748444046      4.7336E+17  3.3557E+13
 -0.60015326222138      4.7403E+17  3.3601E+13
 -0.58285155266907      4.7431E+17  3.3615E+13
 -0.56546548395021      4.7217E+17  3.3446E+13
 -0.54822282777860      4.7229E+17  3.3491E+13
 -0.53093799005960      4.7493E+17  3.3651E+13
 -0.51366158629312      4.7127E+17  3.3400E+13
 -0.49637674857412      4.7471E+17  3.3633E+13
 -0.47909191085511      4.7012E+17  3.3310E+13
 -0.46181551101689      4.7556E+17  3.3702E+13
 -0.44452223541710      4.7428E+17  3.3625E+13
 -0.42550806817400      4.7358E+17  3.3561E+13
 -0.40824010228830      5.1883E+17  3.6765E+13
 -0.39096370245008      4.7101E+17  3.3382E+13
 -0.37367886473107      4.8010E+17  3.4044E+13
 -0.35638559305954      4.6938E+17  3.3266E+13
 -0.33911762717384      4.7352E+17  3.3578E+13
 -0.32149536064515      4.9785E+17  3.5266E+13
 -0.30453107990253      4.7345E+17  3.3536E+13
 -0.28721249851690      4.7405E+17  3.3586E+13
 -0.26996984234530      4.7363E+17  3.3543E+13
 -0.25266813279298      4.7662E+17  3.3841E+13
 -0.23540860085982      4.7799E+17  3.3878E+13
 -0.21812376314081      4.7534E+17  3.3664E+13
 -0.20083892542181      4.7227E+17  3.3493E+13
 -0.18355408770281      4.7232E+17  3.3476E+13
 -0.16628612574536      4.7727E+17  3.3831E+13
 -0.14900128802636      4.7301E+17  3.3532E+13
 -0.13171645030735      4.7455E+17  3.3619E+13
 -0.11444005046913      4.7238E+17  3.3460E+13
  1.43737452805026E-02  4.7106E+17  3.3386E+13
  3.16332732854177E-02  4.8256E+17  3.4178E+13
  4.89096731236423E-02  4.7446E+17  3.3625E+13
  6.61860729618669E-02  4.7112E+17  3.3388E+13
  8.34877825141808E-02  4.7108E+17  3.3372E+13
  0.10075574839988      4.7052E+17  3.3346E+13
  0.11804058219063      4.7129E+17  3.3404E+13
  0.15263556734273      4.6977E+17  3.3308E+13
  0.17000476030003      4.7031E+17  3.3334E+13
  0.18725585435242      4.7046E+17  3.3351E+13
  0.20453225419064      4.7187E+17  3.3449E+13
  0.22182552586217      4.9134E+17  3.4830E+13
  0.23910192570040      4.6532E+17  3.2978E+13
  0.25637832946687      4.6486E+17  3.2949E+13
  0.27369690692425      4.6541E+17  3.2998E+13
  0.29095643492916      4.6889E+17  3.3253E+13
  0.30824127264817      4.6903E+17  3.3254E+13
  0.32551767248639      4.7136E+17  3.3414E+13
  0.34280251020540      4.7101E+17  3.3388E+13
  0.36075376766300      4.6725E+17  3.3121E+13
  0.37804703933454      4.6333E+17  3.2843E+13
  0.39531500522023      4.5896E+17  3.2539E+13
  0.41261671084429      4.6063E+17  3.2654E+13
  0.42990154856330      4.6271E+17  3.2797E+13
  0.44727917940138      4.7236E+17  3.3494E+13
  0.46452183557299      4.6602E+17  3.3040E+13
  0.48180666936374      4.7363E+17  3.3579E+13
  0.49909994496352      4.7105E+17  3.3396E+13
  0.51636790692097      4.8372E+17  3.4288E+13
  0.53366117859250      4.7892E+17  3.3944E+13
  0.55095445026404      4.7904E+17  3.3941E+13
  0.56823085010226      4.7407E+17  3.3596E+13
  0.58549881598796      4.6041E+17  3.2642E+13
  0.60280895949280      4.6126E+17  3.2690E+13
  0.62007692537850      4.6675E+17  3.3073E+13
  0.63735332128847      4.6272E+17  3.2781E+13
  0.65463815900747      4.6688E+17  3.3109E+13
  0.67192299279823      4.5694E+17  3.2395E+13
  0.68919939656470      4.5907E+17  3.2530E+13
  0.70703255118914      4.6642E+17  3.3026E+13
  0.72427521128900      4.5678E+17  3.2364E+13
  0.74156004507975      4.6233E+17  3.2777E+13
  0.75886175463207      4.6050E+17  3.2652E+13
  0.77612971658951      4.6552E+17  3.2963E+13
  0.79340611249949      4.6649E+17  3.3051E+13
  0.81071625993258      4.6649E+17  3.3056E+13
  0.82800952767586      4.5978E+17  3.2588E+13
  0.84537872063317      4.6309E+17  3.2809E+13
  0.86273947570969      4.6468E+17  3.2917E+13
  0.88010023864271      4.5635E+17  3.2338E+13
  0.89745255583845      4.6123E+17  3.2673E+13
  0.91481331484323      4.6734E+17  3.3117E+13
  0.93217406991975      4.7444E+17  3.3617E+13
  0.94941672609135      4.6678E+17  3.3089E+13
  0.96670999776289      4.6408E+17  3.2872E+13
  0.98401170338695      4.7788E+17  3.3849E+13
   1.0013049750585      4.7038E+17  3.3329E+13
   1.0186910359208      4.6464E+17  3.2942E+13
   1.0359421339015      4.7078E+17  3.3363E+13
   1.0535728304545      4.7379E+17  3.3576E+13
   1.0709588952451      4.7439E+17  3.3929E+13
   1.0882015514167      4.7196E+17  3.3446E+13
   1.1055032570407      4.7379E+17  3.3564E+13
