#
# Output from LIGHT
#
# Phase versus MJY
  -1.1972829937074      2.9237E+17  2.0957E+13
  -1.1188165162659      2.8700E+17  2.0622E+13
  -1.1015485503802      2.8595E+17  2.0563E+13
  -1.0842721426855      2.8507E+17  2.0495E+13
  -1.0669619991807      2.8798E+17  2.0713E+13
  -1.0496940332950      2.8761E+17  2.0661E+13
  -1.0323923237427      3.0474E+17  2.1846E+13
  -1.0151159160479      2.9417E+17  2.1090E+13
 -0.99782264437640      2.9078E+17  2.0896E+13
 -0.98056311244323      2.9013E+17  2.0786E+13
 -0.96326983684345      2.9499E+17  2.1089E+13
 -0.94598499912444      2.9348E+17  2.1065E+13
 -0.92870859535797      2.8558E+17  2.0384E+13
 -0.91141532368644      2.8695E+17  2.0487E+13
 -0.89411361413412      2.9162E+17  2.0863E+13
 -0.87684564432018      2.8754E+17  2.0547E+13
 -0.85921493991070      2.8986E+17  2.0707E+13
 -0.84227596888217      2.8768E+17  2.0542E+13
 -0.82497425932985      2.8743E+17  2.0585E+13
 -0.80758819061099      2.8859E+17  2.0612E+13
 -0.79035396839192      2.9084E+17  2.0839E+13
 -0.77306913067291      2.8758E+17  2.0576E+13
 -0.75578428902566      2.8495E+17  2.0418E+13
 -0.73850788525918      2.8856E+17  2.0595E+13
 -0.72120617570687      2.8511E+17  2.0395E+13
 -0.70390446615456      2.8545E+17  2.0439E+13
 -0.68664493814964      2.8200E+17  2.0177E+13
 -0.66934322859733      2.8334E+17  2.0246E+13
 -0.65207526271163      2.8546E+17  2.0384E+13
 -0.63476511527854      2.8350E+17  2.0326E+13
 -0.61738748444046      2.8276E+17  2.0311E+13
 -0.60015326222138      2.8505E+17  2.0397E+13
 -0.58285155266907      2.8324E+17  2.0332E+13
 -0.56546548395021      2.8335E+17  2.0376E+13
 -0.54822282777860      2.8183E+17  2.0303E+13
 -0.53093799005960      2.8272E+17  2.0382E+13
 -0.51366158629312      2.8390E+17  2.0499E+13
 -0.49637674857412      2.8118E+17  2.0297E+13
 -0.47909191085511      2.8037E+17  2.0234E+13
 -0.46181551101689      2.8291E+17  2.0414E+13
 -0.44452223541710      2.8716E+17  2.0680E+13
 -0.42550806817400      2.8725E+17  2.0736E+13
 -0.40824010228830      3.1291E+17  2.2456E+13
 -0.39096370245008      2.8199E+17  2.0165E+13
 -0.37367886473107      2.8465E+17  2.0349E+13
 -0.35638559305954      2.8609E+17  2.0474E+13
 -0.33911762717384      2.9243E+17  2.1114E+13
 -0.32149536064515      3.0361E+17  2.1808E+13
 -0.30453107990253      2.8832E+17  2.0827E+13
 -0.28721249851690      2.8844E+17  2.0801E+13
 -0.26996984234530      2.8308E+17  2.0388E+13
 -0.25266813279298      2.8608E+17  2.0596E+13
 -0.23540860085982      2.9818E+17  2.1402E+13
 -0.21812376314081      2.9355E+17  2.1198E+13
 -0.20083892542181      2.9055E+17  2.0883E+13
 -0.18355408770281      2.9081E+17  2.0897E+13
 -0.16628612574536      2.9121E+17  2.0846E+13
 -0.14900128802636      2.9519E+17  2.1181E+13
 -0.13171645030735      2.8794E+17  2.0760E+13
 -0.11444005046913      2.9194E+17  2.0978E+13
  1.43737452805026E-02  2.9285E+17  2.0911E+13
  3.16332732854177E-02  3.0150E+17  2.1606E+13
  4.89096731236423E-02  2.9909E+17  2.1432E+13
  6.61860729618669E-02  2.9504E+17  2.1123E+13
  8.34877825141808E-02  2.9883E+17  2.1368E+13
  0.10075574839988      2.9637E+17  2.1180E+13
  0.11804058219063      2.9778E+17  2.1270E+13
  0.15263556734273      2.9673E+17  2.1211E+13
  0.17000476030003      2.9058E+17  2.0750E+13
  0.18725585435242      2.9582E+17  2.1125E+13
  0.20453225419064      2.9603E+17  2.1168E+13
  0.22182552586217      3.0793E+17  2.1995E+13
  0.23910192570040      2.8809E+17  2.0608E+13
  0.25637832946687      2.9534E+17  2.1119E+13
  0.27369690692425      2.9325E+17  2.1024E+13
  0.29095643492916      2.9133E+17  2.0869E+13
  0.30824127264817      2.8967E+17  2.0723E+13
  0.32551767248639      2.9324E+17  2.0995E+13
  0.34280251020540      2.9322E+17  2.1023E+13
  0.36075376766300      2.8885E+17  2.0745E+13
  0.37804703933454      2.8786E+17  2.0621E+13
  0.39531500522023      2.9022E+17  2.0710E+13
  0.41261671084429      2.9030E+17  2.0727E+13
  0.42990154856330      2.8948E+17  2.0709E+13
  0.44727917940138      2.9369E+17  2.0992E+13
  0.46452183557299      2.9313E+17  2.0959E+13
  0.48180666936374      2.9229E+17  2.0916E+13
  0.49909994496352      2.9648E+17  2.1232E+13
  0.51636790692097      3.0688E+17  2.1962E+13
  0.53366117859250      3.0494E+17  2.1876E+13
  0.55095445026404      2.9718E+17  2.1297E+13
  0.56823085010226      2.9620E+17  2.1217E+13
  0.58549881598796      2.9594E+17  2.1176E+13
  0.60280895949280      2.9339E+17  2.1014E+13
  0.62007692537850      2.9124E+17  2.0897E+13
  0.63735332128847      2.9090E+17  2.0854E+13
  0.65463815900747      2.9121E+17  2.0905E+13
  0.67192299279823      2.9858E+17  2.1293E+13
  0.68919939656470      2.9254E+17  2.0929E+13
  0.70703255118914      2.9248E+17  2.0954E+13
  0.72427521128900      2.9538E+17  2.1104E+13
  0.74156004507975      2.9583E+17  2.1169E+13
  0.75886175463207      2.9188E+17  2.0902E+13
  0.77612971658951      2.9228E+17  2.0941E+13
  0.79340611249949      2.9383E+17  2.1107E+13
  0.81071625993258      2.9400E+17  2.1083E+13
  0.82800952767586      2.8926E+17  2.0751E+13
  0.84537872063317      2.9083E+17  2.0834E+13
  0.86273947570969      2.9215E+17  2.0912E+13
  0.88010023864271      2.9601E+17  2.1187E+13
  0.89745255583845      2.9440E+17  2.1069E+13
  0.91481331484323      2.9474E+17  2.1094E+13
  0.93217406991975      2.9958E+17  2.1419E+13
  0.94941672609135      3.0066E+17  2.1510E+13
  0.96670999776289      3.0607E+17  2.1927E+13
  0.98401170338695      3.0029E+17  2.1453E+13
   1.0013049750585      3.0207E+17  2.1557E+13
   1.0186910359208      3.0348E+17  2.1651E+13
   1.0359421339015      3.1029E+17  2.2138E+13
   1.0535728304545      3.0523E+17  2.1767E+13
   1.0709588952451      3.0859E+17  2.2042E+13
   1.0882015514167      2.9838E+17  2.1303E+13
   1.1055032570407      3.0223E+17  2.1549E+13
