#
# Output from LIGHT
#
# Phase versus MJY
  -1.1972829937074      1.0441E+18  5.5213E+13
  -1.1188165162659      1.0410E+18  5.5093E+13
  -1.1015485503802      1.0393E+18  5.5108E+13
  -1.0842721426855      1.0344E+18  5.4868E+13
  -1.0669619991807      1.0463E+18  5.5295E+13
  -1.0496940332950      1.0436E+18  5.5066E+13
  -1.0323923237427      1.0397E+18  5.4969E+13
  -1.0151159160479      1.0441E+18  5.5239E+13
 -0.99782264437640      1.0411E+18  5.4993E+13
 -0.98056311244323      1.0385E+18  5.4902E+13
 -0.96326983684345      1.0395E+18  5.5138E+13
 -0.94598499912444      1.0414E+18  5.4951E+13
 -0.92870859535797      1.0387E+18  5.4925E+13
 -0.91141532368644      1.0164E+18  5.4293E+13
 -0.89411361413412      1.0159E+18  5.9642E+13
 -0.87684564432018      1.0393E+18  5.4824E+13
 -0.85921493991070      1.0269E+18  5.4729E+13
 -0.84227596888217      1.0427E+18  5.5223E+13
 -0.82497425932985      1.0409E+18  5.5005E+13
 -0.80758819061099      1.0455E+18  5.5033E+13
 -0.79035396839192      1.0544E+18  5.5084E+13
 -0.77306913067291      1.0450E+18  5.4904E+13
 -0.75578428902566      1.0393E+18  5.4759E+13
 -0.73850788525918      1.0420E+18  5.4953E+13
 -0.72120617570687      1.0459E+18  5.5034E+13
 -0.70390446615456      1.0421E+18  5.4998E+13
 -0.68664493814964      1.0263E+18  5.4893E+13
 -0.66934322859733      1.0345E+18  5.4804E+13
 -0.65207526271163      1.0354E+18  5.4917E+13
 -0.63476511527854      1.0475E+18  5.5165E+13
 -0.61738748444046      1.0551E+18  5.5029E+13
 -0.60015326222138      1.0664E+18  5.5328E+13
 -0.58285155266907      1.0593E+18  5.5178E+13
 -0.56546548395021      1.0537E+18  5.5296E+13
 -0.54822282777860      1.0530E+18  5.5086E+13
 -0.53093799005960      1.0584E+18  5.5288E+13
 -0.51366158629312      1.0631E+18  5.5406E+13
 -0.49637674857412      1.0510E+18  5.5404E+13
 -0.47909191085511      1.0438E+18  5.4920E+13
 -0.46181551101689      1.0595E+18  5.5184E+13
 -0.44452223541710      1.0560E+18  5.5095E+13
 -0.42550806817400      1.0572E+18  5.5376E+13
 -0.40824010228830      1.1493E+18  5.0000E+13
 -0.39096370245008      1.0399E+18  5.5011E+13
 -0.37367886473107      1.0331E+18  5.5096E+13
 -0.35638559305954      1.0461E+18  5.5472E+13
 -0.33911762717384      1.0645E+18  5.5475E+13
 -0.32149536064515      1.0571E+18  5.5824E+13
 -0.30453107990253      1.0570E+18  5.5540E+13
 -0.28721249851690      1.0449E+18  5.5422E+13
 -0.26996984234530      1.0329E+18  5.5030E+13
 -0.25266813279298      1.0583E+18  5.5421E+13
 -0.23540860085982      1.0516E+18  5.5146E+13
 -0.21812376314081      1.0675E+18  5.5707E+13
 -0.20083892542181      1.0589E+18  5.5456E+13
 -0.18355408770281      1.0445E+18  5.5360E+13
 -0.16628612574536      1.0508E+18  5.5399E+13
 -0.14900128802636      1.0500E+18  5.5519E+13
 -0.13171645030735      1.0647E+18  5.5603E+13
 -0.11444005046913      1.0585E+18  5.5504E+13
  1.43737452805026E-02  1.0381E+18  5.4962E+13
  3.16332732854177E-02  1.0443E+18  5.5346E+13
  4.89096731236423E-02  1.0380E+18  5.5010E+13
  6.61860729618669E-02  1.0369E+18  5.5025E+13
  8.34877825141808E-02  1.0437E+18  5.5315E+13
  0.10075574839988      1.0534E+18  5.5186E+13
  0.11804058219063      1.0383E+18  5.4689E+13
  0.15263556734273      1.0278E+18  5.4801E+13
  0.17000476030003      1.0340E+18  5.5298E+13
  0.18725585435242      1.0400E+18  5.5053E+13
  0.20453225419064      1.0313E+18  5.5192E+13
  0.22182552586217      1.0506E+18  5.4984E+13
  0.23910192570040      1.0227E+18  5.4810E+13
  0.25637832946687      1.0402E+18  5.5090E+13
  0.27369690692425      1.0385E+18  5.5037E+13
  0.29095643492916      1.0272E+18  5.4866E+13
  0.30824127264817      1.0336E+18  5.4984E+13
  0.32551767248639      1.0499E+18  5.5709E+13
  0.34280251020540      1.0301E+18  5.4914E+13
  0.36075376766300      1.0340E+18  5.4967E+13
  0.37804703933454      1.0417E+18  5.5331E+13
  0.39531500522023      1.0430E+18  5.5374E+13
  0.41261671084429      1.0463E+18  5.5341E+13
  0.42990154856330      1.0375E+18  5.5130E+13
  0.44727917940138      1.0537E+18  5.5319E+13
  0.46452183557299      1.0479E+18  5.5467E+13
  0.48180666936374      1.0519E+18  5.5523E+13
  0.49909994496352      1.0565E+18  5.5777E+13
  0.51636790692097      1.0565E+18  5.5558E+13
  0.53366117859250      1.0549E+18  5.5505E+13
  0.55095445026404      1.0646E+18  5.0000E+13
  0.56823085010226      1.0587E+18  5.5358E+13
  0.58549881598796      1.0452E+18  5.5706E+13
  0.60280895949280      1.0484E+18  5.5643E+13
  0.62007692537850      1.0424E+18  5.5391E+13
  0.63735332128847      1.0470E+18  5.5551E+13
  0.65463815900747      1.0514E+18  5.5328E+13
  0.67192299279823      1.0241E+18  5.5040E+13
  0.68919939656470      1.0302E+18  5.5229E+13
  0.70703255118914      1.0379E+18  5.5418E+13
  0.72427521128900      1.0321E+18  5.5449E+13
  0.74156004507975      1.0400E+18  5.5555E+13
  0.75886175463207      1.0403E+18  5.5325E+13
  0.77612971658951      1.0307E+18  5.5098E+13
  0.79340611249949      1.0434E+18  5.5461E+13
  0.81071625993258      1.0558E+18  5.5474E+13
  0.82800952767586      1.0366E+18  5.5282E+13
  0.84537872063317      1.0349E+18  5.5228E+13
  0.86273947570969      1.0373E+18  5.5304E+13
  0.88010023864271      1.0309E+18  5.5172E+13
  0.89745255583845      1.0330E+18  5.5344E+13
  0.91481331484323      1.0450E+18  5.5283E+13
  0.93217406991975      1.0566E+18  5.5565E+13
  0.94941672609135      1.0484E+18  5.5461E+13
  0.96670999776289      1.0419E+18  5.5515E+13
  0.98401170338695      1.0541E+18  5.5350E+13
   1.0013049750585      1.0505E+18  5.5369E+13
   1.0186910359208      1.0456E+18  5.5333E+13
   1.0359421339015      1.0542E+18  5.5741E+13
   1.0535728304545      1.0424E+18  5.5444E+13
   1.0709588952451      1.0364E+18  5.5052E+13
   1.0882015514167      1.0420E+18  5.5290E+13
   1.1055032570407      1.0402E+18  5.5019E+13
