#
# Output from LIGHT
#
# Phase versus MJY
  -1.1972829937074      1.0088E+18  6.0821E+13
  -1.1188165162659      1.0049E+18  5.5506E+13
  -1.1015485503802      1.0081E+18  5.5332E+13
  -1.0842721426855      1.0036E+18  5.5442E+13
  -1.0669619991807      1.0060E+18  5.5447E+13
  -1.0496940332950      1.0058E+18  5.5427E+13
  -1.0323923237427      1.0086E+18  5.5542E+13
  -1.0151159160479      1.0080E+18  6.0833E+13
 -0.99782264437640      1.0126E+18  5.5611E+13
 -0.98056311244323      1.0061E+18  5.5395E+13
 -0.96326983684345      1.0057E+18  6.0688E+13
 -0.94598499912444      1.0083E+18  5.5399E+13
 -0.92870859535797      9.9772E+17  6.0437E+13
 -0.91141532368644      9.7567E+17  6.4107E+13
 -0.89411361413412      9.8307E+17  6.4523E+13
 -0.87684564432018      9.9838E+17  6.0509E+13
 -0.85921493991070      9.7948E+17  6.4529E+13
 -0.84227596888217      9.9424E+17  6.5268E+13
 -0.82497425932985      9.9082E+17  5.9812E+13
 -0.80758819061099      9.9786E+17  6.0449E+13
 -0.79035396839192      1.0140E+18  5.5656E+13
 -0.77306913067291      1.0115E+18  5.5479E+13
 -0.75578428902566      1.0032E+18  6.0596E+13
 -0.73850788525918      1.0082E+18  6.0832E+13
 -0.72120617570687      1.0111E+18  5.5471E+13
 -0.70390446615456      1.0037E+18  6.0726E+13
 -0.68664493814964      9.9196E+17  5.9885E+13
 -0.66934322859733      9.9589E+17  6.0204E+13
 -0.65207526271163      9.9005E+17  6.4960E+13
 -0.63476511527854      1.0157E+18  5.5546E+13
 -0.61738748444046      1.0149E+18  5.5537E+13
 -0.60015326222138      1.0200E+18  5.5524E+13
 -0.58285155266907      1.0189E+18  5.5700E+13
 -0.56546548395021      1.0189E+18  5.5639E+13
 -0.54822282777860      1.0144E+18  5.5643E+13
 -0.53093799005960      1.0237E+18  5.5548E+13
 -0.51366158629312      1.0192E+18  5.5557E+13
 -0.49637674857412      1.0163E+18  5.5460E+13
 -0.47909191085511      1.0128E+18  5.5345E+13
 -0.46181551101689      1.0275E+18  5.0000E+13
 -0.44452223541710      1.0135E+18  5.5605E+13
 -0.42550806817400      1.0009E+18  6.0185E+13
 -0.40824010228830      1.0854E+18  5.0000E+13
 -0.39096370245008      9.9797E+17  6.5542E+13
 -0.37367886473107      1.0181E+18  5.5762E+13
 -0.35638559305954      1.0071E+18  5.5363E+13
 -0.33911762717384      1.0170E+18  5.5539E+13
 -0.32149536064515      1.0225E+18  5.5432E+13
 -0.30453107990253      1.0203E+18  5.5751E+13
 -0.28721249851690      1.0208E+18  5.5526E+13
 -0.26996984234530      1.0040E+18  5.5317E+13
 -0.25266813279298      1.0116E+18  5.5491E+13
 -0.23540860085982      1.0234E+18  5.0000E+13
 -0.21812376314081      1.0162E+18  5.5739E+13
 -0.20083892542181      1.0109E+18  5.5658E+13
 -0.18355408770281      1.0057E+18  6.0917E+13
 -0.16628612574536      1.0145E+18  5.5665E+13
 -0.14900128802636      1.0075E+18  6.0455E+13
 -0.13171645030735      1.0164E+18  5.5590E+13
 -0.11444005046913      1.0139E+18  5.5576E+13
  1.43737452805026E-02  9.9080E+17  6.4473E+13
  3.16332732854177E-02  1.0016E+18  6.0242E+13
  4.89096731236423E-02  1.0045E+18  6.5407E+13
  6.61860729618669E-02  1.0032E+18  6.0363E+13
  8.34877825141808E-02  1.0045E+18  5.5379E+13
  0.10075574839988      1.0052E+18  6.0389E+13
  0.11804058219063      9.9653E+17  6.5269E+13
  0.15263556734273      9.9058E+17  6.5190E+13
  0.17000476030003      9.7821E+17  6.4388E+13
  0.18725585435242      9.8700E+17  6.0134E+13
  0.20453225419064      9.9096E+17  6.0070E+13
  0.22182552586217      1.0104E+18  5.5594E+13
  0.23910192570040      9.8261E+17  6.4591E+13
  0.25637832946687      9.8618E+17  6.4873E+13
  0.27369690692425      9.8942E+17  6.4885E+13
  0.29095643492916      9.8966E+17  6.0007E+13
  0.30824127264817      9.8182E+17  6.4452E+13
  0.32551767248639      1.0035E+18  6.0732E+13
  0.34280251020540      9.9140E+17  6.5174E+13
  0.36075376766300      9.9927E+17  6.0598E+13
  0.37804703933454      9.8523E+17  6.4783E+13
  0.39531500522023      9.9728E+17  6.0285E+13
  0.41261671084429      9.9300E+17  6.0323E+13
  0.42990154856330      9.9743E+17  6.0453E+13
  0.44727917940138      1.0074E+18  6.0755E+13
  0.46452183557299      9.9910E+17  6.0503E+13
  0.48180666936374      1.0178E+18  5.0000E+13
  0.49909994496352      1.0181E+18  5.0000E+13
  0.51636790692097      1.0174E+18  5.0000E+13
  0.53366117859250      1.0206E+18  5.0000E+13
  0.55095445026404      1.0222E+18  5.0000E+13
  0.56823085010226      1.0114E+18  5.5737E+13
  0.58549881598796      1.0001E+18  6.0891E+13
  0.60280895949280      1.0061E+18  6.0770E+13
  0.62007692537850      9.9891E+17  6.0804E+13
  0.63735332128847      1.0021E+18  6.0859E+13
  0.65463815900747      1.0087E+18  5.5829E+13
  0.67192299279823      9.8839E+17  6.5009E+13
  0.68919939656470      9.8698E+17  6.5006E+13
  0.70703255118914      1.0015E+18  6.0948E+13
  0.72427521128900      9.8731E+17  6.0233E+13
  0.74156004507975      9.9626E+17  6.0451E+13
  0.75886175463207      9.9064E+17  6.0199E+13
  0.77612971658951      9.8894E+17  6.5146E+13
  0.79340611249949      9.9927E+17  6.0698E+13
  0.81071625993258      1.0077E+18  5.5366E+13
  0.82800952767586      9.9993E+17  6.0476E+13
  0.84537872063317      9.9030E+17  6.0195E+13
  0.86273947570969      9.9328E+17  6.5410E+13
  0.88010023864271      9.8899E+17  6.0163E+13
  0.89745255583845      9.9619E+17  6.0533E+13
  0.91481331484323      9.9929E+17  6.0607E+13
  0.93217406991975      1.0077E+18  5.5383E+13
  0.94941672609135      1.0103E+18  5.5731E+13
  0.96670999776289      9.9765E+17  6.0589E+13
  0.98401170338695      1.0075E+18  6.0653E+13
   1.0013049750585      1.0003E+18  5.5522E+13
   1.0186910359208      1.0047E+18  6.0745E+13
   1.0359421339015      1.0018E+18  5.5204E+13
   1.0535728304545      1.0102E+18  5.5352E+13
   1.0709588952451      1.0030E+18  6.0812E+13
   1.0882015514167      9.9127E+17  6.0059E+13
   1.1055032570407      1.0085E+18  5.5345E+13
