#
# Output from LIGHT
#
# Phase versus MJY
  -1.1972829937074      3.2692E+18  5.0000E+13
  -1.1188165162659      3.2951E+18  5.0000E+13
  -1.1015485503802      3.3038E+18  5.0000E+13
  -1.0842721426855      3.2969E+18  5.0000E+13
  -1.0669619991807      3.2931E+18  5.0000E+13
  -1.0496940332950      3.2906E+18  5.0000E+13
  -1.0323923237427      3.3120E+18  5.0000E+13
  -1.0151159160479      3.3107E+18  5.0000E+13
 -0.99782264437640      3.3037E+18  5.0000E+13
 -0.98056311244323      3.3013E+18  5.0000E+13
 -0.96326983684345      3.2976E+18  5.0000E+13
 -0.94598499912444      3.2982E+18  5.0000E+13
 -0.92870859535797      3.2401E+18  5.0000E+13
 -0.91141532368644      3.2502E+18  5.0000E+13
 -0.89411361413412      3.3189E+18  5.0000E+13
 -0.87684564432018      3.2359E+18  5.0000E+13
 -0.85921493991070      3.0743E+18  5.0000E+13
 -0.84227596888217      3.1910E+18  5.0000E+13
 -0.82497425932985      3.1791E+18  5.0000E+13
 -0.80758819061099      3.2032E+18  5.0000E+13
 -0.79035396839192      3.2068E+18  5.0000E+13
 -0.77306913067291      3.3040E+18  5.0000E+13
 -0.75578428902566      3.2955E+18  5.0000E+13
 -0.73850788525918      3.2853E+18  5.0000E+13
 -0.72120617570687      3.3083E+18  5.0000E+13
 -0.70390446615456      3.2940E+18  5.0000E+13
 -0.68664493814964      3.2407E+18  5.0000E+13
 -0.66934322859733      3.2652E+18  5.0000E+13
 -0.65207526271163      3.2667E+18  5.0000E+13
 -0.63476511527854      3.3241E+18  5.0000E+13
 -0.61738748444046      3.2876E+18  5.0000E+13
 -0.60015326222138      3.2278E+18  5.0000E+13
 -0.58285155266907      3.2446E+18  5.0000E+13
 -0.56546548395021      3.2443E+18  5.0000E+13
 -0.54822282777860      3.4014E+18  5.0000E+13
 -0.53093799005960      3.3394E+18  5.0000E+13
 -0.51366158629312      3.3072E+18  5.0000E+13
 -0.49637674857412      3.3142E+18  5.0000E+13
 -0.47909191085511      3.2702E+18  5.0000E+13
 -0.46181551101689      3.3163E+18  5.0000E+13
 -0.44452223541710      3.2953E+18  5.0000E+13
 -0.42550806817400      3.2740E+18  5.0000E+13
 -0.40824010228830      3.4876E+18  5.0000E+13
 -0.39096370245008      3.2720E+18  5.0000E+13
 -0.37367886473107      3.2992E+18  5.0000E+13
 -0.35638559305954      3.2835E+18  5.0000E+13
 -0.33911762717384      3.3137E+18  5.0000E+13
 -0.32149536064515      3.2857E+18  5.0000E+13
 -0.30453107990253      3.3837E+18  5.0000E+13
 -0.28721249851690      3.3547E+18  5.0000E+13
 -0.26996984234530      3.2615E+18  5.0000E+13
 -0.25266813279298      3.2884E+18  5.0000E+13
 -0.23540860085982      3.2246E+18  5.0000E+13
 -0.21812376314081      3.2883E+18  5.0000E+13
 -0.20083892542181      3.2551E+18  5.0000E+13
 -0.18355408770281      3.2742E+18  5.0000E+13
 -0.16628612574536      3.2965E+18  5.0000E+13
 -0.14900128802636      3.2993E+18  5.0000E+13
 -0.13171645030735      3.2679E+18  5.0000E+13
 -0.11444005046913      3.3542E+18  5.0000E+13
  1.43737452805026E-02  3.3285E+18  5.0000E+13
  3.16332732854177E-02  3.3262E+18  5.0000E+13
  4.89096731236423E-02  3.3063E+18  5.0000E+13
  6.61860729618669E-02  3.3711E+18  5.0000E+13
  8.34877825141808E-02  3.3196E+18  5.0000E+13
  0.10075574839988      3.3143E+18  5.0000E+13
  0.11804058219063      3.3092E+18  5.0000E+13
  0.15263556734273      3.3088E+18  5.0000E+13
  0.17000476030003      3.2866E+18  5.0000E+13
  0.18725585435242      3.2957E+18  5.0000E+13
  0.20453225419064      3.3224E+18  5.0000E+13
  0.22182552586217      3.3650E+18  5.0000E+13
  0.23910192570040      3.2424E+18  5.0000E+13
  0.25637832946687      3.2557E+18  5.0000E+13
  0.27369690692425      3.2680E+18  5.0000E+13
  0.29095643492916      3.2806E+18  5.0000E+13
  0.30824127264817      3.2424E+18  5.0000E+13
  0.32551767248639      3.2898E+18  5.0000E+13
  0.34280251020540      3.2906E+18  5.0000E+13
  0.36075376766300      3.3163E+18  5.0000E+13
  0.37804703933454      3.2707E+18  5.0000E+13
  0.39531500522023      3.2858E+18  5.0000E+13
  0.41261671084429      3.2859E+18  5.0000E+13
  0.42990154856330      3.2969E+18  5.0000E+13
  0.44727917940138      3.3538E+18  5.0000E+13
  0.46452183557299      3.2967E+18  5.0000E+13
  0.48180666936374      3.3474E+18  5.0000E+13
  0.49909994496352      3.3628E+18  5.0000E+13
  0.51636790692097      3.3626E+18  5.0000E+13
  0.53366117859250      3.3785E+18  5.0000E+13
  0.55095445026404      3.3595E+18  5.0000E+13
  0.56823085010226      3.3631E+18  5.0000E+13
  0.58549881598796      3.3028E+18  5.0000E+13
  0.60280895949280      3.3039E+18  5.0000E+13
  0.62007692537850      3.2966E+18  5.0000E+13
  0.63735332128847      3.3036E+18  5.0000E+13
  0.65463815900747      3.3482E+18  5.0000E+13
  0.67192299279823      3.2759E+18  5.0000E+13
  0.68919939656470      3.2874E+18  5.0000E+13
  0.70703255118914      3.2976E+18  5.0000E+13
  0.72427521128900      3.2806E+18  5.0000E+13
  0.74156004507975      3.3075E+18  5.0000E+13
  0.75886175463207      3.2914E+18  5.0000E+13
  0.77612971658951      3.2896E+18  5.0000E+13
  0.79340611249949      3.3339E+18  5.0000E+13
  0.81071625993258      3.3280E+18  5.0000E+13
  0.82800952767586      3.3027E+18  5.0000E+13
  0.84537872063317      3.2854E+18  5.0000E+13
  0.86273947570969      3.2709E+18  5.0000E+13
  0.88010023864271      3.2768E+18  5.0000E+13
  0.89745255583845      3.2807E+18  5.0000E+13
  0.91481331484323      3.2913E+18  5.0000E+13
  0.93217406991975      3.3168E+18  5.0000E+13
  0.94941672609135      3.3278E+18  5.0000E+13
  0.96670999776289      3.2823E+18  5.0000E+13
  0.98401170338695      3.3126E+18  5.0000E+13
   1.0013049750585      3.3136E+18  5.0000E+13
   1.0186910359208      3.2802E+18  5.0000E+13
   1.0359421339015      3.2713E+18  5.0000E+13
   1.0535728304545      3.2782E+18  5.0000E+13
   1.0709588952451      3.2648E+18  5.0000E+13
   1.0882015514167      3.2885E+18  5.0000E+13
   1.1055032570407      3.3050E+18  5.0000E+13
