#
# Output from LIGHT
#
# Phase versus MJY
  -1.1972829937074      3.1470E+18  5.0000E+13
  -1.1188165162659      3.1500E+18  5.0000E+13
  -1.1015485503802      3.1315E+18  5.0000E+13
  -1.0842721426855      3.1692E+18  5.0000E+13
  -1.0669619991807      3.1574E+18  5.0000E+13
  -1.0496940332950      3.1610E+18  5.0000E+13
  -1.0323923237427      3.1772E+18  5.0000E+13
  -1.0151159160479      3.1351E+18  5.0000E+13
 -0.99782264437640      3.1803E+18  5.0000E+13
 -0.98056311244323      3.1637E+18  5.0000E+13
 -0.96326983684345      3.1406E+18  5.0000E+13
 -0.94598499912444      3.1469E+18  5.0000E+13
 -0.92870859535797      3.1043E+18  5.0000E+13
 -0.91141532368644      2.9071E+18  5.0000E+13
 -0.89411361413412      3.1043E+18  5.0000E+13
 -0.87684564432018      3.1019E+18  5.0000E+13
 -0.85921493991070      3.0503E+18  5.0000E+13
 -0.84227596888217      3.0831E+18  5.0000E+13
 -0.82497425932985      3.0595E+18  5.0000E+13
 -0.80758819061099      3.0712E+18  5.0000E+13
 -0.79035396839192      3.0353E+18  5.0000E+13
 -0.77306913067291      3.0526E+18  5.0000E+13
 -0.75578428902566      3.1157E+18  5.0000E+13
 -0.73850788525918      3.0794E+18  5.0000E+13
 -0.72120617570687      3.2277E+18  5.0000E+13
 -0.70390446615456      3.1902E+18  5.0000E+13
 -0.68664493814964      3.1643E+18  5.0000E+13
 -0.66934322859733      3.1721E+18  5.0000E+13
 -0.65207526271163      3.1226E+18  5.0000E+13
 -0.63476511527854      3.1303E+18  5.0000E+13
 -0.61738748444046      3.1125E+18  5.0000E+13
 -0.60015326222138      3.0824E+18  5.0000E+13
 -0.58285155266907      3.0797E+18  5.0000E+13
 -0.56546548395021      3.1230E+18  5.0000E+13
 -0.54822282777860      3.0920E+18  5.0000E+13
 -0.53093799005960      3.2601E+18  5.0000E+13
 -0.51366158629312      3.2815E+18  5.0000E+13
 -0.49637674857412      3.0699E+18  5.0000E+13
 -0.47909191085511      3.0875E+18  5.0000E+13
 -0.46181551101689      3.2463E+18  5.0000E+13
 -0.44452223541710      3.0672E+18  5.0000E+13
 -0.42550806817400      3.1898E+18  5.0000E+13
 -0.40824010228830      3.3210E+18  5.0000E+13
 -0.39096370245008      3.1532E+18  5.0000E+13
 -0.37367886473107      3.1324E+18  5.0000E+13
 -0.35638559305954      3.1320E+18  5.0000E+13
 -0.33911762717384      3.1364E+18  5.0000E+13
 -0.32149536064515      3.1473E+18  5.0000E+13
 -0.30453107990253      3.1761E+18  5.0000E+13
 -0.28721249851690      3.1909E+18  5.0000E+13
 -0.26996984234530      3.2347E+18  5.0000E+13
 -0.25266813279298      3.1382E+18  5.0000E+13
 -0.23540860085982      3.1178E+18  5.0000E+13
 -0.21812376314081      3.1666E+18  5.0000E+13
 -0.20083892542181      3.1436E+18  5.0000E+13
 -0.18355408770281      3.1893E+18  5.0000E+13
 -0.16628612574536      3.2611E+18  5.0000E+13
 -0.14900128802636      3.1438E+18  5.0000E+13
 -0.13171645030735      3.1411E+18  5.0000E+13
 -0.11444005046913      3.1625E+18  5.0000E+13
  1.43737452805026E-02  3.1709E+18  5.0000E+13
  3.16332732854177E-02  3.1851E+18  5.0000E+13
  4.89096731236423E-02  3.1780E+18  5.0000E+13
  6.61860729618669E-02  3.1973E+18  5.0000E+13
  8.34877825141808E-02  3.1767E+18  5.0000E+13
  0.10075574839988      3.1554E+18  5.0000E+13
  0.11804058219063      3.1848E+18  5.0000E+13
  0.15263556734273      3.1659E+18  5.0000E+13
  0.17000476030003      3.1531E+18  5.0000E+13
  0.18725585435242      3.2047E+18  5.0000E+13
  0.20453225419064      3.1954E+18  5.0000E+13
  0.22182552586217      3.3263E+18  5.0000E+13
  0.23910192570040      3.1603E+18  5.0000E+13
  0.25637832946687      3.1733E+18  5.0000E+13
  0.27369690692425      3.2056E+18  5.0000E+13
  0.29095643492916      3.1390E+18  5.0000E+13
  0.30824127264817      3.1011E+18  5.0000E+13
  0.32551767248639      3.1508E+18  5.0000E+13
  0.34280251020540      3.1885E+18  5.0000E+13
  0.36075376766300      3.1821E+18  5.0000E+13
  0.37804703933454      3.1590E+18  5.0000E+13
  0.39531500522023      3.1249E+18  5.0000E+13
  0.41261671084429      3.1300E+18  5.0000E+13
  0.42990154856330      3.1366E+18  5.0000E+13
  0.44727917940138      3.2056E+18  5.0000E+13
  0.46452183557299      3.1481E+18  5.0000E+13
  0.48180666936374      3.1961E+18  5.0000E+13
  0.49909994496352      3.1662E+18  5.0000E+13
  0.51636790692097      3.1850E+18  5.0000E+13
  0.53366117859250      3.1907E+18  5.0000E+13
  0.55095445026404      3.1840E+18  5.0000E+13
  0.56823085010226      3.1835E+18  5.0000E+13
  0.58549881598796      3.1230E+18  5.0000E+13
  0.60280895949280      3.1152E+18  5.0000E+13
  0.62007692537850      3.1264E+18  5.0000E+13
  0.63735332128847      3.1452E+18  5.0000E+13
  0.65463815900747      3.1638E+18  5.0000E+13
  0.67192299279823      3.0510E+18  5.0000E+13
  0.68919939656470      3.1076E+18  5.0000E+13
  0.70703255118914      3.1322E+18  5.0000E+13
  0.72427521128900      3.0936E+18  5.0000E+13
  0.74156004507975      3.1424E+18  5.0000E+13
  0.75886175463207      3.1294E+18  5.0000E+13
  0.77612971658951      3.1247E+18  5.0000E+13
  0.79340611249949      3.1632E+18  5.0000E+13
  0.81071625993258      3.1460E+18  5.0000E+13
  0.82800952767586      3.1234E+18  5.0000E+13
  0.84537872063317      3.1330E+18  5.0000E+13
  0.86273947570969      3.1066E+18  5.0000E+13
  0.88010023864271      3.0720E+18  5.0000E+13
  0.89745255583845      3.1193E+18  5.0000E+13
  0.91481331484323      3.1068E+18  5.0000E+13
  0.93217406991975      3.1490E+18  5.0000E+13
  0.94941672609135      3.1576E+18  5.0000E+13
  0.96670999776289      3.1330E+18  5.0000E+13
  0.98401170338695      3.1611E+18  5.0000E+13
   1.0013049750585      3.1708E+18  5.0000E+13
   1.0186910359208      3.1465E+18  5.0000E+13
   1.0359421339015      3.1354E+18  5.0000E+13
   1.0535728304545      3.1581E+18  5.0000E+13
   1.0709588952451      3.1120E+18  5.0000E+13
   1.0882015514167      3.1113E+18  5.0000E+13
   1.1055032570407      3.1555E+18  5.0000E+13
